# istep , time , K , V , E , T , H_eff, P
1 10.000000 4.807345 -70.784361 -65.977016 7906.456412 -65.977016 0.001001
2 20.000000 4.615450 -70.794969 -66.179519 7590.852618 -66.179519 0.001009
3 30.000000 4.772560 -70.820762 -66.048202 7849.245966 -66.048202 0.001012
4 40.000000 4.884445 -70.852477 -65.968032 8033.259571 -65.968032 0.001014
5 50.000000 4.913829 -70.878064 -65.964235 8081.586390 -65.964235 0.001015
6 60.000000 5.011282 -70.893681 -65.882399 8241.862255 -65.882399 0.001018
7 70.000000 4.916186 -70.901274 -65.985088 8085.463076 -65.985088 0.001023
8 80.000000 4.972423 -70.899574 -65.927150 8177.953224 -65.927150 0.001026
9 90.000000 4.882608 -70.898937 -66.016329 8030.238410 -66.016329 0.001030
10 100.000000 4.937913 -70.895095 -65.957182 8121.195732 -65.957182 0.001031
11 110.000000 4.765579 -70.891333 -66.125754 7837.764365 -66.125754 0.001030
12 120.000000 4.553286 -70.883639 -66.330353 7488.614229 -66.330353 0.001031
13 130.000000 4.556068 -70.875166 -66.319099 7493.189773 -66.319099 0.001027
14 140.000000 4.460609 -70.852103 -66.391494 7336.191600 -66.391494 0.001025
15 150.000000 4.329283 -70.820416 -66.491133 7120.205795 -66.491133 0.001023
16 160.000000 4.097878 -70.799843 -66.701964 6739.622846 -66.701964 0.001020
17 170.000000 4.188040 -70.801443 -66.613404 6887.908319 -66.613404 0.001016
18 180.000000 4.230197 -70.827678 -66.597480 6957.243161 -66.597480 0.001006
19 190.000000 4.323765 -70.872926 -66.549161 7111.130816 -66.549161 0.000990
20 200.000000 4.272989 -70.915050 -66.642061 7027.620239 -66.642061 0.000975
21 210.000000 4.222972 -70.955908 -66.732936 6945.359165 -66.732936 0.000965
22 220.000000 4.149891 -70.999151 -66.849260 6825.166721 -66.849260 0.000961
23 230.000000 4.523975 -71.046747 -66.522772 7440.408016 -66.522772 0.000959
24 240.000000 4.600370 -71.087501 -66.487132 7566.051349 -66.487132 0.000967
25 250.000000 4.557283 -71.127484 -66.570201 7495.188920 -66.570201 0.000985
26 260.000000 4.550800 -71.164458 -66.613658 7484.526480 -66.613658 0.001004
27 270.000000 4.689329 -71.202597 -66.513268 7712.359526 -66.513268 0.001032
28 280.000000 4.395797 -71.226583 -66.830786 7229.598900 -66.830786 0.001063
29 290.000000 4.467382 -71.238875 -66.771494 7347.330862 -66.771494 0.001096
30 300.000000 4.557111 -71.258532 -66.701421 7494.905401 -66.701421 0.001124
31 310.000000 4.686881 -71.278115 -66.591234 7708.332814 -66.591234 0.001149
32 320.000000 4.684289 -71.296790 -66.612501 7704.070724 -66.612501 0.001174
33 330.000000 4.608630 -71.324280 -66.715650 7579.636853 -66.715650 0.001189
34 340.000000 4.611743 -71.355074 -66.743331 7584.756367 -66.743331 0.001199
35 350.000000 4.644890 -71.385605 -66.740715 7639.272300 -66.740715 0.001202
36 360.000000 4.727976 -71.422893 -66.694917 7775.920264 -66.694917 0.001200
37 370.000000 4.893339 -71.466791 -66.573452 8047.886938 -66.573452 0.001190
38 380.000000 5.041362 -71.491720 -66.450358 8291.333858 -66.450358 0.001182
39 390.000000 4.885962 -71.477392 -66.591430 8035.754020 -66.591430 0.001180
40 400.000000 4.999044 -71.431980 -66.432935 8221.736446 -66.432935 0.001181
41 410.000000 4.751003 -71.383098 -66.632095 7813.791835 -66.632095 0.001177
42 420.000000 4.688288 -71.339646 -66.651358 7710.647298 -66.651358 0.001168
43 430.000000 4.562188 -71.307644 -66.745456 7503.255292 -66.745456 0.001156
44 440.000000 4.400007 -71.293253 -66.893246 7236.522534 -66.893246 0.001139
45 450.000000 4.333719 -71.278120 -66.944401 7127.501655 -66.944401 0.001125
46 460.000000 4.319374 -71.252685 -66.933311 7103.907688 -66.933311 0.001112
47 470.000000 4.373723 -71.260924 -66.887201 7193.293667 -66.887201 0.001098
48 480.000000 4.461831 -71.298348 -66.836517 7338.201549 -66.836517 0.001080
49 490.000000 4.599174 -71.317639 -66.718466 7564.084132 -66.718466 0.001067
50 500.000000 4.554460 -71.327142 -66.772683 7490.545019 -66.772683 0.001059
51 510.000000 4.580101 -71.298528 -66.718427 7532.715561 -66.718427 0.001056
52 520.000000 4.490015 -71.259286 -66.769271 7384.555016 -66.769271 0.001062
53 530.000000 4.553789 -71.217911 -66.664123 7489.441160 -66.664123 0.001071
54 540.000000 4.538840 -71.175527 -66.636687 7464.855357 -66.636687 0.001079
55 550.000000 4.495435 -71.145383 -66.649948 7393.469238 -66.649948 0.001081
56 560.000000 4.569977 -71.132599 -66.562622 7516.066168 -66.562622 0.001081
57 570.000000 4.664767 -71.121055 -66.456289 7671.962556 -66.456289 0.001086
58 580.000000 4.997038 -71.108097 -66.111059 8218.436307 -66.111059 0.001092
59 590.000000 4.979086 -71.088658 -66.109572 8188.911840 -66.109572 0.001106
60 600.000000 4.929805 -71.054017 -66.124212 8107.860980 -66.124212 0.001124
61 610.000000 4.606588 -71.008869 -66.402280 7576.278921 -66.402280 0.001146
62 620.000000 4.482656 -70.957267 -66.474611 7372.451605 -66.474611 0.001162
63 630.000000 4.528484 -70.916467 -66.387984 7447.823090 -66.387984 0.001171
64 640.000000 4.490635 -70.881608 -66.390973 7385.575160 -66.390973 0.001174
65 650.000000 4.501970 -70.873564 -66.371594 7404.217602 -66.371594 0.001172
66 660.000000 4.315329 -70.873874 -66.558545 7097.255772 -66.558545 0.001167
67 670.000000 4.428715 -70.874802 -66.446086 7283.738216 -66.446086 0.001156
68 680.000000 4.541427 -70.880558 -66.339131 7469.109864 -66.339131 0.001148
69 690.000000 4.454699 -70.881545 -66.426845 7326.473123 -66.426845 0.001137
70 700.000000 4.482877 -70.873076 -66.390199 7372.816210 -66.390199 0.001131
71 710.000000 4.474902 -70.868033 -66.393131 7359.699598 -66.393131 0.001125
72 720.000000 4.487203 -70.865765 -66.378562 7379.929819 -66.378562 0.001118
73 730.000000 4.475865 -70.862217 -66.386352 7361.282509 -66.386352 0.001113
74 740.000000 4.659600 -70.871298 -66.211698 7663.465139 -66.211698 0.001114
75 750.000000 4.751794 -70.882101 -66.130307 7815.093833 -66.130307 0.001115
76 760.000000 4.832021 -70.900225 -66.068204 7947.039378 -66.068204 0.001119
77 770.000000 5.022562 -70.912788 -65.890226 8260.414579 -65.890226 0.001121
78 780.000000 4.955113 -70.917776 -65.962663 8149.483675 -65.962663 0.001127
79 790.000000 4.814037 -70.921243 -66.107206 7917.461690 -66.107206 0.001133
80 800.000000 4.783451 -70.932615 -66.149164 7867.158345 -66.149164 0.001138
81 810.000000 4.533365 -70.940685 -66.407319 7455.851840 -66.407319 0.001150
82 820.000000 4.532395 -70.942275 -66.409880 7454.255185 -66.409880 0.001158
83 830.000000 4.543797 -70.928210 -66.384413 7473.008699 -66.384413 0.001167
84 840.000000 4.588319 -70.910411 -66.322092 7546.232201 -66.322092 0.001173
85 850.000000 4.599294 -70.901329 -66.302035 7564.282683 -66.302035 0.001176
86 860.000000 4.693907 -70.905203 -66.211297 7719.887738 -66.211297 0.001171
87 870.000000 4.492940 -70.921191 -66.428251 7389.366124 -66.428251 0.001161
88 880.000000 4.557419 -70.928218 -66.370799 7495.411249 -66.370799 0.001154
89 890.000000 4.834023 -70.937925 -66.103903 7950.331658 -66.103903 0.001142
90 900.000000 4.978662 -70.947844 -65.969181 8188.214831 -65.969181 0.001128
91 910.000000 4.888607 -70.952218 -66.063611 8040.103804 -66.063611 0.001110
92 920.000000 4.850075 -70.943312 -66.093237 7976.731805 -66.093237 0.001094
93 930.000000 4.789350 -70.914112 -66.124762 7876.859224 -66.124762 0.001081
94 940.000000 4.833034 -70.860880 -66.027846 7948.704827 -66.027846 0.001077
95 950.000000 4.705945 -70.793055 -66.087110 7739.686681 -66.087110 0.001074
96 960.000000 4.564949 -70.718583 -66.153634 7507.796457 -66.153634 0.001076
97 970.000000 4.528673 -70.661675 -66.133002 7448.135182 -66.133002 0.001077
98 980.000000 4.381448 -70.641323 -66.259875 7205.999127 -66.259875 0.001074
99 990.000000 4.376164 -70.638973 -66.262809 7197.309495 -66.262809 0.001070
100 1000.000000 4.428966 -70.634488 -66.205522 7284.150557 -66.205522 0.001069
101 1010.000000 4.527241 -70.620724 -66.093483 7445.778697 -66.093483 0.001068
102 1020.000000 4.748522 -70.608720 -65.860198 7809.712005 -65.860198 0.001067
103 1030.000000 4.714291 -70.599983 -65.885693 7753.412674 -65.885693 0.001067
104 1040.000000 4.523181 -70.580449 -66.057267 7439.102549 -66.057267 0.001069
105 1050.000000 4.382132 -70.558921 -66.176789 7207.123522 -66.176789 0.001065
106 1060.000000 4.313132 -70.541741 -66.228609 7093.641835 -66.228609 0.001057
107 1070.000000 4.467321 -70.529365 -66.062044 7347.231893 -66.062044 0.001048
108 1080.000000 4.542718 -70.514537 -65.971819 7471.234215 -65.971819 0.001033
109 1090.000000 4.528740 -70.490786 -65.962046 7448.244761 -65.962046 0.001019
110 1100.000000 4.595977 -70.462980 -65.867003 7558.826153 -65.867003 0.001004
111 1110.000000 4.787070 -70.442337 -65.655267 7873.110016 -65.655267 0.000984
112 1120.000000 4.751466 -70.435247 -65.683781 7814.553526 -65.683781 0.000961
113 1130.000000 4.773784 -70.436901 -65.663117 7851.258786 -65.663117 0.000943
114 1140.000000 4.560059 -70.438615 -65.878557 7499.753182 -65.878557 0.000927
115 1150.000000 4.556312 -70.447691 -65.891379 7493.590786 -65.891379 0.000919
116 1160.000000 4.493864 -70.450457 -65.956593 7390.884885 -65.956593 0.000915
117 1170.000000 4.647331 -70.452617 -65.805286 7643.286359 -65.805286 0.000919
118 1180.000000 4.767609 -70.443337 -65.675727 7841.104126 -65.675727 0.000929
119 1190.000000 4.737887 -70.425488 -65.687601 7792.220060 -65.687601 0.000939
120 1200.000000 4.734825 -70.410739 -65.675913 7787.185580 -65.675913 0.000955
121 1210.000000 4.957331 -70.404320 -65.446988 8153.132641 -65.446988 0.000978
122 1220.000000 5.008343 -70.397241 -65.388898 8237.029633 -65.388898 0.001006
123 1230.000000 5.001482 -70.392753 -65.391271 8225.744838 -65.391271 0.001028
124 1240.000000 4.819626 -70.395199 -65.575573 7926.653598 -65.575573 0.001050
125 1250.000000 4.785925 -70.401918 -65.615993 7871.226854 -65.615993 0.001068
126 1260.000000 4.633269 -70.420866 -65.787597 7620.159475 -65.787597 0.001082
127 1270.000000 4.800491 -70.460379 -65.659889 7895.182477 -65.659889 0.001089
128 1280.000000 4.780566 -70.502534 -65.721969 7862.412732 -65.721969 0.001093
129 1290.000000 4.750738 -70.545844 -65.795106 7813.356870 -65.795106 0.001096
130 1300.000000 4.716094 -70.582826 -65.866732 7756.378214 -65.866732 0.001095
131 1310.000000 4.647094 -70.616224 -65.969130 7642.897451 -65.969130 0.001099
132 1320.000000 4.779445 -70.643162 -65.863717 7860.569521 -65.863717 0.001103
133 1330.000000 4.718474 -70.667651 -65.949176 7760.293320 -65.949176 0.001111
134 1340.000000 4.811763 -70.684853 -65.873091 7913.721392 -65.873091 0.001120
135 1350.000000 4.919219 -70.709369 -65.790150 8090.449957 -65.790150 0.001129
136 1360.000000 4.975794 -70.722858 -65.747064 8183.497939 -65.747064 0.001136
137 1370.000000 4.947710 -70.730465 -65.782755 8137.308788 -65.782755 0.001145
138 1380.000000 5.157667 -70.754714 -65.597046 8482.617572 -65.597046 0.001150
139 1390.000000 5.268107 -70.798797 -65.530689 8664.253349 -65.530689 0.001148
140 1400.000000 5.566028 -70.855952 -65.289924 9154.233027 -65.289924 0.001145
141 1410.000000 5.605075 -70.908791 -65.303716 9218.451342 -65.303716 0.001144
142 1420.000000 5.578522 -70.937131 -65.358609 9174.781434 -65.358609 0.001147
143 1430.000000 5.440336 -70.941727 -65.501391 8947.510926 -65.501391 0.001155
144 1440.000000 5.325649 -70.934078 -65.608429 8758.889716 -65.608429 0.001160
145 1450.000000 5.331819 -70.922736 -65.590916 8769.038088 -65.590916 0.001164
146 1460.000000 5.412323 -70.906063 -65.493741 8901.439099 -65.493741 0.001166
147 1470.000000 5.289100 -70.886683 -65.597583 8698.779910 -65.597583 0.001173
148 1480.000000 5.138529 -70.868748 -65.730218 8451.142059 -65.730218 0.001180
149 1490.000000 5.175819 -70.839795 -65.663977 8512.469924 -65.663977 0.001187
150 1500.000000 4.957202 -70.802959 -65.845757 8152.919315 -65.845757 0.001193
151 1510.000000 4.826376 -70.773200 -65.946824 7937.755402 -65.946824 0.001198
152 1520.000000 4.814829 -70.751089 -65.936260 7918.763676 -65.936260 0.001203
153 1530.000000 4.865876 -70.715989 -65.850113 8002.720143 -65.850113 0.001207
154 1540.000000 4.931362 -70.678878 -65.747516 8110.421102 -65.747516 0.001208
155 1550.000000 5.107062 -70.661429 -65.554367 8399.389507 -65.554367 0.001201
156 1560.000000 5.248944 -70.664802 -65.415858 8632.737324 -65.415858 0.001186
157 1570.000000 5.337145 -70.720101 -65.382956 8777.796935 -65.382956 0.001158
158 1580.000000 5.463154 -70.786943 -65.323789 8985.039540 -65.323789 0.001127
159 1590.000000 5.468766 -70.836859 -65.368094 8994.268795 -65.368094 0.001101
160 1600.000000 5.510508 -70.877219 -65.366711 9062.921366 -65.366711 0.001081
161 1610.000000 5.460319 -70.900688 -65.440369 8980.377596 -65.440369 0.001064
162 1620.000000 5.344693 -70.915021 -65.570329 8790.210643 -65.570329 0.001053
163 1630.000000 5.488163 -70.917136 -65.428972 9026.171442 -65.428972 0.001046
164 1640.000000 5.453308 -70.913827 -65.460520 8968.845437 -65.460520 0.001047
165 1650.000000 5.643551 -70.895850 -65.252299 9281.731069 -65.252299 0.001054
166 1660.000000 5.225713 -70.876692 -65.650979 8594.528966 -65.650979 0.001066
167 1670.000000 5.282590 -70.848516 -65.565926 8688.072882 -65.565926 0.001081
168 1680.000000 5.201871 -70.827805 -65.625935 8555.316635 -65.625935 0.001091
169 1690.000000 5.141188 -70.818511 -65.677322 8455.515082 -65.677322 0.001100
170 1700.000000 5.199987 -70.813637 -65.613650 8552.219378 -65.613650 0.001107
171 1710.000000 5.075356 -70.807588 -65.732231 8347.243730 -65.732231 0.001108
172 1720.000000 5.127685 -70.794508 -65.666823 8433.306337 -65.666823 0.001105
173 1730.000000 5.164438 -70.789457 -65.625019 8493.753094 -65.625019 0.001097
174 1740.000000 5.154629 -70.800560 -65.645932 8477.619594 -65.645932 0.001086
175 1750.000000 5.150240 -70.827282 -65.677042 8470.401721 -65.677042 0.001072
176 1760.000000 5.089301 -70.847169 -65.757868 8370.178500 -65.757868 0.001059
177 1770.000000 5.100158 -70.843011 -65.742853 8388.034397 -65.742853 0.001044
178 1780.000000 5.127170 -70.825053 -65.697883 8432.460212 -65.697883 0.001034
179 1790.000000 5.036226 -70.803358 -65.767132 8282.887724 -65.767132 0.001025
180 1800.000000 5.051379 -70.780109 -65.728729 8307.809745 -65.728729 0.001019
181 1810.000000 4.961259 -70.754482 -65.793223 8159.591451 -65.793223 0.001018
182 1820.000000 5.008168 -70.741568 -65.733400 8236.741110 -65.733400 0.001020
183 1830.000000 4.966197 -70.742308 -65.776111 8167.713937 -65.776111 0.001022
184 1840.000000 5.115004 -70.758657 -65.643654 8412.449884 -65.643654 0.001021
185 1850.000000 5.026548 -70.777214 -65.750666 8266.970566 -65.750666 0.001023
186 1860.000000 5.171552 -70.767298 -65.595745 8505.453497 -65.595745 0.001028
187 1870.000000 5.093329 -70.755545 -65.662216 8376.802291 -65.662216 0.001033
188 1880.000000 5.107442 -70.749317 -65.641874 8400.014430 -65.641874 0.001031
189 1890.000000 5.021203 -70.749907 -65.728704 8258.179237 -65.728704 0.001027
190 1900.000000 5.152527 -70.738159 -65.585632 8474.163878 -65.585632 0.001026
191 1910.000000 5.135202 -70.709732 -65.574530 8445.669405 -65.574530 0.001026
192 1920.000000 5.235202 -70.672229 -65.437027 8610.135872 -65.437027 0.001039
193 1930.000000 5.258283 -70.636626 -65.378343 8648.096421 -65.378343 0.001054
194 1940.000000 5.067573 -70.606751 -65.539178 8334.442223 -65.539178 0.001068
195 1950.000000 4.772824 -70.582036 -65.809212 7849.680911 -65.809212 0.001082
196 1960.000000 4.793371 -70.561796 -65.768425 7883.473001 -65.768425 0.001097
197 1970.000000 4.614121 -70.560464 -65.946343 7588.667396 -65.946343 0.001108
198 1980.000000 4.654958 -70.573758 -65.918800 7655.829871 -65.918800 0.001121
199 1990.000000 4.640869 -70.596977 -65.956108 7632.659316 -65.956108 0.001130
200 2000.000000 4.900891 -70.640263 -65.739372 8060.307879 -65.739372 0.001135
201 2010.000000 4.800603 -70.677501 -65.876898 7895.366670 -65.876898 0.001141
202 2020.000000 4.915812 -70.704731 -65.788919 8084.847163 -65.788919 0.001148
203 2030.000000 5.005658 -70.712065 -65.706407 8232.614019 -65.706407 0.001156
204 2040.000000 5.132902 -70.721100 -65.588199 8441.886161 -65.588199 0.001156
205 2050.000000 4.858502 -70.736492 -65.877990 7990.591973 -65.877990 0.001149
206 2060.000000 4.867473 -70.750332 -65.882859 8005.345577 -65.882859 0.001139
207 2070.000000 4.784011 -70.739900 -65.955890 7868.078946 -65.955890 0.001131
208 2080.000000 4.787270 -70.728372 -65.941102 7873.438315 -65.941102 0.001128
209 2090.000000 4.708344 -70.725057 -66.016713 7743.632882 -66.016713 0.001126
210 2100.000000 4.704197 -70.740183 -66.035986 7736.812395 -66.035986 0.001121
211 2110.000000 4.798245 -70.762246 -65.964001 7891.489664 -65.964001 0.001112
212 2120.000000 4.705883 -70.787358 -66.081475 7739.584835 -66.081475 0.001100
213 2130.000000 4.707301 -70.803368 -66.096067 7741.917037 -66.096067 0.001092
214 2140.000000 4.731435 -70.818749 -66.087313 7781.609657 -66.087313 0.001087
215 2150.000000 4.556060 -70.840661 -66.284600 7493.177523 -66.284600 0.001075
216 2160.000000 4.748571 -70.860320 -66.111748 7809.793096 -66.111748 0.001060
217 2170.000000 4.741435 -70.891967 -66.150532 7798.055518 -66.150532 0.001043
218 2180.000000 4.600878 -70.919486 -66.318608 7566.886820 -66.318608 0.001031
219 2190.000000 4.838900 -70.963939 -66.125040 7958.352444 -66.125040 0.001019
220 2200.000000 5.025622 -71.002130 -65.976509 8265.447283 -65.976509 0.001013
221 2210.000000 5.075315 -71.048839 -65.973524 8347.176343 -65.973524 0.001010
222 2220.000000 5.279162 -71.087843 -65.808680 8682.435349 -65.808680 0.001006
223 2230.000000 5.706832 -71.110633 -65.403801 9385.807523 -65.403801 0.001004
224 2240.000000 5.695192 -71.121867 -65.426675 9366.663719 -65.426675 0.001010
225 2250.000000 5.626980 -71.118355 -65.491375 9254.478217 -65.491375 0.001019
226 2260.000000 5.663336 -71.116205 -65.452869 9314.271069 -65.452869 0.001023
227 2270.000000 5.729721 -71.120398 -65.390677 9423.451518 -65.390677 0.001028
228 2280.000000 5.482355 -71.124777 -65.642422 9016.619421 -65.642422 0.001033
229 2290.000000 5.281794 -71.133138 -65.851345 8686.763528 -65.851345 0.001033
230 2300.000000 5.432017 -71.144206 -65.712189 8933.829322 -65.712189 0.001032
231 2310.000000 5.306141 -71.144579 -65.838437 8726.807047 -65.838437 0.001035
232 2320.000000 5.054217 -71.134536 -66.080318 8312.477241 -66.080318 0.001039
233 2330.000000 4.996483 -71.115593 -66.119111 8217.523145 -66.119111 0.001046
234 2340.000000 4.999998 -71.082931 -66.082933 8223.304671 -66.082933 0.001057
235 2350.000000 5.163633 -71.058145 -65.894513 8492.428206 -65.894513 0.001071
236 2360.000000 5.047010 -71.034932 -65.987922 8300.623424 -65.987922 0.001090
237 2370.000000 5.107194 -71.017582 -65.910388 8399.606194 -65.910388 0.001114
238 2380.000000 4.895620 -71.013172 -66.117552 8051.638512 -66.117552 0.001137
239 2390.000000 5.092301 -71.009583 -65.917282 8375.111476 -65.917282 0.001156
240 2400.000000 5.159277 -71.004717 -65.845440 8485.265001 -65.845440 0.001172
241 2410.000000 4.990367 -71.001022 -66.010655 8207.465389 -66.010655 0.001182
242 2420.000000 5.017991 -71.014038 -65.996047 8252.896543 -65.996047 0.001184
243 2430.000000 5.174127 -71.040404 -65.866276 8509.688613 -65.866276 0.001176
244 2440.000000 5.317695 -71.071594 -65.753899 8745.808574 -65.753899 0.001164
245 2450.000000 5.280623 -71.100011 -65.819388 8684.837501 -65.819388 0.001151
246 2460.000000 5.402005 -71.120618 -65.718613 8884.470302 -65.718613 0.001139
247 2470.000000 5.600283 -71.139209 -65.538927 9210.569808 -65.538927 0.001124
248 2480.000000 5.677358 -71.155643 -65.478286 9337.332137 -65.478286 0.001113
249 2490.000000 5.785341 -71.159594 -65.374253 9514.928355 -65.374253 0.001104
250 2500.000000 5.802872 -71.141403 -65.338531 9543.760061 -65.338531 0.001096
251 2510.000000 5.590089 -71.110925 -65.520835 9193.804917 -65.520835 0.001089
252 2520.000000 5.574007 -71.077649 -65.503642 9167.355306 -65.503642 0.001079
253 2530.000000 5.348584 -71.047752 -65.699168 8796.610611 -65.699168 0.001067
254 2540.000000 5.125791 -71.016642 -65.890851 8430.191203 -65.890851 0.001055
255 2550.000000 5.131788 -70.986369 -65.854581 8440.054055 -65.854581 0.001041
256 2560.000000 5.158844 -70.963099 -65.804254 8484.552795 -65.804254 0.001028
257 2570.000000 5.176250 -70.932042 -65.755792 8513.179397 -65.755792 0.001013
258 2580.000000 5.069073 -70.919944 -65.850871 8336.910085 -65.850871 0.000997
259 2590.000000 4.849830 -70.936588 -66.086759 7976.328845 -66.086759 0.000978
260 2600.000000 4.871491 -70.964719 -66.093228 8011.953422 -66.093228 0.000958
261 2610.000000 4.796972 -70.988208 -66.191236 7889.394998 -66.191236 0.000942
262 2620.000000 5.039316 -71.010278 -65.970963 8287.968879 -65.970963 0.000927
263 2630.000000 4.967800 -71.036615 -66.068815 8170.350537 -66.068815 0.000921
264 2640.000000 5.012568 -71.047194 -66.034626 8243.977903 -66.034626 0.000920
265 2650.000000 4.900265 -71.045371 -66.145106 8059.278098 -66.145106 0.000923
266 2660.000000 4.893720 -71.036389 -66.142668 8048.514006 -66.142668 0.000933
267 2670.000000 4.827899 -71.028470 -66.200571 7940.260628 -66.200571 0.000944
268 2680.000000 4.829421 -71.026249 -66.196827 7942.763829 -66.196827 0.000954
269 2690.000000 4.795625 -71.019436 -66.223811 7887.179880 -66.223811 0.000965
270 2700.000000 4.830051 -71.017948 -66.187897 7943.799072 -66.187897 0.000972
271 2710.000000 4.861098 -71.016819 -66.155720 7994.861442 -66.155720 0.000979
272 2720.000000 4.859425 -71.027982 -66.168556 7992.109703 -66.168556 0.000977
273 2730.000000 5.084858 -71.039926 -65.955068 8362.870528 -65.955068 0.000978
274 2740.000000 5.106426 -71.046899 -65.940473 8398.342146 -65.940473 0.000983
275 2750.000000 4.995340 -71.055184 -66.059844 8215.643200 -66.059844 0.000985
276 2760.000000 4.772348 -71.070202 -66.297854 7848.897107 -66.297854 0.000989
277 2770.000000 4.647962 -71.079027 -66.431065 7644.324932 -66.431065 0.000995
278 2780.000000 4.635132 -71.086326 -66.451194 7623.223016 -66.451194 0.001007
279 2790.000000 4.656381 -71.084503 -66.428123 7658.170452 -66.428123 0.001024
280 2800.000000 4.786519 -71.078888 -66.292369 7872.204234 -66.292369 0.001038
281 2810.000000 4.587895 -71.070817 -66.482923 7545.533984 -66.482923 0.001051
282 2820.000000 4.528982 -71.069610 -66.540627 7448.643078 -66.540627 0.001064
283 2830.000000 4.522197 -71.061053 -66.538856 7437.484203 -66.538856 0.001072
284 2840.000000 4.742559 -71.051816 -66.309256 7799.905088 -66.309256 0.001079
285 2850.000000 4.780989 -71.042363 -66.261374 7863.109229 -66.261374 0.001082
286 2860.000000 4.859323 -71.011650 -66.152327 7991.941717 -66.152327 0.001081
287 2870.000000 4.841470 -70.971714 -66.130245 7962.579017 -66.130245 0.001080
288 2880.000000 4.799436 -70.941344 -66.141907 7893.448254 -66.141907 0.001075
289 2890.000000 4.797008 -70.935682 -66.138674 7889.454026 -66.138674 0.001060
290 2900.000000 4.983938 -70.947513 -65.963575 8196.891170 -65.963575 0.001040
291 2910.000000 4.817898 -70.967483 -66.149585 7923.811590 -66.149585 0.001018
292 2920.000000 4.787923 -70.985319 -66.197396 7874.513263 -66.197396 0.000993
293 2930.000000 4.974821 -70.997341 -66.022521 8181.896548 -66.022521 0.000969
294 2940.000000 4.891041 -70.995780 -66.104739 8044.106986 -66.104739 0.000952
295 2950.000000 4.912727 -70.982028 -66.069301 8079.773245 -66.069301 0.000937
296 2960.000000 4.861175 -70.966492 -66.105317 7994.987767 -66.105317 0.000927
297 2970.000000 4.874931 -70.959202 -66.084271 8017.611549 -66.084271 0.000923
298 2980.000000 5.093346 -70.958285 -65.864939 8376.830290 -65.864939 0.000925
299 2990.000000 4.998840 -70.961731 -65.962891 8221.400814 -65.962891 0.000927
300 3000.000000 5.086930 -70.962451 -65.875521 8366.278828 -65.875521 0.000936
301 3010.000000 5.082440 -70.964254 -65.881815 8358.893124 -65.881815 0.000947
302 3020.000000 5.023291 -70.972053 -65.948762 8261.614353 -65.948762 0.000956
303 3030.000000 4.967899 -70.985644 -66.017745 8170.513144 -66.017745 0.000971
304 3040.000000 4.943093 -71.004917 -66.061824 8129.715111 -66.061824 0.000981
305 3050.000000 4.950398 -71.024475 -66.074077 8141.729199 -66.074077 0.000992
306 3060.000000 4.908923 -71.042585 -66.133662 8073.517623 -66.133662 0.001006
307 3070.000000 4.845055 -71.068942 -66.223886 7968.476637 -66.223886 0.001019
308 3080.000000 4.925727 -71.091948 -66.166221 8101.153985 -66.166221 0.001028
309 3090.000000 5.008539 -71.113030 -66.104492 8237.351217 -66.104492 0.001040
310 3100.000000 4.947353 -71.130658 -66.183305 8136.721614 -66.183305 0.001052
311 3110.000000 5.070241 -71.146089 -66.075848 8338.830343 -66.075848 0.001059
312 3120.000000 4.895429 -71.155691 -66.260263 8051.323527 -66.260263 0.001062
313 3130.000000 5.067617 -71.165409 -66.097792 8334.514549 -66.097792 0.001058
314 3140.000000 5.029636 -71.173682 -66.144046 8272.048722 -66.144046 0.001053
315 3150.000000 4.979877 -71.182187 -66.202310 8190.212256 -66.202310 0.001048
316 3160.000000 4.984658 -71.185095 -66.200437 8198.075428 -66.200437 0.001045
317 3170.000000 4.953087 -71.196997 -66.243910 8146.152062 -66.243910 0.001043
318 3180.000000 4.921467 -71.212373 -66.290906 8094.147677 -66.290906 0.001041
319 3190.000000 4.987395 -71.236249 -66.248854 8202.577030 -66.248854 0.001036
320 3200.000000 5.152384 -71.261814 -66.109430 8473.927870 -66.109430 0.001037
321 3210.000000 5.168652 -71.292542 -66.123890 8500.683831 -66.123890 0.001036
322 3220.000000 5.067449 -71.305423 -66.237973 8334.239037 -66.237973 0.001036
323 3230.000000 5.022835 -71.307810 -66.284975 8260.863521 -66.284975 0.001040
324 3240.000000 5.097450 -71.283999 -66.186549 8383.580605 -66.186549 0.001043
325 3250.000000 4.879617 -71.225348 -66.345731 8025.318752 -66.345731 0.001050
326 3260.000000 4.723174 -71.150358 -66.427184 7768.023187 -66.427184 0.001064
327 3270.000000 4.502896 -71.082598 -66.579702 7405.739604 -66.579702 0.001080
328 3280.000000 4.659335 -71.024968 -66.365632 7663.029499 -66.365632 0.001091
329 3290.000000 4.704902 -71.018712 -66.313809 7737.972181 -66.313809 0.001089
330 3300.000000 4.799163 -71.028079 -66.228916 7892.999824 -66.228916 0.001081
331 3310.000000 4.664010 -71.045684 -66.381674 7670.718594 -66.381674 0.001074
332 3320.000000 4.757650 -71.060589 -66.302939 7824.724164 -66.302939 0.001068
333 3330.000000 4.747546 -71.065651 -66.318104 7808.107206 -66.318104 0.001063
334 3340.000000 4.667008 -71.070458 -66.403449 7675.649559 -66.403449 0.001057
335 3350.000000 4.569239 -71.077351 -66.508112 7514.851551 -66.508112 0.001052
336 3360.000000 4.541833 -71.067912 -66.526079 7469.778312 -66.526079 0.001050
337 3370.000000 4.545660 -71.045100 -66.499440 7476.072401 -66.499440 0.001055
338 3380.000000 4.623248 -71.001953 -66.378705 7603.679172 -66.378705 0.001064
339 3390.000000 4.588292 -70.961231 -66.372939 7546.187008 -66.372939 0.001074
340 3400.000000 4.474149 -70.913506 -66.439357 7358.461759 -66.439357 0.001085
341 3410.000000 4.408289 -70.869357 -66.461068 7250.143656 -66.461068 0.001097
342 3420.000000 4.281246 -70.848513 -66.567267 7041.201553 -66.567267 0.001107
343 3430.000000 4.255811 -70.856105 -66.600294 6999.368556 -66.600294 0.001108
344 3440.000000 4.230459 -70.874120 -66.643660 6957.674181 -66.643660 0.001106
345 3450.000000 4.198440 -70.894464 -66.696024 6905.012898 -66.696024 0.001104
346 3460.000000 4.228439 -70.917966 -66.689527 6954.350927 -66.689527 0.001102
347 3470.000000 4.452825 -70.935002 -66.482177 7323.390600 -66.482177 0.001104
348 3480.000000 4.607254 -70.949771 -66.342517 7577.373511 -66.342517 0.001107
349 3490.000000 4.605312 -70.962533 -66.357221 7574.179120 -66.357221 0.001112
350 3500.000000 4.670034 -70.977479 -66.307445 7680.625800 -66.307445 0.001118
351 3510.000000 4.639405 -70.985574 -66.346169 7630.251133 -66.346169 0.001125
352 3520.000000 4.554952 -70.978682 -66.423730 7491.354893 -66.423730 0.001131
353 3530.000000 4.507165 -70.952522 -66.445357 7412.761344 -66.445357 0.001144
354 3540.000000 4.515918 -70.927049 -66.411131 7427.156719 -66.411131 0.001156
355 3550.000000 4.411500 -70.922257 -66.510757 7255.423980 -66.510757 0.001158
356 3560.000000 4.529525 -70.923860 -66.394335 7449.535713 -66.394335 0.001158
357 3570.000000 4.667091 -70.955005 -66.287915 7675.784878 -66.287915 0.001157
358 3580.000000 4.784765 -70.997085 -66.212320 7869.318593 -66.212320 0.001155
359 3590.000000 4.746855 -71.046608 -66.299753 7806.970679 -66.299753 0.001148
360 3600.000000 4.722063 -71.078010 -66.355947 7766.195989 -66.355947 0.001145
361 3610.000000 4.831808 -71.085299 -66.253491 7946.688771 -66.253491 0.001146
362 3620.000000 4.714742 -71.061388 -66.346646 7754.154494 -66.346646 0.001142
363 3630.000000 4.787491 -71.031707 -66.244216 7873.803033 -66.244216 0.001141
364 3640.000000 4.668707 -70.998381 -66.329674 7678.442364 -66.329674 0.001142
365 3650.000000 4.863490 -70.983264 -66.119774 7998.794580 -66.119774 0.001140
366 3660.000000 4.931483 -70.990282 -66.058800 8110.620348 -66.058800 0.001134
367 3670.000000 5.039961 -71.003216 -65.963254 8289.031042 -65.963254 0.001119
368 3680.000000 5.098575 -71.012132 -65.913557 8385.431050 -65.913557 0.001105
369 3690.000000 5.030761 -71.007891 -65.977130 8273.899282 -65.977130 0.001093
370 3700.000000 4.873582 -70.994433 -66.120851 8015.393496 -66.120851 0.001083
371 3710.000000 4.907364 -70.985859 -66.078495 8070.952940 -66.078495 0.001072
372 3720.000000 4.893362 -70.976148 -66.082787 8047.924201 -66.082787 0.001062
373 3730.000000 4.718886 -70.960232 -66.241346 7760.971300 -66.241346 0.001053
374 3740.000000 4.698790 -70.934025 -66.235235 7727.918870 -66.235235 0.001043
375 3750.000000 4.577282 -70.921757 -66.344475 7528.080417 -66.344475 0.001035
376 3760.000000 4.617627 -70.917274 -66.299647 7594.433483 -66.299647 0.001028
377 3770.000000 4.672107 -70.916662 -66.244555 7684.035267 -66.244555 0.001019
378 3780.000000 4.620931 -70.925004 -66.304074 7599.866900 -66.304074 0.001008
379 3790.000000 4.761361 -70.935739 -66.174378 7830.827863 -66.174378 0.000996
380 3800.000000 4.737824 -70.956645 -66.218821 7792.117532 -66.218821 0.000985
381 3810.000000 4.729144 -70.987917 -66.258773 7777.841902 -66.258773 0.000974
382 3820.000000 4.947936 -71.020679 -66.072743 8137.679916 -66.072743 0.000965
383 3830.000000 4.866041 -71.055234 -66.189193 8002.990049 -66.189193 0.000965
384 3840.000000 4.658399 -71.092285 -66.433886 7661.490457 -66.433886 0.000969
385 3850.000000 4.643307 -71.130924 -66.487616 7636.669097 -66.487616 0.000979
386 3860.000000 4.595078 -71.166347 -66.571268 7557.348616 -66.571268 0.000994
387 3870.000000 4.659957 -71.206766 -66.546809 7664.052433 -66.546809 0.001010
388 3880.000000 4.898446 -71.247844 -66.349399 8056.285701 -66.349399 0.001028
389 3890.000000 4.774313 -71.280704 -66.506391 7852.129124 -66.506391 0.001045
390 3900.000000 4.642641 -71.289219 -66.646578 7635.574071 -66.646578 0.001065
391 3910.000000 4.606938 -71.285704 -66.678766 7576.854629 -66.678766 0.001091
392 3920.000000 4.612835 -71.263441 -66.650606 7586.552717 -66.650606 0.001116
393 3930.000000 4.451626 -71.258571 -66.806945 7321.417773 -66.806945 0.001142
394 3940.000000 4.365488 -71.264757 -66.899269 7179.750632 -66.899269 0.001167
395 3950.000000 4.470863 -71.279837 -66.808974 7353.056883 -66.808974 0.001182
396 3960.000000 4.797207 -71.278267 -66.481060 7889.781344 -66.481060 0.001191
397 3970.000000 4.657713 -71.267799 -66.610086 7660.361377 -66.610086 0.001202
398 3980.000000 4.540896 -71.239300 -66.698404 7468.237263 -66.698404 0.001209
399 3990.000000 4.571344 -71.207139 -66.635796 7518.313162 -66.635796 0.001208
400 4000.000000 4.279815 -71.200046 -66.920231 7038.847331 -66.920231 0.001200
401 4010.000000 4.569424 -71.227866 -66.658441 7515.156285 -66.658441 0.001187
402 4020.000000 4.539122 -71.278568 -66.739446 7465.319108 -66.739446 0.001171
403 4030.000000 4.725106 -71.328447 -66.603341 7771.199885 -66.603341 0.001153
404 4040.000000 4.812838 -71.371309 -66.558471 7915.490565 -66.558471 0.001137
405 4050.000000 4.546375 -71.409752 -66.863378 7477.248205 -66.863378 0.001127
406 4060.000000 4.590656 -71.441296 -66.850641 7550.074835 -66.850641 0.001122
407 4070.000000 4.665853 -71.464142 -66.798289 7673.748486 -66.798289 0.001119
408 4080.000000 4.481150 -71.478509 -66.997359 7369.974525 -66.997359 0.001121
409 4090.000000 4.586951 -71.477083 -66.890132 7543.981959 -66.890132 0.001126
410 4100.000000 4.725629 -71.467021 -66.741392 7772.060286 -66.741392 0.001135
411 4110.000000 4.684889 -71.448412 -66.763524 7705.056598 -66.763524 0.001152
412 4120.000000 4.527239 -71.422254 -66.895015 7445.776676 -66.895015 0.001172
413 4130.000000 4.542042 -71.393389 -66.851347 7470.121348 -66.851347 0.001186
414 4140.000000 4.694065 -71.369448 -66.675382 7720.149212 -66.675382 0.001195
415 4150.000000 4.601378 -71.346501 -66.745123 7567.710312 -66.745123 0.001200
416 4160.000000 4.800514 -71.325597 -66.525083 7895.221143 -66.525083 0.001204
417 4170.000000 4.632869 -71.306462 -66.673593 7619.501274 -66.673593 0.001204
418 4180.000000 4.610490 -71.302183 -66.691693 7582.695324 -66.691693 0.001194
419 4190.000000 4.688755 -71.291777 -66.603022 7711.414930 -66.603022 0.001187
420 4200.000000 4.564767 -71.293799 -66.729032 7507.497517 -66.729032 0.001175
421 4210.000000 4.522545 -71.288864 -66.766319 7438.055920 -66.766319 0.001160
422 4220.000000 4.633246 -71.293212 -66.659966 7620.121276 -66.659966 0.001143
423 4230.000000 4.504439 -71.288246 -66.783808 7408.277359 -66.783808 0.001129
424 4240.000000 4.833766 -71.280897 -66.447131 7949.908826 -66.447131 0.001120
425 4250.000000 5.003807 -71.274061 -66.270254 8229.569410 -66.270254 0.001111
426 4260.000000 5.051559 -71.263846 -66.212287 8308.105151 -66.212287 0.001101
427 4270.000000 4.897704 -71.261946 -66.364242 8055.064965 -66.364242 0.001087
428 4280.000000 4.925395 -71.263944 -66.338549 8100.608540 -66.338549 0.001073
429 4290.000000 4.771985 -71.253175 -66.481189 7848.301036 -66.481189 0.001063
430 4300.000000 4.791488 -71.240238 -66.448750 7880.377031 -66.448750 0.001059
431 4310.000000 4.728745 -71.238615 -66.509870 7777.185917 -66.509870 0.001059
432 4320.000000 4.580396 -71.238864 -66.658468 7533.201802 -66.658468 0.001064
433 4330.000000 4.762732 -71.241263 -66.478532 7833.082241 -66.478532 0.001072
434 4340.000000 4.793856 -71.233892 -66.440036 7884.270422 -66.440036 0.001084
435 4350.000000 4.763404 -71.223863 -66.460460 7834.186910 -66.460460 0.001102
436 4360.000000 4.928374 -71.218893 -66.290519 8105.506691 -66.290519 0.001123
437 4370.000000 4.996261 -71.211939 -66.215678 8217.158520 -66.215678 0.001143
438 4380.000000 5.080963 -71.218568 -66.137605 8356.464390 -66.137605 0.001158
439 4390.000000 5.040364 -71.251532 -66.211168 8289.693051 -66.211168 0.001163
440 4400.000000 5.162013 -71.309844 -66.147831 8489.764544 -66.147831 0.001165
441 4410.000000 5.121464 -71.379081 -66.257618 8423.074530 -66.257618 0.001164
442 4420.000000 5.164066 -71.427127 -66.263061 8493.140992 -66.263061 0.001169
443 4430.000000 5.002569 -71.443286 -66.440717 8227.533689 -66.440717 0.001183
444 4440.000000 4.879504 -71.427376 -66.547872 8025.132723 -66.547872 0.001208
445 4450.000000 4.800189 -71.385753 -66.585564 7894.686977 -66.585564 0.001239
446 4460.000000 4.704465 -71.326637 -66.622172 7737.253197 -66.622172 0.001270
447 4470.000000 4.670615 -71.270499 -66.599884 7681.580591 -66.599884 0.001295
448 4480.000000 4.781414 -71.225084 -66.443671 7863.807230 -66.443671 0.001306
449 4490.000000 4.715211 -71.203981 -66.488770 7754.926253 -66.488770 0.001306
450 4500.000000 4.629006 -71.204380 -66.575374 7613.148788 -66.575374 0.001301
451 4510.000000 4.508483 -71.203708 -66.695225 7414.928580 -66.695225 0.001292
452 4520.000000 4.392415 -71.216052 -66.823637 7224.035577 -66.823637 0.001284
453 4530.000000 4.402460 -71.239793 -66.837333 7240.556288 -66.837333 0.001265
454 4540.000000 4.546713 -71.269320 -66.722607 7477.804022 -66.722607 0.001241
455 4550.000000 4.572418 -71.283861 -66.711443 7520.080068 -66.711443 0.001215
456 4560.000000 4.620393 -71.292088 -66.671695 7598.982318 -66.671695 0.001190
457 4570.000000 4.368738 -71.282286 -66.913548 7185.095408 -66.913548 0.001171
458 4580.000000 4.448058 -71.258919 -66.810860 7315.550480 -66.810860 0.001156
459 4590.000000 4.475197 -71.230942 -66.755745 7360.184268 -66.755745 0.001142
460 4600.000000 4.600514 -71.197017 -66.596504 7566.287875 -66.596504 0.001128
461 4610.000000 4.608540 -71.154485 -66.545944 7579.489507 -66.545944 0.001118
462 4620.000000 4.537566 -71.108373 -66.570807 7462.759886 -66.570807 0.001109
463 4630.000000 4.409558 -71.059928 -66.650370 7252.230068 -66.650370 0.001105
464 4640.000000 4.407262 -71.004109 -66.596848 7248.453881 -66.596848 0.001107
465 4650.000000 4.475228 -70.940410 -66.465182 7360.236282 -66.465182 0.001109
466 4660.000000 4.560714 -70.877695 -66.316981 7500.830745 -66.316981 0.001111
467 4670.000000 4.490889 -70.822202 -66.331313 7385.992047 -66.331313 0.001115
468 4680.000000 4.661828 -70.758510 -66.096682 7667.129122 -66.096682 0.001117
469 4690.000000 4.461911 -70.715359 -66.253448 7338.333188 -66.253448 0.001114
470 4700.000000 4.629140 -70.691889 -66.062749 7613.369514 -66.062749 0.001104
471 4710.000000 4.798101 -70.687165 -65.889064 7891.252416 -65.889064 0.001090
472 4720.000000 4.808961 -70.681343 -65.872382 7909.114183 -65.872382 0.001076
473 4730.000000 4.872359 -70.688861 -65.816501 8013.381879 -65.816501 0.001059
474 4740.000000 5.027603 -70.709553 -65.681950 8268.705631 -65.681950 0.001041
475 4750.000000 4.856550 -70.734318 -65.877767 7987.381942 -65.877767 0.001025
476 4760.000000 4.817531 -70.740180 -65.922649 7923.207835 -65.922649 0.001021
477 4770.000000 4.748828 -70.720378 -65.971550 7810.214515 -65.971550 0.001021
478 4780.000000 4.925955 -70.693799 -65.767844 8101.529133 -65.767844 0.001030
479 4790.000000 5.000529 -70.662918 -65.662389 8224.177548 -65.662389 0.001039
480 4800.000000 4.984377 -70.621975 -65.637598 8197.612901 -65.637598 0.001050
481 4810.000000 4.751452 -70.586382 -65.834930 7814.529882 -65.834930 0.001058
482 4820.000000 4.603171 -70.549419 -65.946248 7570.658783 -65.946248 0.001067
483 4830.000000 4.484924 -70.521767 -66.036843 7376.181903 -66.036843 0.001075
484 4840.000000 4.559012 -70.500566 -65.941555 7498.031445 -65.941555 0.001078
485 4850.000000 4.423666 -70.492143 -66.068477 7275.433568 -66.068477 0.001073
486 4860.000000 4.354669 -70.506964 -66.152295 7161.957139 -66.152295 0.001068
487 4870.000000 4.295061 -70.547109 -66.252049 7063.921674 -66.252049 0.001057
488 4880.000000 4.317223 -70.604993 -66.287770 7100.370847 -66.287770 0.001040
489 4890.000000 4.429040 -70.659010 -66.229970 7284.271690 -66.229970 0.001028
490 4900.000000 4.423020 -70.695906 -66.272886 7274.371340 -66.272886 0.001019
491 4910.000000 4.343821 -70.718082 -66.374261 7144.116258 -66.374261 0.001013
492 4920.000000 4.563283 -70.728716 -66.165433 7505.055921 -66.165433 0.001008
493 4930.000000 4.451284 -70.745171 -66.293887 7320.856240 -66.293887 0.001001
494 4940.000000 4.449239 -70.773243 -66.324004 7317.492142 -66.324004 0.000994
495 4950.000000 4.399177 -70.804731 -66.405554 7235.156792 -66.405554 0.000990
496 4960.000000 4.355734 -70.830813 -66.475079 7163.708069 -66.475079 0.000991
497 4970.000000 4.411976 -70.848877 -66.436901 7256.207456 -66.436901 0.000996
498 4980.000000 4.473661 -70.847430 -66.373769 7357.658866 -66.373769 0.001006
499 4990.000000 4.321081 -70.846415 -66.525334 7106.715681 -66.525334 0.001019
500 5000.000000 4.138650 -70.845043 -66.706393 6806.679281 -66.706393 0.001032
501 5010.000000 4.249208 -70.849326 -66.600118 6988.509376 -66.600118 0.001042
502 5020.000000 4.479519 -70.871148 -66.391628 7367.293534 -66.391628 0.001048
503 5030.000000 4.537541 -70.897604 -66.360063 7462.719375 -66.360063 0.001052
504 5040.000000 4.557660 -70.928554 -66.370895 7495.807946 -66.370895 0.001056
505 5050.000000 4.559288 -70.957293 -66.398006 7498.485075 -66.398006 0.001062
506 5060.000000 4.617621 -70.977183 -66.359563 7594.423268 -66.359563 0.001073
507 5070.000000 4.580714 -70.994434 -66.413720 7533.724872 -66.413720 0.001085
508 5080.000000 4.611282 -70.993086 -66.381805 7583.997723 -66.381805 0.001096
509 5090.000000 4.542203 -70.973254 -66.431051 7470.386224 -66.431051 0.001111
510 5100.000000 4.796985 -70.949206 -66.152221 7889.417151 -66.152221 0.001128
511 5110.000000 4.963502 -70.925465 -65.961963 8163.281385 -65.961963 0.001141
512 5120.000000 4.993703 -70.900992 -65.907289 8212.951460 -65.907289 0.001157
513 5130.000000 5.009132 -70.887570 -65.878438 8238.326187 -65.878438 0.001160
514 5140.000000 5.177134 -70.889459 -65.712326 8514.632645 -65.712326 0.001159
515 5150.000000 5.085304 -70.894022 -65.808718 8363.604674 -65.808718 0.001162
516 5160.000000 5.099221 -70.887985 -65.788764 8386.492254 -65.788764 0.001165
517 5170.000000 5.028800 -70.884005 -65.855205 8270.674163 -65.855205 0.001162
518 5180.000000 4.997765 -70.883289 -65.885524 8219.631565 -65.885524 0.001153
519 5190.000000 5.066126 -70.906417 -65.840291 8332.063049 -65.840291 0.001139
520 5200.000000 5.242014 -70.946884 -65.704870 8621.339044 -65.704870 0.001120
521 5210.000000 5.437221 -71.013780 -65.576559 8942.388953 -65.576559 0.001098
522 5220.000000 5.443223 -71.067606 -65.624383 8952.260472 -65.624383 0.001078
523 5230.000000 5.618992 -71.095534 -65.476542 9241.340026 -65.476542 0.001061
524 5240.000000 5.596977 -71.095957 -65.498980 9205.133719 -65.498980 0.001053
525 5250.000000 5.606992 -71.058395 -65.451403 9221.604272 -65.451403 0.001054
526 5260.000000 5.528997 -71.015316 -65.486319 9093.328269 -65.486319 0.001058
527 5270.000000 5.453985 -70.979718 -65.525733 8969.959434 -65.525733 0.001059
528 5280.000000 5.515307 -70.957051 -65.441744 9070.813707 -65.441744 0.001061
529 5290.000000 5.461538 -70.937417 -65.475879 8982.381761 -65.475879 0.001066
530 5300.000000 5.348178 -70.918849 -65.570670 8795.943453 -65.570670 0.001065
531 5310.000000 5.337907 -70.890658 -65.552752 8779.050149 -65.552752 0.001068
532 5320.000000 5.191348 -70.871770 -65.680422 8538.011326 -65.680422 0.001071
533 5330.000000 5.258265 -70.873502 -65.615238 8648.066075 -65.615238 0.001070
534 5340.000000 5.139720 -70.883376 -65.743656 8453.100637 -65.743656 0.001064
535 5350.000000 5.078876 -70.882260 -65.803384 8353.031445 -65.803384 0.001065
536 5360.000000 5.132977 -70.884872 -65.751894 8442.010484 -65.751894 0.001064
537 5370.000000 5.041724 -70.887018 -65.845295 8291.929166 -65.845295 0.001063
538 5380.000000 4.811290 -70.885310 -66.074020 7912.944150 -66.074020 0.001064
539 5390.000000 4.874949 -70.880773 -66.005824 8017.641028 -66.005824 0.001066
540 5400.000000 4.849757 -70.873164 -66.023407 7976.208826 -66.023407 0.001065
541 5410.000000 4.807957 -70.861527 -66.053569 7907.462892 -66.053569 0.001067
542 5420.000000 4.893472 -70.854670 -65.961198 8048.106154 -65.961198 0.001070
543 5430.000000 4.741485 -70.842594 -66.101108 7798.138893 -66.101108 0.001074
544 5440.000000 4.570666 -70.847857 -66.277191 7517.198309 -66.277191 0.001071
545 5450.000000 4.468447 -70.857001 -66.388554 7349.083720 -66.388554 0.001064
546 5460.000000 4.417771 -70.883682 -66.465911 7265.738393 -66.465911 0.001058
547 5470.000000 4.532110 -70.919637 -66.387527 7453.787986 -66.387527 0.001048
548 5480.000000 4.669675 -70.960667 -66.290992 7680.035397 -66.290992 0.001041
549 5490.000000 4.742273 -71.003949 -66.261677 7799.434048 -66.261677 0.001034
550 5500.000000 4.805375 -71.038251 -66.232876 7903.215029 -66.232876 0.001030
551 5510.000000 4.712596 -71.074970 -66.362374 7750.626308 -66.362374 0.001026
552 5520.000000 4.895779 -71.108113 -66.212334 8051.899481 -66.212334 0.001029
553 5530.000000 4.949113 -71.133106 -66.183993 8139.616119 -66.183993 0.001035
554 5540.000000 5.204900 -71.148123 -65.943223 8560.299449 -65.943223 0.001045
555 5550.000000 5.296478 -71.153707 -65.857229 8710.914574 -65.857229 0.001061
556 5560.000000 5.264698 -71.148299 -65.883601 8658.647012 -65.883601 0.001083
557 5570.000000 5.182386 -71.137608 -65.955222 8523.271417 -65.955222 0.001109
558 5580.000000 5.130826 -71.118538 -65.987712 8438.472661 -65.987712 0.001127
559 5590.000000 5.158751 -71.087133 -65.928382 8484.399376 -65.928382 0.001146
560 5600.000000 5.070095 -71.060162 -65.990067 8338.591137 -65.990067 0.001159
561 5610.000000 5.025022 -71.070938 -66.045916 8264.461100 -66.045916 0.001154
562 5620.000000 4.932980 -71.103303 -66.170323 8113.082650 -66.170323 0.001139
563 5630.000000 4.971800 -71.120949 -66.149149 8176.927674 -66.149149 0.001122
564 5640.000000 5.022579 -71.134247 -66.111668 8260.442167 -66.111668 0.001103
565 5650.000000 5.081734 -71.122799 -66.041065 8357.732216 -66.041065 0.001086
566 5660.000000 5.063320 -71.090791 -66.027471 8327.447478 -66.027471 0.001075
567 5670.000000 4.974996 -71.043993 -66.068997 8182.184544 -66.068997 0.001065
568 5680.000000 5.042249 -70.992516 -65.950267 8292.793316 -65.950267 0.001053
569 5690.000000 5.048093 -70.942222 -65.894128 8302.404691 -65.894128 0.001042
570 5700.000000 4.914851 -70.892783 -65.977932 8083.267232 -65.977932 0.001032
571 5710.000000 4.726136 -70.856942 -66.130806 7772.894678 -66.130806 0.001022
572 5720.000000 4.609477 -70.827096 -66.217619 7581.029605 -66.217619 0.001011
573 5730.000000 4.683495 -70.803584 -66.120089 7702.764911 -66.120089 0.001002
574 5740.000000 4.534352 -70.781528 -66.247176 7457.474685 -66.247176 0.000995
575 5750.000000 4.675500 -70.761804 -66.086304 7689.614589 -66.086304 0.000993
576 5760.000000 4.595564 -70.753226 -66.157662 7558.147828 -66.157662 0.000991
577 5770.000000 4.342432 -70.758351 -66.415919 7141.831628 -66.415919 0.000989
578 5780.000000 4.221304 -70.770581 -66.549277 6942.616132 -66.549277 0.000990
579 5790.000000 4.290833 -70.782083 -66.491250 7056.968259 -66.491250 0.000992
580 5800.000000 4.271243 -70.797301 -66.526058 7024.748659 -66.526058 0.000998
581 5810.000000 4.337368 -70.805394 -66.468026 7133.502856 -66.468026 0.001009
582 5820.000000 4.479303 -70.807104 -66.327800 7366.938232 -66.327800 0.001028
583 5830.000000 4.617294 -70.799354 -66.182060 7593.886280 -66.182060 0.001051
584 5840.000000 4.611446 -70.787891 -66.176445 7584.267679 -66.176445 0.001072
585 5850.000000 4.571949 -70.776597 -66.204648 7519.309320 -66.204648 0.001089
586 5860.000000 4.613322 -70.793390 -66.180067 7587.354062 -66.180067 0.001104
587 5870.000000 4.661402 -70.826545 -66.165143 7666.428884 -66.165143 0.001114
588 5880.000000 4.637189 -70.868192 -66.231002 7626.606817 -66.231002 0.001116
589 5890.000000 4.863512 -70.915937 -66.052424 7998.832116 -66.052424 0.001115
590 5900.000000 4.964175 -70.973225 -66.009050 8164.388386 -66.009050 0.001110
591 5910.000000 5.049403 -71.012884 -65.963482 8304.558879 -65.963482 0.001105
592 5920.000000 4.904935 -71.036610 -66.131675 8066.958637 -66.131675 0.001105
593 5930.000000 4.741352 -71.034369 -66.293017 7797.919595 -66.293017 0.001109
594 5940.000000 4.834054 -71.016672 -66.182618 7950.383105 -66.182618 0.001110
595 5950.000000 4.983847 -70.984516 -66.000669 8196.741518 -66.000669 0.001115
596 5960.000000 4.996974 -70.965795 -65.968821 8218.330783 -65.968821 0.001112
597 5970.000000 4.921440 -70.956844 -66.035404 8094.103770 -66.035404 0.001105
598 5980.000000 4.739617 -70.973129 -66.233512 7795.066147 -66.233512 0.001087
599 5990.000000 4.843181 -70.986812 -66.143630 7965.394428 -66.143630 0.001068
600 6000.000000 4.926211 -70.995375 -66.069164 8101.949733 -66.069164 0.001050
601 6010.000000 4.774682 -70.996233 -66.221552 7852.735721 -66.221552 0.001036
602 6020.000000 4.871172 -70.983073 -66.111900 8011.430180 -66.111900 0.001020
603 6030.000000 5.024274 -70.963705 -65.939431 8263.231007 -65.939431 0.001005
604 6040.000000 5.074699 -70.924846 -65.850147 8346.163111 -65.850147 0.000994
605 6050.000000 5.081507 -70.887005 -65.805498 8357.359345 -65.805498 0.000987
606 6060.000000 4.886831 -70.862208 -65.975377 8037.183197 -65.975377 0.000981
607 6070.000000 4.591959 -70.838312 -66.246353 7552.218971 -66.246353 0.000982
608 6080.000000 4.528707 -70.829795 -66.301088 7448.190983 -66.301088 0.000982
609 6090.000000 4.462494 -70.838986 -66.376492 7339.293205 -66.376492 0.000988
610 6100.000000 4.535913 -70.849513 -66.313600 7460.042381 -66.313600 0.000992
611 6110.000000 4.745292 -70.873135 -66.127843 7804.398783 -66.127843 0.000995
612 6120.000000 4.621657 -70.898037 -66.276380 7601.062411 -66.276380 0.000998
613 6130.000000 4.771430 -70.923497 -66.152067 7847.387980 -66.152067 0.001006
614 6140.000000 4.841341 -70.935236 -66.093894 7962.368382 -66.093894 0.001016
615 6150.000000 4.740099 -70.925369 -66.185270 7795.858648 -66.185270 0.001032
616 6160.000000 4.729224 -70.906430 -66.177206 7777.973651 -66.177206 0.001054
617 6170.000000 4.654726 -70.890052 -66.235326 7655.449539 -66.235326 0.001078
618 6180.000000 4.614678 -70.886725 -66.272047 7589.583990 -66.272047 0.001097
619 6190.000000 4.530447 -70.891282 -66.360835 7451.052237 -66.360835 0.001116
620 6200.000000 4.585341 -70.907122 -66.321781 7541.334705 -66.321781 0.001128
621 6210.000000 4.790947 -70.942082 -66.151135 7879.486387 -66.151135 0.001133
622 6220.000000 4.593702 -70.977533 -66.383831 7555.085090 -66.383831 0.001132
623 6230.000000 4.530707 -71.012499 -66.481792 7451.479643 -66.481792 0.001131
624 6240.000000 4.620116 -71.055565 -66.435448 7598.527917 -66.435448 0.001127
625 6250.000000 4.641172 -71.074724 -66.433552 7633.156541 -66.433552 0.001125
626 6260.000000 4.602074 -71.070419 -66.468345 7568.854539 -66.468345 0.001122
627 6270.000000 4.668804 -71.076788 -66.407984 7678.602003 -66.407984 0.001119
628 6280.000000 4.669882 -71.097633 -66.427750 7680.376272 -66.427750 0.001111
629 6290.000000 4.676812 -71.112251 -66.435439 7691.773259 -66.435439 0.001109
630 6300.000000 4.705388 -71.122063 -66.416675 7738.770260 -66.416675 0.001105
631 6310.000000 4.774452 -71.129002 -66.354550 7852.357517 -66.354550 0.001107
632 6320.000000 4.684192 -71.142128 -66.457936 7703.910595 -66.457936 0.001108
633 6330.000000 4.736664 -71.148552 -66.411889 7790.208561 -66.411889 0.001116
634 6340.000000 4.764314 -71.164137 -66.399823 7835.684315 -66.399823 0.001127
635 6350.000000 4.849402 -71.186872 -66.337470 7975.624411 -66.337470 0.001136
636 6360.000000 4.613416 -71.205604 -66.592187 7587.508310 -66.592187 0.001151
637 6370.000000 4.422591 -71.226906 -66.804315 7273.665756 -66.804315 0.001160
638 6380.000000 4.531316 -71.252100 -66.720784 7452.481333 -66.720784 0.001164
639 6390.000000 4.606344 -71.280405 -66.674061 7575.877258 -66.674061 0.001169
640 6400.000000 4.710527 -71.290335 -66.579808 7747.222179 -66.579808 0.001176
641 6410.000000 4.737415 -71.298998 -66.561583 7791.444771 -66.561583 0.001178
642 6420.000000 4.703251 -71.319424 -66.616172 7735.256690 -66.616172 0.001179
643 6430.000000 4.671640 -71.341971 -66.670331 7683.267403 -66.670331 0.001178
644 6440.000000 4.564171 -71.370721 -66.806551 7506.515982 -66.806551 0.001173
645 6450.000000 4.535731 -71.400492 -66.864761 7459.743153 -66.864761 0.001160
646 6460.000000 4.570061 -71.439196 -66.869135 7516.204595 -66.869135 0.001142
647 6470.000000 4.718408 -71.484287 -66.765879 7760.183748 -66.765879 0.001132
648 6480.000000 4.689728 -71.541355 -66.851627 7713.015178 -66.851627 0.001125
649 6490.000000 4.667842 -71.585420 -66.917578 7677.020814 -66.917578 0.001120
650 6500.000000 4.756606 -71.623504 -66.866898 7823.007791 -66.866898 0.001118
651 6510.000000 4.703060 -71.633220 -66.930160 7734.941450 -66.930160 0.001126
652 6520.000000 4.543688 -71.606294 -67.062605 7472.829565 -67.062605 0.001144
653 6530.000000 4.516404 -71.552127 -67.035723 7427.955592 -67.035723 0.001165
654 6540.000000 4.345242 -71.502759 -67.157517 7146.452650 -67.157517 0.001179
655 6550.000000 4.286701 -71.489912 -67.203212 7050.171809 -67.203212 0.001178
656 6560.000000 4.400082 -71.505901 -67.105819 7236.645687 -67.105819 0.001162
657 6570.000000 4.371817 -71.542266 -67.170449 7190.159583 -67.170449 0.001140
658 6580.000000 4.381758 -71.553235 -67.171478 7206.508334 -67.171478 0.001125
659 6590.000000 4.623680 -71.536387 -66.912706 7604.389635 -66.912706 0.001109
660 6600.000000 4.600390 -71.515238 -66.914848 7566.085531 -66.914848 0.001099
661 6610.000000 4.570524 -71.495257 -66.924733 7516.965527 -66.924733 0.001084
662 6620.000000 4.648162 -71.467221 -66.819059 7644.653090 -66.819059 0.001071
663 6630.000000 4.442798 -71.435411 -66.992613 7306.898653 -66.992613 0.001063
664 6640.000000 4.435309 -71.400708 -66.965398 7294.582985 -66.965398 0.001054
665 6650.000000 4.386804 -71.347339 -66.960535 7214.808229 -66.960535 0.001049
666 6660.000000 4.354931 -71.293371 -66.938440 7162.387195 -66.938440 0.001045
667 6670.000000 4.335399 -71.239127 -66.903727 7130.264577 -66.903727 0.001041
668 6680.000000 4.383648 -71.201898 -66.818249 7209.617720 -66.818249 0.001035
669 6690.000000 4.545579 -71.185671 -66.640091 7475.939314 -66.640091 0.001026
670 6700.000000 4.722903 -71.185498 -66.462594 7767.577703 -66.462594 0.001011
671 6710.000000 4.643711 -71.194718 -66.551007 7637.333166 -66.551007 0.000997
672 6720.000000 4.841861 -71.213436 -66.371575 7963.222372 -66.371575 0.000984
673 6730.000000 4.830827 -71.221887 -66.391060 7945.075390 -66.391060 0.000978
674 6740.000000 4.837716 -71.232715 -66.394999 7956.404873 -66.394999 0.000978
675 6750.000000 5.011668 -71.241390 -66.229722 8242.497903 -66.229722 0.000983
676 6760.000000 5.026350 -71.237407 -66.211057 8266.645215 -66.211057 0.000995
677 6770.000000 5.063586 -71.229501 -66.165914 8327.886108 -66.165914 0.001014
678 6780.000000 5.140184 -71.197801 -66.057618 8453.862713 -66.057618 0.001042
679 6790.000000 4.701716 -71.147337 -66.445621 7732.731339 -66.445621 0.001075
680 6800.000000 4.521419 -71.125750 -66.604331 7436.203783 -66.604331 0.001105
681 6810.000000 4.530187 -71.140271 -66.610084 7450.624804 -66.610084 0.001130
682 6820.000000 4.669086 -71.174085 -66.504999 7679.066712 -66.504999 0.001151
683 6830.000000 4.748597 -71.228668 -66.480072 7809.834616 -66.480072 0.001166
684 6840.000000 4.833753 -71.271712 -66.437958 7949.888508 -66.437958 0.001178
685 6850.000000 5.084469 -71.294732 -66.210263 8362.231289 -66.210263 0.001192
686 6860.000000 5.172147 -71.303085 -66.130938 8506.431829 -66.130938 0.001200
687 6870.000000 5.121650 -71.292338 -66.170689 8423.380479 -66.170689 0.001208
688 6880.000000 5.012383 -71.285203 -66.272820 8243.674137 -66.272820 0.001212
689 6890.000000 5.012938 -71.270287 -66.257349 8244.587187 -66.257349 0.001215
690 6900.000000 5.061914 -71.270559 -66.208645 8325.135621 -66.208645 0.001212
691 6910.000000 5.112547 -71.272641 -66.160093 8408.410414 -66.160093 0.001206
692 6920.000000 5.328246 -71.260059 -65.931813 8763.161517 -65.931813 0.001200
693 6930.000000 5.235542 -71.250033 -66.014490 8610.695336 -66.014490 0.001191
694 6940.000000 5.137967 -71.234676 -66.096709 8450.217482 -66.096709 0.001176
695 6950.000000 5.187035 -71.200737 -66.013702 8530.917318 -66.013702 0.001165
696 6960.000000 5.247378 -71.141126 -65.893748 8630.160718 -65.893748 0.001153
697 6970.000000 5.234402 -71.086966 -65.852565 8608.819693 -65.852565 0.001136
698 6980.000000 5.256198 -71.077926 -65.821728 8644.667083 -65.821728 0.001111
699 6990.000000 5.151083 -71.090175 -65.939092 8471.788311 -65.939092 0.001078
700 7000.000000 5.230592 -71.096266 -65.865673 8602.554504 -65.865673 0.001045
701 7010.000000 5.152936 -71.080949 -65.928013 8474.836451 -65.928013 0.001017
702 7020.000000 5.046500 -71.049432 -66.002931 8299.785060 -66.002931 0.000994
703 7030.000000 5.190141 -71.011496 -65.821355 8536.026284 -65.821355 0.000968
704 7040.000000 5.085540 -70.970373 -65.884833 8363.992593 -65.884833 0.000943
705 7050.000000 5.005522 -70.935034 -65.929513 8232.388948 -65.929513 0.000927
706 7060.000000 5.107871 -70.906658 -65.798788 8400.718409 -65.798788 0.000922
707 7070.000000 5.242848 -70.882934 -65.640086 8622.710719 -65.640086 0.000926
708 7080.000000 5.262443 -70.853961 -65.591518 8654.938073 -65.591518 0.000939
709 7090.000000 5.150078 -70.815590 -65.665511 8470.136039 -65.665511 0.000956
710 7100.000000 4.928479 -70.773518 -65.845039 8105.680409 -65.845039 0.000978
711 7110.000000 4.858387 -70.731871 -65.873484 7990.402360 -65.873484 0.001001
712 7120.000000 4.884171 -70.691563 -65.807393 8032.807752 -65.807393 0.001026
713 7130.000000 4.771983 -70.665076 -65.893093 7848.296665 -65.893093 0.001042
714 7140.000000 4.883524 -70.655037 -65.771513 8031.744525 -65.771513 0.001051
715 7150.000000 5.055906 -70.656675 -65.600769 8315.255199 -65.600769 0.001062
716 7160.000000 5.019220 -70.652824 -65.633604 8254.918090 -65.633604 0.001070
717 7170.000000 5.191164 -70.669173 -65.478010 8537.707536 -65.478010 0.001075
718 7180.000000 5.134946 -70.695305 -65.560359 8445.248608 -65.560359 0.001076
719 7190.000000 5.176421 -70.726439 -65.550018 8513.460864 -65.550018 0.001067
720 7200.000000 5.084029 -70.741189 -65.657160 8361.506681 -65.657160 0.001058
721 7210.000000 5.115951 -70.753553 -65.637602 8414.008485 -65.637602 0.001048
722 7220.000000 5.158728 -70.757353 -65.598626 8484.361319 -65.598626 0.001037
723 7230.000000 5.160879 -70.772814 -65.611935 8487.899571 -65.611935 0.001024
724 7240.000000 5.395358 -70.789834 -65.394476 8873.537873 -65.394476 0.001011
725 7250.000000 5.341269 -70.804175 -65.462906 8784.580108 -65.462906 0.000998
726 7260.000000 5.359598 -70.819135 -65.459537 8814.724688 -65.459537 0.000988
727 7270.000000 5.299352 -70.841275 -65.541924 8715.640061 -65.541924 0.000984
728 7280.000000 5.119622 -70.857415 -65.737792 8420.046214 -65.737792 0.000985
729 7290.000000 5.138915 -70.868702 -65.729787 8451.775799 -65.729787 0.000990
730 7300.000000 5.037710 -70.882822 -65.845112 8285.327766 -65.845112 0.000996
731 7310.000000 4.992293 -70.898564 -65.906271 8210.632453 -65.906271 0.001007
732 7320.000000 5.007324 -70.912287 -65.904963 8235.353391 -65.904963 0.001027
733 7330.000000 5.117550 -70.931052 -65.813502 8416.637248 -65.813502 0.001050
734 7340.000000 5.275487 -70.946206 -65.670718 8676.391279 -65.670718 0.001080
735 7350.000000 5.271149 -70.955785 -65.684637 8669.255714 -65.684637 0.001110
736 7360.000000 5.139214 -70.961449 -65.822235 8452.267902 -65.822235 0.001139
737 7370.000000 5.316218 -70.966490 -65.650271 8743.380337 -65.650271 0.001164
738 7380.000000 5.173181 -70.993265 -65.820083 8508.132891 -65.820083 0.001178
739 7390.000000 5.082776 -71.022883 -65.940108 8359.446094 -65.940108 0.001185
740 7400.000000 5.202087 -71.052253 -65.850166 8555.672506 -65.850166 0.001184
741 7410.000000 5.130278 -71.075942 -65.945664 8437.570830 -65.945664 0.001185
742 7420.000000 4.962646 -71.072107 -66.109461 8161.873242 -66.109461 0.001187
743 7430.000000 4.993036 -71.055716 -66.062680 8211.854476 -66.062680 0.001187
744 7440.000000 5.024487 -71.040082 -66.015595 8263.581268 -66.015595 0.001183
745 7450.000000 5.029682 -71.003323 -65.973641 8272.124059 -65.973641 0.001180
746 7460.000000 5.168890 -70.958442 -65.789552 8501.075141 -65.789552 0.001177
747 7470.000000 5.138628 -70.930259 -65.791631 8451.303626 -65.791631 0.001167
748 7480.000000 5.071569 -70.923779 -65.852210 8341.014981 -65.852210 0.001156
749 7490.000000 5.152267 -70.952254 -65.799987 8473.735731 -65.799987 0.001137
750 7500.000000 5.123965 -70.998673 -65.874708 8427.188259 -65.874708 0.001117
751 7510.000000 5.066420 -71.045013 -65.978593 8332.545708 -65.978593 0.001097
752 7520.000000 5.170733 -71.088102 -65.917369 8504.106100 -65.917369 0.001081
753 7530.000000 5.210488 -71.125272 -65.914784 8569.489248 -65.914784 0.001064
754 7540.000000 5.096839 -71.156974 -66.060134 8382.575954 -66.060134 0.001045
755 7550.000000 5.042499 -71.191616 -66.149117 8293.204595 -66.149117 0.001027
756 7560.000000 5.181492 -71.214772 -66.033280 8521.800790 -66.033280 0.001017
757 7570.000000 5.222122 -71.232515 -66.010393 8588.623355 -66.010393 0.001016
758 7580.000000 5.294669 -71.238332 -65.943663 8707.938314 -65.943663 0.001018
759 7590.000000 5.070304 -71.227470 -66.157166 8338.933684 -66.157166 0.001024
760 7600.000000 5.173194 -71.229587 -66.056394 8508.152732 -66.056394 0.001031
761 7610.000000 5.209159 -71.223090 -66.013931 8567.303407 -66.013931 0.001038
762 7620.000000 5.021201 -71.219743 -66.198542 8258.175936 -66.198542 0.001042
763 7630.000000 4.961934 -71.219437 -66.257503 8160.702309 -66.257503 0.001046
764 7640.000000 5.090809 -71.228268 -66.137459 8372.658196 -66.137459 0.001054
765 7650.000000 5.006132 -71.233153 -66.227020 8233.393227 -66.227020 0.001066
766 7660.000000 4.776423 -71.235792 -66.459369 7855.598860 -66.459369 0.001075
767 7670.000000 4.872203 -71.244664 -66.372461 8013.125791 -66.372461 0.001079
768 7680.000000 4.905382 -71.256740 -66.351359 8067.693116 -66.351359 0.001079
769 7690.000000 4.899228 -71.260713 -66.361485 8057.572656 -66.361485 0.001080
770 7700.000000 5.022703 -71.252220 -66.229518 8260.646307 -66.229518 0.001083
771 7710.000000 5.025463 -71.239326 -66.213863 8265.185745 -66.213863 0.001081
772 7720.000000 5.242347 -71.217175 -65.974828 8621.886297 -65.974828 0.001077
773 7730.000000 5.229658 -71.181768 -65.952110 8601.017679 -65.952110 0.001080
774 7740.000000 5.027425 -71.153394 -66.125970 8268.412129 -66.125970 0.001075
775 7750.000000 5.143591 -71.106659 -65.963069 8459.466082 -65.963069 0.001068
776 7760.000000 5.160342 -71.055195 -65.894852 8487.016712 -65.894852 0.001064
777 7770.000000 5.053026 -70.999305 -65.946279 8310.518451 -65.946279 0.001063
778 7780.000000 5.065851 -70.951430 -65.885580 8331.610009 -65.885580 0.001065
779 7790.000000 5.016150 -70.906470 -65.890321 8249.868415 -65.890321 0.001069
780 7800.000000 4.773168 -70.871908 -66.098740 7850.245664 -66.098740 0.001071
781 7810.000000 4.683407 -70.845518 -66.162110 7702.620338 -66.162110 0.001072
782 7820.000000 4.873686 -70.821128 -65.947441 8015.564930 -65.947441 0.001072
783 7830.000000 4.868352 -70.810333 -65.941981 8006.791768 -65.941981 0.001068
784 7840.000000 5.075824 -70.805564 -65.729740 8348.013069 -65.729740 0.001066
785 7850.000000 5.054219 -70.812535 -65.758316 8312.479591 -65.758316 0.001061
786 7860.000000 4.927707 -70.827590 -65.899883 8104.410879 -65.899883 0.001058
787 7870.000000 4.890832 -70.840173 -65.949341 8043.762776 -65.949341 0.001056
788 7880.000000 5.112189 -70.845519 -65.733329 8407.821524 -65.733329 0.001056
789 7890.000000 4.918876 -70.847114 -65.928238 8089.886769 -65.928238 0.001058
790 7900.000000 5.101875 -70.835089 -65.733214 8390.858033 -65.733214 0.001063
791 7910.000000 5.008138 -70.816956 -65.808818 8236.691452 -65.808818 0.001071
792 7920.000000 5.085611 -70.795785 -65.710174 8364.109226 -65.710174 0.001078
793 7930.000000 5.127949 -70.781338 -65.653389 8433.741051 -65.653389 0.001085
794 7940.000000 5.233263 -70.803813 -65.570550 8606.945863 -65.570550 0.001083
795 7950.000000 5.255877 -70.855108 -65.599230 8644.139549 -65.599230 0.001077
796 7960.000000 5.379153 -70.917136 -65.537983 8846.886035 -65.537983 0.001075
797 7970.000000 5.309410 -70.960877 -65.651467 8732.182708 -65.651467 0.001076
798 7980.000000 5.182676 -70.972549 -65.789873 8523.747358 -65.789873 0.001084
799 7990.000000 5.125581 -70.962753 -65.837172 8429.846202 -65.837172 0.001100
800 8000.000000 5.204208 -70.939632 -65.735424 8559.160376 -65.735424 0.001120
801 8010.000000 5.366736 -70.918580 -65.551845 8826.463914 -65.551845 0.001142
802 8020.000000 5.238714 -70.923149 -65.684434 8615.912486 -65.684434 0.001155
803 8030.000000 5.292571 -70.941666 -65.649095 8704.487618 -65.649095 0.001167
804 8040.000000 5.256336 -70.967517 -65.711182 8644.893106 -65.711182 0.001174
805 8050.000000 5.344850 -71.004219 -65.659369 8790.469341 -65.659369 0.001177
806 8060.000000 5.182601 -71.048196 -65.865594 8523.625132 -65.865594 0.001180
807 8070.000000 5.036374 -71.104233 -66.067859 8283.131071 -66.067859 0.001171
808 8080.000000 5.057284 -71.169032 -66.111748 8317.520035 -66.111748 0.001166
809 8090.000000 5.212098 -71.228291 -66.016193 8572.138040 -66.016193 0.001161
810 8100.000000 5.332766 -71.275704 -65.942938 8770.595107 -65.942938 0.001156
811 8110.000000 5.284745 -71.312220 -66.027475 8691.616605 -66.027475 0.001152
812 8120.000000 5.374823 -71.335836 -65.961013 8839.765163 -65.961013 0.001156
813 8130.000000 5.113203 -71.347149 -66.233946 8409.489116 -66.233946 0.001160
814 8140.000000 5.069470 -71.332063 -66.262593 8337.562915 -66.262593 0.001166
815 8150.000000 4.941867 -71.300542 -66.358675 8127.698557 -66.358675 0.001170
816 8160.000000 5.051326 -71.273521 -66.222195 8307.722489 -66.222195 0.001174
817 8170.000000 5.071456 -71.266582 -66.195126 8340.828896 -66.195126 0.001175
818 8180.000000 5.080161 -71.262849 -66.182688 8355.144849 -66.182688 0.001177
819 8190.000000 5.104694 -71.255170 -66.150476 8395.494467 -66.150476 0.001174
820 8200.000000 5.105838 -71.223487 -66.117649 8397.375220 -66.117649 0.001170
821 8210.000000 4.936566 -71.188997 -66.252431 8118.980278 -66.252431 0.001172
822 8220.000000 5.114511 -71.180378 -66.065867 8411.640021 -66.065867 0.001166
823 8230.000000 5.095341 -71.185946 -66.090605 8380.111722 -66.090605 0.001154
824 8240.000000 5.099200 -71.186083 -66.086882 8386.458775 -66.086882 0.001145
825 8250.000000 5.104580 -71.169923 -66.065343 8395.306273 -66.065343 0.001139
826 8260.000000 4.899692 -71.132392 -66.232700 8058.334522 -66.232700 0.001132
827 8270.000000 5.057913 -71.081855 -66.023942 8318.555311 -66.023942 0.001126
828 8280.000000 5.102348 -71.025415 -65.923067 8391.636510 -65.923067 0.001119
829 8290.000000 5.079071 -70.966231 -65.887160 8353.352493 -65.887160 0.001114
830 8300.000000 5.069794 -70.892460 -65.822665 8338.096047 -65.822665 0.001116
831 8310.000000 5.061707 -70.853268 -65.791562 8324.794772 -65.791562 0.001109
832 8320.000000 5.205623 -70.854860 -65.649236 8561.488829 -65.649236 0.001094
833 8330.000000 5.290811 -70.895894 -65.605083 8701.594421 -65.605083 0.001071
834 8340.000000 5.058896 -70.941242 -65.882346 8320.172342 -65.882346 0.001049
835 8350.000000 4.980717 -70.982928 -66.002211 8191.593700 -66.002211 0.001033
836 8360.000000 4.971327 -71.009851 -66.038524 8176.149828 -66.038524 0.001021
837 8370.000000 5.037188 -71.023074 -65.985886 8284.469788 -65.985886 0.001007
838 8380.000000 5.076692 -71.017861 -65.941169 8349.440391 -65.941169 0.000997
839 8390.000000 4.875620 -70.998187 -66.122567 8018.745633 -66.122567 0.000994
840 8400.000000 4.812701 -70.981980 -66.169278 7915.264788 -66.169278 0.000994
841 8410.000000 4.957744 -70.967683 -66.009939 8153.810408 -66.009939 0.001000
842 8420.000000 4.930578 -70.965680 -66.035102 8109.131711 -66.035102 0.001001
843 8430.000000 4.906676 -70.958675 -66.051998 8069.821884 -66.051998 0.001006
844 8440.000000 4.715845 -70.935384 -66.219539 7755.969488 -66.219539 0.001019
845 8450.000000 4.691397 -70.896807 -66.205409 7715.761171 -66.205409 0.001032
846 8460.000000 4.463497 -70.854437 -66.390940 7340.942541 -66.390940 0.001049
847 8470.000000 4.354848 -70.854578 -66.499729 7162.251991 -66.499729 0.001062
848 8480.000000 4.428928 -70.889061 -66.460132 7284.088521 -66.460132 0.001068
849 8490.000000 4.517784 -70.929717 -66.411933 7430.226118 -66.411933 0.001070
850 8500.000000 4.586551 -70.943523 -66.356972 7543.323674 -66.356972 0.001074
851 8510.000000 4.774357 -70.949899 -66.175541 7852.202000 -66.175541 0.001079
852 8520.000000 4.588313 -70.949487 -66.361175 7546.221552 -66.361175 0.001082
853 8530.000000 4.620177 -70.958462 -66.338285 7598.628235 -66.338285 0.001080
854 8540.000000 4.672772 -70.998051 -66.325278 7685.129376 -66.325278 0.001071
855 8550.000000 4.781830 -71.046355 -66.264524 7864.492702 -66.264524 0.001060
856 8560.000000 4.927596 -71.092173 -66.164577 8104.228050 -66.164577 0.001051
857 8570.000000 4.879128 -71.134547 -66.255420 8024.514086 -66.255420 0.001043
858 8580.000000 4.991555 -71.152238 -66.160683 8209.418469 -66.160683 0.001038
859 8590.000000 5.078452 -71.154696 -66.076244 8352.334357 -66.076244 0.001037
860 8600.000000 4.964582 -71.131971 -66.167389 8165.057894 -66.167389 0.001044
861 8610.000000 4.768459 -71.088921 -66.320462 7842.501540 -66.320462 0.001057
862 8620.000000 4.780114 -71.030104 -66.249990 7861.670652 -66.249990 0.001072
863 8630.000000 4.519944 -70.965102 -66.445158 7433.778647 -66.445158 0.001082
864 8640.000000 4.502721 -70.938250 -66.435529 7405.451673 -66.435529 0.001083
865 8650.000000 4.682485 -70.952062 -66.269577 7701.103043 -66.269577 0.001077
866 8660.000000 4.419975 -70.974197 -66.554222 7269.362327 -66.554222 0.001065
867 8670.000000 4.396455 -70.997706 -66.601251 7230.680724 -66.601251 0.001055
868 8680.000000 4.564901 -71.026653 -66.461752 7507.717544 -66.461752 0.001043
869 8690.000000 4.566189 -71.051773 -66.485584 7509.835739 -66.485584 0.001032
870 8700.000000 4.697721 -71.076218 -66.378497 7726.160893 -66.378497 0.001022
871 8710.000000 4.562754 -71.092448 -66.529694 7504.187007 -66.529694 0.001012
872 8720.000000 4.532969 -71.099010 -66.566042 7455.199196 -66.566042 0.001006
873 8730.000000 4.908904 -71.100567 -66.191663 8073.485667 -66.191663 0.001009
874 8740.000000 4.944252 -71.090127 -66.145875 8131.621314 -66.145875 0.001022
875 8750.000000 4.898062 -71.064421 -66.166359 8055.654266 -66.166359 0.001042
876 8760.000000 4.656629 -71.016595 -66.359966 7658.578580 -66.359966 0.001067
877 8770.000000 4.718889 -70.961477 -66.242588 7760.975658 -66.242588 0.001092
878 8780.000000 4.800260 -70.921512 -66.121251 7894.803684 -66.121251 0.001106
879 8790.000000 4.780294 -70.931995 -66.151700 7861.966176 -66.151700 0.001108
880 8800.000000 4.699137 -71.027539 -66.328402 7728.490417 -66.328402 0.001096
881 8810.000000 4.886658 -71.094049 -66.207390 8036.899113 -66.207390 0.001082
882 8820.000000 4.816547 -71.108600 -66.292053 7921.589446 -66.292053 0.001076
883 8830.000000 4.989029 -71.090418 -66.101389 8205.264501 -66.101389 0.001075
884 8840.000000 5.026608 -71.049735 -66.023126 8267.069772 -66.023126 0.001078
885 8850.000000 4.891652 -70.992317 -66.100665 8045.112474 -66.100665 0.001085
886 8860.000000 4.722232 -70.925932 -66.203700 7766.473073 -66.203700 0.001094
887 8870.000000 4.542004 -70.869957 -66.327954 7470.058895 -66.327954 0.001094
888 8880.000000 4.593726 -70.827469 -66.233743 7555.124243 -66.233743 0.001093
889 8890.000000 4.758083 -70.806215 -66.048132 7825.437027 -66.048132 0.001089
890 8900.000000 4.908938 -70.784550 -65.875611 8073.542278 -65.875611 0.001084
891 8910.000000 4.890991 -70.771196 -65.880205 8044.025467 -65.880205 0.001075
892 8920.000000 4.922915 -70.762905 -65.839990 8096.529500 -65.839990 0.001066
893 8930.000000 4.973585 -70.753805 -65.780220 8179.864031 -65.780220 0.001056
894 8940.000000 4.825663 -70.747093 -65.921430 7936.582415 -65.921430 0.001046
895 8950.000000 4.961316 -70.752265 -65.790949 8159.685360 -65.790949 0.001032
896 8960.000000 4.985576 -70.771135 -65.785559 8199.584774 -65.785559 0.001018
897 8970.000000 4.887665 -70.797121 -65.909456 8038.554955 -65.909456 0.001005
898 8980.000000 4.804332 -70.824360 -66.020028 7901.500534 -66.020028 0.000993
899 8990.000000 4.905755 -70.844159 -65.938404 8068.306603 -65.938404 0.000986
900 9000.000000 5.013608 -70.847884 -65.834276 8245.688991 -65.834276 0.000981
901 9010.000000 5.203553 -70.836321 -65.632768 8558.083891 -65.632768 0.000975
902 9020.000000 5.174888 -70.814983 -65.640095 8510.939810 -65.640095 0.000972
903 9030.000000 5.066723 -70.788973 -65.722249 8333.045245 -65.722249 0.000970
904 9040.000000 4.942933 -70.774656 -65.831723 8129.452714 -65.831723 0.000962
905 9050.000000 4.854802 -70.771103 -65.916300 7984.507085 -65.916300 0.000954
906 9060.000000 4.938887 -70.776660 -65.837773 8122.798547 -65.837773 0.000943
907 9070.000000 4.847362 -70.783945 -65.936583 7972.269884 -65.936583 0.000936
908 9080.000000 4.798914 -70.803024 -66.004110 7892.590023 -66.004110 0.000927
909 9090.000000 4.881434 -70.825275 -65.943841 8028.307787 -65.943841 0.000921
910 9100.000000 5.073762 -70.850309 -65.776546 8344.621914 -65.776546 0.000919
911 9110.000000 5.271405 -70.891866 -65.620461 8669.676972 -65.620461 0.000918
912 9120.000000 5.227172 -70.919226 -65.692054 8596.928602 -65.692054 0.000921
913 9130.000000 5.237018 -70.949827 -65.712809 8613.121788 -65.712809 0.000932
914 9140.000000 5.315926 -70.969638 -65.653712 8742.899707 -65.653712 0.000948
915 9150.000000 5.326007 -70.978822 -65.652815 8759.479161 -65.652815 0.000972
916 9160.000000 5.338567 -70.975080 -65.636513 8780.136095 -65.636513 0.001005
917 9170.000000 5.300909 -70.952300 -65.651391 8718.201792 -65.651391 0.001044
918 9180.000000 5.011895 -70.922605 -65.910710 8242.871472 -65.910710 0.001085
919 9190.000000 4.896409 -70.898761 -66.002352 8052.935203 -66.002352 0.001116
920 9200.000000 5.015296 -70.900794 -65.885498 8248.465272 -65.885498 0.001144
921 9210.000000 5.075433 -70.929654 -65.854221 8347.370065 -65.854221 0.001166
922 9220.000000 5.023709 -70.957693 -65.933984 8262.301918 -65.933984 0.001187
923 9230.000000 5.007998 -70.974561 -65.966564 8236.461156 -65.966564 0.001203
924 9240.000000 5.105107 -70.970261 -65.865154 8396.173024 -65.865154 0.001221
925 9250.000000 5.182544 -70.963849 -65.781305 8523.530953 -65.781305 0.001232
926 9260.000000 5.219405 -70.981748 -65.762343 8584.155317 -65.762343 0.001239
927 9270.000000 5.199737 -71.024509 -65.824772 8551.807428 -65.824772 0.001238
928 9280.000000 5.268728 -71.073334 -65.804605 8665.275354 -65.804605 0.001230
929 9290.000000 5.125455 -71.115129 -65.989674 8429.639308 -65.989674 0.001221
930 9300.000000 4.990875 -71.151916 -66.161040 8208.300685 -66.161040 0.001210
931 9310.000000 5.284041 -71.168092 -65.884051 8690.458518 -65.884051 0.001202
932 9320.000000 5.292011 -71.171433 -65.879422 8703.567177 -65.879422 0.001191
933 9330.000000 5.156574 -71.155261 -65.998687 8480.819409 -65.998687 0.001183
934 9340.000000 5.069660 -71.128912 -66.059252 8337.874445 -66.059252 0.001174
935 9350.000000 4.918199 -71.105194 -66.186995 8088.772760 -66.186995 0.001168
936 9360.000000 4.703247 -71.073443 -66.370196 7735.250043 -66.370196 0.001165
937 9370.000000 4.407770 -71.042747 -66.634977 7249.290441 -66.634977 0.001156
938 9380.000000 4.376052 -71.012161 -66.636109 7197.125065 -66.636109 0.001146
939 9390.000000 4.174382 -70.991432 -66.817051 6865.445262 -66.817051 0.001136
940 9400.000000 4.203974 -70.988957 -66.784983 6914.115141 -66.784983 0.001119
941 9410.000000 4.157722 -70.986357 -66.828635 6838.045560 -66.828635 0.001099
942 9420.000000 4.155328 -70.988379 -66.833051 6834.108660 -66.833051 0.001081
943 9430.000000 4.091430 -70.996044 -66.904613 6729.018450 -66.904613 0.001066
944 9440.000000 3.988223 -71.013443 -67.025220 6559.276989 -67.025220 0.001051
945 9450.000000 4.000996 -71.039253 -67.038257 6580.284198 -67.038257 0.001040
946 9460.000000 4.144112 -71.058012 -66.913900 6815.661687 -66.913900 0.001032
947 9470.000000 4.010332 -71.060972 -67.050640 6595.638979 -67.050640 0.001029
948 9480.000000 4.112073 -71.052666 -66.940593 6762.968097 -66.940593 0.001033
949 9490.000000 4.196151 -71.031925 -66.835774 6901.248776 -66.835774 0.001046
950 9500.000000 4.146172 -71.015796 -66.869624 6819.049210 -66.869624 0.001059
951 9510.000000 4.174429 -71.006464 -66.832035 6865.522927 -66.832035 0.001076
952 9520.000000 4.154960 -71.014206 -66.859246 6833.502425 -66.859246 0.001094
953 9530.000000 4.389931 -71.020852 -66.630920 7219.951607 -66.630920 0.001108
954 9540.000000 4.429006 -71.012404 -66.583398 7284.216416 -66.583398 0.001123
955 9550.000000 4.344418 -71.013934 -66.669516 7145.097647 -66.669516 0.001135
956 9560.000000 4.395900 -71.028418 -66.632518 7229.767889 -66.632518 0.001146
957 9570.000000 4.438587 -71.051526 -66.612939 7299.972732 -66.612939 0.001157
958 9580.000000 4.527658 -71.091772 -66.564115 7446.464576 -66.564115 0.001161
959 9590.000000 4.579501 -71.134053 -66.554552 7531.729183 -66.554552 0.001172
960 9600.000000 4.442889 -71.160945 -66.718056 7307.048144 -66.718056 0.001186
961 9610.000000 4.434888 -71.177024 -66.742136 7293.890218 -66.742136 0.001192
962 9620.000000 4.327563 -71.193381 -66.865818 7117.375865 -66.865818 0.001197
963 9630.000000 4.517336 -71.202421 -66.685085 7429.489530 -66.685085 0.001205
964 9640.000000 4.714369 -71.202760 -66.488392 7753.541165 -66.488392 0.001217
965 9650.000000 4.728613 -71.202491 -66.473878 7776.968420 -66.473878 0.001225
966 9660.000000 4.641498 -71.208536 -66.567038 7633.694108 -66.567038 0.001225
967 9670.000000 4.594355 -71.209243 -66.614888 7556.158654 -66.614888 0.001220
968 9680.000000 4.655500 -71.182352 -66.526852 7656.721677 -66.526852 0.001218
969 9690.000000 4.664118 -71.124402 -66.460284 7670.896280 -66.460284 0.001220
970 9700.000000 4.664663 -71.048344 -66.383681 7671.791747 -66.383681 0.001225
971 9710.000000 4.643532 -70.994598 -66.351066 7637.038982 -66.351066 0.001223
972 9720.000000 4.550313 -70.985853 -66.435540 7483.725480 -66.435540 0.001215
973 9730.000000 4.622727 -70.993754 -66.371027 7602.821685 -66.371027 0.001199
974 9740.000000 4.667049 -71.006267 -66.339218 7675.715588 -66.339218 0.001180
975 9750.000000 4.716853 -70.996483 -66.279630 7757.626844 -66.279630 0.001163
976 9760.000000 4.843865 -70.976213 -66.132347 7966.518813 -66.132347 0.001150
977 9770.000000 4.806348 -70.932330 -66.125982 7904.816267 -66.125982 0.001141
978 9780.000000 4.983714 -70.885003 -65.901290 8196.522721 -65.901290 0.001137
979 9790.000000 5.080700 -70.831604 -65.750904 8356.032230 -65.750904 0.001136
980 9800.000000 4.984815 -70.793067 -65.808252 8198.334011 -65.808252 0.001134
981 9810.000000 4.893721 -70.775308 -65.881587 8048.515108 -65.881587 0.001133
982 9820.000000 5.068584 -70.771027 -65.702444 8336.104649 -65.702444 0.001130
983 9830.000000 5.100006 -70.774513 -65.674506 8387.784569 -65.674506 0.001128
984 9840.000000 5.165307 -70.776508 -65.611201 8495.181466 -65.611201 0.001126
985 9850.000000 5.042293 -70.767717 -65.725425 8292.865080 -65.725425 0.001124
986 9860.000000 5.035144 -70.756918 -65.721774 8281.107986 -65.721774 0.001125
987 9870.000000 5.085899 -70.757755 -65.671856 8364.583206 -65.671856 0.001124
988 9880.000000 4.746326 -70.763776 -66.017450 7806.100546 -66.017450 0.001119
989 9890.000000 4.828163 -70.769657 -65.941494 7940.695001 -65.941494 0.001114
990 9900.000000 4.795515 -70.770525 -65.975010 7886.998500 -65.975010 0.001110
991 9910.000000 4.888531 -70.764407 -65.875876 8039.979833 -65.875876 0.001109
992 9920.000000 4.875053 -70.767008 -65.891955 8017.812383 -65.891955 0.001109
993 9930.000000 4.749527 -70.754711 -66.005184 7811.364386 -66.005184 0.001116
994 9940.000000 4.850304 -70.739922 -65.889618 7977.108188 -65.889618 0.001125
995 9950.000000 4.980646 -70.732708 -65.752062 8191.477316 -65.752062 0.001131
996 9960.000000 4.917197 -70.735776 -65.818580 8087.124225 -65.818580 0.001130
997 9970.000000 4.753205 -70.738035 -65.984830 7817.414094 -65.984830 0.001124
998 9980.000000 4.774619 -70.740926 -65.966308 7852.631729 -65.966308 0.001115
999 9990.000000 4.656706 -70.760042 -66.103336 7658.705041 -66.103336 0.001101
1000 10000.000000 4.599343 -70.785734 -66.186391 7564.362657 -66.186391 0.001086
1001 10010.000000 4.563325 -70.812510 -66.249186 7505.124681 -66.249186 0.001072
1002 10020.000000 4.450607 -70.836164 -66.385557 7319.742134 -66.385557 0.001058
1003 10030.000000 4.616172 -70.856188 -66.240017 7592.040572 -66.240017 0.001041
1004 10040.000000 4.734435 -70.876278 -66.141844 7786.543141 -66.141844 0.001023
1005 10050.000000 4.781659 -70.900591 -66.118931 7864.211345 -66.118931 0.001010
1006 10060.000000 4.721583 -70.924100 -66.202517 7765.406707 -66.202517 0.001004
1007 10070.000000 4.655069 -70.936260 -66.281191 7656.013217 -66.281191 0.001002
1008 10080.000000 4.750303 -70.940449 -66.190146 7812.640658 -66.190146 0.001006
1009 10090.000000 4.680378 -70.937895 -66.257517 7697.637898 -66.257517 0.001017
1010 10100.000000 5.072500 -70.939757 -65.867256 8342.546449 -65.867256 0.001033
1011 10110.000000 4.625064 -70.943501 -66.318437 7606.665862 -66.318437 0.001048
1012 10120.000000 4.605013 -70.951687 -66.346674 7573.687477 -66.346674 0.001062
1013 10130.000000 4.696689 -70.970002 -66.273313 7724.463807 -66.273313 0.001071
1014 10140.000000 4.733204 -71.001212 -66.268008 7784.518466 -66.268008 0.001079
1015 10150.000000 5.054770 -71.033530 -65.978761 8313.385366 -65.978761 0.001083
1016 10160.000000 5.131986 -71.057719 -65.925732 8440.380438 -65.925732 0.001084
1017 10170.000000 5.250205 -71.070147 -65.819942 8634.811239 -65.819942 0.001086
1018 10180.000000 5.310900 -71.071403 -65.760504 8734.632789 -65.760504 0.001087
1019 10190.000000 5.353562 -71.055904 -65.702342 8804.797423 -65.702342 0.001091
1020 10200.000000 5.512492 -71.030705 -65.518213 9066.183178 -65.518213 0.001092
1021 10210.000000 5.507280 -70.999113 -65.491834 9057.611502 -65.491834 0.001093
1022 10220.000000 5.384755 -70.972241 -65.587487 8856.098909 -65.587487 0.001096
1023 10230.000000 5.461450 -70.949103 -65.487654 8982.236619 -65.487654 0.001096
1024 10240.000000 5.606888 -70.926599 -65.319711 9221.432713 -65.319711 0.001097
1025 10250.000000 5.732055 -70.902619 -65.170564 9427.290386 -65.170564 0.001097
1026 10260.000000 5.663010 -70.881459 -65.218449 9313.734264 -65.218449 0.001099
1027 10270.000000 5.718978 -70.854027 -65.135049 9405.783229 -65.135049 0.001100
1028 10280.000000 5.762962 -70.848809 -65.085846 9478.122625 -65.085846 0.001099
1029 10290.000000 5.715150 -70.877893 -65.162743 9399.487785 -65.162743 0.001094
1030 10300.000000 5.595487 -70.922305 -65.326818 9202.681823 -65.326818 0.001091
1031 10310.000000 5.771333 -70.951534 -65.180201 9491.889517 -65.180201 0.001091
1032 10320.000000 5.822631 -70.964816 -65.142185 9576.256982 -65.142185 0.001096
1033 10330.000000 5.741644 -70.966271 -65.224626 9443.061464 -65.224626 0.001105
1034 10340.000000 5.577492 -70.943353 -65.365861 9173.087189 -65.365861 0.001117
1035 10350.000000 5.407106 -70.910550 -65.503444 8892.859333 -65.503444 0.001130
1036 10360.000000 5.233428 -70.901323 -65.667895 8607.217700 -65.667895 0.001134
1037 10370.000000 5.306412 -70.923662 -65.617250 8727.252348 -65.617250 0.001123
1038 10380.000000 5.243422 -70.964336 -65.720914 8623.654574 -65.720914 0.001105
1039 10390.000000 5.101569 -70.990756 -65.889187 8390.354605 -65.889187 0.001084
1040 10400.000000 5.008862 -71.009633 -66.000771 8237.882189 -66.000771 0.001061
1041 10410.000000 4.952231 -71.005106 -66.052874 8144.744671 -66.052874 0.001041
1042 10420.000000 4.979325 -70.988479 -66.009154 8189.303930 -66.009154 0.001027
1043 10430.000000 4.755014 -70.956722 -66.201708 7820.389390 -66.201708 0.001018
1044 10440.000000 4.800033 -70.924836 -66.124803 7894.429832 -66.124803 0.001014
1045 10450.000000 4.821844 -70.910014 -66.088170 7930.301350 -66.088170 0.001009
1046 10460.000000 4.677802 -70.925979 -66.248177 7693.400872 -66.248177 0.001002
1047 10470.000000 4.796318 -70.954781 -66.158463 7888.319868 -66.158463 0.000994
1048 10480.000000 4.716887 -70.976580 -66.259694 7757.682449 -66.259694 0.000988
1049 10490.000000 4.919199 -70.995456 -66.076257 8090.418145 -66.076257 0.000985
1050 10500.000000 4.746789 -71.006983 -66.260195 7806.860715 -66.260195 0.000987
1051 10510.000000 4.662686 -71.006852 -66.344167 7668.539769 -66.344167 0.000989
1052 10520.000000 4.623331 -70.994308 -66.370977 7603.815148 -66.370977 0.000994
1053 10530.000000 4.503474 -70.963665 -66.460190 7406.691331 -66.460190 0.001006
1054 10540.000000 4.454294 -70.927118 -66.472824 7325.805572 -66.472824 0.001016
1055 10550.000000 4.375014 -70.887514 -66.512500 7195.417221 -66.512500 0.001025
1056 10560.000000 4.195802 -70.867450 -66.671648 6900.675112 -66.671648 0.001030
1057 10570.000000 4.229443 -70.897555 -66.668112 6956.002416 -66.668112 0.001028
1058 10580.000000 4.349437 -70.933759 -66.584322 7153.352568 -66.584322 0.001022
1059 10590.000000 4.424935 -70.955805 -66.530870 7277.520706 -66.530870 0.001019
1060 10600.000000 4.397578 -70.974133 -66.576555 7232.527800 -66.576555 0.001018
1061 10610.000000 4.455707 -71.000884 -66.545178 7328.129378 -66.545178 0.001020
1062 10620.000000 4.587609 -71.034123 -66.446513 7545.064526 -66.446513 0.001025
1063 10630.000000 4.573819 -71.062907 -66.489088 7522.383831 -66.489088 0.001036
1064 10640.000000 4.658693 -71.096116 -66.437423 7661.973232 -66.437423 0.001049
1065 10650.000000 4.777349 -71.140349 -66.363000 7857.122324 -66.363000 0.001062
1066 10660.000000 4.857038 -71.181691 -66.324653 7988.184290 -66.324653 0.001075
1067 10670.000000 4.792079 -71.219751 -66.427672 7881.348636 -66.427672 0.001085
1068 10680.000000 4.818486 -71.251641 -66.433155 7924.778012 -66.433155 0.001095
1069 10690.000000 4.875837 -71.279525 -66.403688 8019.101647 -66.403688 0.001109
1070 10700.000000 4.977905 -71.296177 -66.318272 8186.968444 -66.318272 0.001121
1071 10710.000000 5.176565 -71.301209 -66.124644 8513.698292 -66.124644 0.001133
1072 10720.000000 5.238229 -71.308173 -66.069944 8615.114371 -66.069944 0.001144
1073 10730.000000 5.158302 -71.335648 -66.177346 8483.661228 -66.177346 0.001149
1074 10740.000000 5.242812 -71.393894 -66.151082 8622.652059 -66.151082 0.001144
1075 10750.000000 5.192677 -71.448846 -66.256169 8540.196042 -66.256169 0.001142
1076 10760.000000 5.278723 -71.462705 -66.183982 8681.712256 -66.183982 0.001144
1077 10770.000000 5.237999 -71.427067 -66.189068 8614.735066 -66.189068 0.001149
1078 10780.000000 5.122293 -71.339132 -66.216839 8424.439304 -66.216839 0.001162
1079 10790.000000 5.097495 -71.294245 -66.196750 8383.653440 -66.196750 0.001161
1080 10800.000000 5.120294 -71.280331 -66.160037 8421.151483 -66.160037 0.001153
1081 10810.000000 5.116143 -71.251104 -66.134961 8414.323983 -66.134961 0.001152
1082 10820.000000 5.196202 -71.195240 -65.999039 8545.993563 -65.999039 0.001154
1083 10830.000000 5.236250 -71.142599 -65.906349 8611.858901 -65.906349 0.001150
1084 10840.000000 5.185041 -71.118705 -65.933664 8527.638539 -65.933664 0.001137
