# istep , time , K , V , E , T , H_eff, P
1 10.000000 2.562299 -72.511128 -69.948829 4214.114427 -69.948829 0.002121
2 20.000000 2.699020 -72.582710 -69.883690 4438.974687 -69.883690 0.002057
3 30.000000 2.846206 -72.645322 -69.799116 4681.046415 -69.799116 0.001978
4 40.000000 2.946172 -72.686438 -69.740266 4845.455421 -69.740266 0.001892
5 50.000000 2.953916 -72.696172 -69.742257 4858.191797 -69.742257 0.001803
6 60.000000 2.990862 -72.681998 -69.691136 4918.955763 -69.691136 0.001718
7 70.000000 2.915498 -72.651737 -69.736239 4795.007781 -69.736239 0.001643
8 80.000000 2.830235 -72.608879 -69.778643 4654.778969 -69.778643 0.001577
9 90.000000 2.820764 -72.553150 -69.732386 4639.203010 -69.732386 0.001521
10 100.000000 2.893686 -72.485849 -69.592163 4759.134027 -69.592163 0.001470
11 110.000000 2.912028 -72.410663 -69.498635 4789.301367 -69.498635 0.001429
12 120.000000 2.886863 -72.334047 -69.447184 4747.913066 -69.447184 0.001391
13 130.000000 2.748680 -72.263914 -69.515234 4520.648654 -69.515234 0.001361
14 140.000000 2.750680 -72.204229 -69.453548 4523.938426 -69.453548 0.001342
15 150.000000 2.755014 -72.168893 -69.413879 4531.065426 -69.413879 0.001328
16 160.000000 2.760391 -72.145828 -69.385436 4539.909791 -69.385436 0.001323
17 170.000000 2.737621 -72.132129 -69.394508 4502.459873 -69.394508 0.001325
18 180.000000 2.786754 -72.132067 -69.345313 4583.267159 -69.345313 0.001340
19 190.000000 2.855439 -72.148909 -69.293470 4696.230453 -69.293470 0.001357
20 200.000000 2.888992 -72.170991 -69.281999 4751.413431 -69.281999 0.001377
21 210.000000 2.998021 -72.212864 -69.214843 4930.730005 -69.214843 0.001399
22 220.000000 3.079215 -72.260397 -69.181182 5064.267369 -69.181182 0.001422
23 230.000000 3.055887 -72.308919 -69.253033 5025.899428 -69.253033 0.001445
24 240.000000 3.037684 -72.343197 -69.305514 4995.961459 -69.305514 0.001473
25 250.000000 3.085044 -72.362620 -69.277576 5073.853164 -69.277576 0.001512
26 260.000000 3.167936 -72.377799 -69.209863 5210.183463 -69.209863 0.001550
27 270.000000 3.335102 -72.394885 -69.059784 5485.113520 -69.059784 0.001591
28 280.000000 3.303404 -72.393284 -69.089880 5432.981168 -69.089880 0.001632
29 290.000000 3.289635 -72.369624 -69.079988 5410.336681 -69.079988 0.001676
30 300.000000 3.223199 -72.320780 -69.097581 5301.071664 -69.097581 0.001722
31 310.000000 3.247348 -72.283658 -69.036310 5340.789029 -69.036310 0.001752
32 320.000000 3.127589 -72.250949 -69.123360 5143.826200 -69.123360 0.001766
33 330.000000 3.110435 -72.246235 -69.135800 5115.613129 -69.135800 0.001760
34 340.000000 3.087653 -72.254252 -69.166600 5078.143949 -69.166600 0.001741
35 350.000000 2.993104 -72.264430 -69.271327 4922.642414 -69.271327 0.001707
36 360.000000 3.039866 -72.268967 -69.229101 4999.551172 -69.229101 0.001670
37 370.000000 2.899474 -72.268801 -69.369327 4768.654253 -69.369327 0.001636
38 380.000000 2.855354 -72.263007 -69.407652 4696.091808 -69.407652 0.001602
39 390.000000 2.891604 -72.242546 -69.350942 4755.709679 -69.350942 0.001579
40 400.000000 2.946562 -72.226288 -69.279726 4846.097572 -69.279726 0.001559
41 410.000000 3.129576 -72.195015 -69.065439 5147.092795 -69.065439 0.001549
42 420.000000 3.065169 -72.151076 -69.085908 5041.165090 -69.085908 0.001546
43 430.000000 3.081902 -72.104222 -69.022320 5068.686066 -69.022320 0.001544
44 440.000000 3.040252 -72.052729 -69.012477 5000.186451 -69.012477 0.001541
45 450.000000 3.051800 -71.999521 -68.947721 5019.178460 -68.947721 0.001537
46 460.000000 3.099589 -71.942487 -68.842898 5097.774306 -68.842898 0.001533
47 470.000000 3.082264 -71.897596 -68.815332 5069.281088 -68.815332 0.001532
48 480.000000 3.047632 -71.871746 -68.824114 5012.323159 -68.824114 0.001527
49 490.000000 3.102057 -71.856933 -68.754876 5101.834155 -68.754876 0.001510
50 500.000000 3.149396 -71.853399 -68.704004 5179.690454 -68.704004 0.001496
51 510.000000 3.214238 -71.857631 -68.643393 5286.334107 -68.643393 0.001476
52 520.000000 3.122587 -71.862108 -68.739521 5135.598623 -68.739521 0.001460
53 530.000000 3.291568 -71.869260 -68.577692 5413.515460 -68.577692 0.001443
54 540.000000 3.356365 -71.861304 -68.504939 5520.084961 -68.504939 0.001431
55 550.000000 3.502967 -71.855554 -68.352587 5761.195955 -68.352587 0.001420
56 560.000000 3.305344 -71.843049 -68.537705 5436.173078 -68.537705 0.001413
57 570.000000 3.352463 -71.848085 -68.495622 5513.667362 -68.495622 0.001400
58 580.000000 3.432863 -71.885822 -68.452959 5645.897926 -68.452959 0.001387
59 590.000000 3.456620 -71.932726 -68.476107 5684.969502 -68.476107 0.001371
60 600.000000 3.528299 -71.969061 -68.440762 5802.858102 -68.440762 0.001359
61 610.000000 3.634390 -71.998868 -68.364478 5977.341849 -68.364478 0.001349
62 620.000000 3.837725 -72.013778 -68.176053 6311.759504 -68.176053 0.001347
63 630.000000 3.715262 -72.017806 -68.302544 6110.348863 -68.302544 0.001350
64 640.000000 3.706634 -72.009652 -68.303017 6096.159227 -68.303017 0.001357
65 650.000000 3.751946 -72.003430 -68.251484 6170.681466 -68.251484 0.001369
66 660.000000 3.682242 -71.997499 -68.315256 6056.042636 -68.315256 0.001381
67 670.000000 3.762493 -71.990684 -68.228191 6188.028147 -68.228191 0.001398
68 680.000000 3.790882 -71.965505 -68.174623 6234.718152 -68.174623 0.001419
69 690.000000 3.839130 -71.934793 -68.095663 6314.069701 -68.095663 0.001449
70 700.000000 3.838020 -71.897645 -68.059625 6312.244149 -68.059625 0.001475
71 710.000000 3.685522 -71.864921 -68.179399 6061.435989 -68.179399 0.001499
72 720.000000 3.662150 -71.839951 -68.177801 6022.997653 -68.177801 0.001515
73 730.000000 3.681207 -71.834431 -68.153224 6054.339063 -68.153224 0.001529
74 740.000000 3.668674 -71.841136 -68.172462 6033.726600 -68.172462 0.001531
75 750.000000 3.621011 -71.854225 -68.233214 5955.337520 -68.233214 0.001524
76 760.000000 3.560626 -71.874068 -68.313442 5856.024736 -68.313442 0.001513
77 770.000000 3.617990 -71.890859 -68.272869 5950.368717 -68.272869 0.001496
78 780.000000 3.734755 -71.902452 -68.167697 6142.408144 -68.167697 0.001484
79 790.000000 3.714153 -71.893721 -68.179568 6108.524232 -68.179568 0.001469
80 800.000000 3.646318 -71.862310 -68.215992 5996.959674 -68.215992 0.001455
81 810.000000 3.676487 -71.805553 -68.129065 6046.577149 -68.129065 0.001452
82 820.000000 3.654916 -71.742814 -68.087898 6011.099508 -68.087898 0.001453
83 830.000000 3.485456 -71.683097 -68.197642 5732.394841 -68.197642 0.001453
84 840.000000 3.484107 -71.640395 -68.156288 5730.177217 -68.156288 0.001448
85 850.000000 3.456039 -71.613814 -68.157774 5684.015068 -68.157774 0.001434
86 860.000000 3.579782 -71.601968 -68.022186 5887.530153 -68.022186 0.001416
87 870.000000 3.522361 -71.588094 -68.065733 5793.091358 -68.065733 0.001396
88 880.000000 3.567046 -71.569116 -68.002070 5866.583863 -68.002070 0.001381
89 890.000000 3.397638 -71.543196 -68.145558 5587.964228 -68.145558 0.001372
90 900.000000 3.405034 -71.504250 -68.099215 5600.129413 -68.099215 0.001368
91 910.000000 3.306798 -71.460201 -68.153402 5438.564100 -68.153402 0.001369
92 920.000000 3.398407 -71.428134 -68.029727 5589.229697 -68.029727 0.001375
93 930.000000 3.420270 -71.397386 -67.977115 5625.187298 -67.977115 0.001379
94 940.000000 3.390119 -71.371737 -67.981618 5575.599168 -67.981618 0.001386
95 950.000000 3.411767 -71.354737 -67.942970 5611.202510 -67.942970 0.001391
96 960.000000 3.307523 -71.357259 -68.049736 5439.756511 -68.049736 0.001391
97 970.000000 3.367254 -71.361683 -67.994430 5537.992535 -67.994430 0.001387
98 980.000000 3.397648 -71.373871 -67.976223 5587.981309 -67.976223 0.001383
99 990.000000 3.418131 -71.391558 -67.973427 5621.669214 -67.973427 0.001376
100 1000.000000 3.539582 -71.405153 -67.865570 5821.415041 -67.865570 0.001371
101 1010.000000 3.613501 -71.418601 -67.805100 5942.986066 -67.805100 0.001369
102 1020.000000 3.673217 -71.434747 -67.761530 6041.198362 -67.761530 0.001370
103 1030.000000 3.606253 -71.451570 -67.845316 5931.066270 -67.845316 0.001374
104 1040.000000 3.604031 -71.454581 -67.850550 5927.410565 -67.850550 0.001381
105 1050.000000 3.559934 -71.453343 -67.893409 5854.886557 -67.893409 0.001391
106 1060.000000 3.639195 -71.448679 -67.809485 5985.243599 -67.809485 0.001395
107 1070.000000 3.550560 -71.433211 -67.882651 5839.469493 -67.882651 0.001402
108 1080.000000 3.638874 -71.412649 -67.773775 5984.715660 -67.773775 0.001409
109 1090.000000 3.560759 -71.401288 -67.840529 5856.243807 -67.840529 0.001418
110 1100.000000 3.635653 -71.391746 -67.756092 5979.419264 -67.756092 0.001433
111 1110.000000 3.811942 -71.375145 -67.563202 6269.355215 -67.563202 0.001446
112 1120.000000 3.729683 -71.361669 -67.631985 6134.067124 -67.631985 0.001459
113 1130.000000 3.579564 -71.335563 -67.755999 5887.171970 -67.755999 0.001474
114 1140.000000 3.504542 -71.278564 -67.774022 5763.785843 -67.774022 0.001492
115 1150.000000 3.420824 -71.212731 -67.791907 5626.098638 -67.791907 0.001510
116 1160.000000 3.213676 -71.167502 -67.953826 5285.409295 -67.953826 0.001519
117 1170.000000 3.018988 -71.162613 -68.143625 4965.214120 -68.143625 0.001509
118 1180.000000 3.052269 -71.179261 -68.126993 5019.949016 -68.126993 0.001493
119 1190.000000 3.112564 -71.207783 -68.095218 5119.115164 -68.095218 0.001470
120 1200.000000 3.112821 -71.242852 -68.130031 5119.536777 -68.130031 0.001447
121 1210.000000 3.195683 -71.271825 -68.076142 5255.816683 -68.076142 0.001428
122 1220.000000 3.203809 -71.295901 -68.092091 5269.181795 -68.092091 0.001413
123 1230.000000 3.319184 -71.300932 -67.981748 5458.934168 -67.981748 0.001405
124 1240.000000 3.200383 -71.288052 -68.087670 5263.546343 -68.087670 0.001405
125 1250.000000 3.357913 -71.264304 -67.906391 5522.630653 -67.906391 0.001410
126 1260.000000 3.326222 -71.233288 -67.907066 5470.509391 -67.907066 0.001415
127 1270.000000 3.306404 -71.202777 -67.896373 5437.915297 -67.896373 0.001421
128 1280.000000 3.351516 -71.189772 -67.838256 5512.110092 -67.838256 0.001423
129 1290.000000 3.268989 -71.194996 -67.926007 5376.380353 -67.926007 0.001417
130 1300.000000 3.217476 -71.215181 -67.997705 5291.658701 -67.997705 0.001408
131 1310.000000 3.158707 -71.244335 -68.085629 5195.003457 -68.085629 0.001396
132 1320.000000 3.204463 -71.277410 -68.072948 5270.256798 -68.072948 0.001381
133 1330.000000 3.309777 -71.310043 -68.000266 5443.463386 -68.000266 0.001374
134 1340.000000 3.405221 -71.340278 -67.935057 5600.435654 -67.935057 0.001364
135 1350.000000 3.375695 -71.371268 -67.995573 5551.875483 -67.995573 0.001361
136 1360.000000 3.237769 -71.393063 -68.155294 5325.033589 -68.155294 0.001361
137 1370.000000 3.355548 -71.406682 -68.051134 5518.741177 -68.051134 0.001372
138 1380.000000 3.458162 -71.421604 -67.963442 5687.506432 -67.963442 0.001387
139 1390.000000 3.470384 -71.429691 -67.959307 5707.607794 -67.959307 0.001404
140 1400.000000 3.463790 -71.443090 -67.979300 5696.762781 -67.979300 0.001414
141 1410.000000 3.442439 -71.450284 -68.007845 5661.646437 -68.007845 0.001424
142 1420.000000 3.483115 -71.448761 -67.965647 5728.544651 -67.965647 0.001436
143 1430.000000 3.538463 -71.443631 -67.905168 5819.573699 -67.905168 0.001446
144 1440.000000 3.577999 -71.437886 -67.859887 5884.598200 -67.859887 0.001456
145 1450.000000 3.495296 -71.432904 -67.937608 5748.578316 -67.937608 0.001464
146 1460.000000 3.564798 -71.435544 -67.870746 5862.886888 -67.870746 0.001465
147 1470.000000 3.643955 -71.442773 -67.798818 5993.072776 -67.798818 0.001467
148 1480.000000 3.723947 -71.447645 -67.723698 6124.633196 -67.723698 0.001473
149 1490.000000 3.653733 -71.448192 -67.794459 6009.153891 -67.794459 0.001475
150 1500.000000 3.671787 -71.435467 -67.763680 6038.847839 -67.763680 0.001470
151 1510.000000 3.475935 -71.413479 -67.937545 5716.736022 -67.937545 0.001473
152 1520.000000 3.378180 -71.398658 -68.020479 5555.962270 -68.020479 0.001471
153 1530.000000 3.500955 -71.389031 -67.888077 5757.885599 -67.888077 0.001468
154 1540.000000 3.453575 -71.379332 -67.925758 5679.961662 -67.925758 0.001464
155 1550.000000 3.364626 -71.371256 -68.006630 5533.671463 -68.006630 0.001462
156 1560.000000 3.456138 -71.383739 -67.927601 5684.177572 -67.927601 0.001453
157 1570.000000 3.534791 -71.404346 -67.869555 5813.535589 -67.869555 0.001445
158 1580.000000 3.660741 -71.419532 -67.758791 6020.680919 -67.758791 0.001438
159 1590.000000 3.719856 -71.430858 -67.711002 6117.905068 -67.711002 0.001431
160 1600.000000 3.736960 -71.433077 -67.696118 6146.034183 -67.696118 0.001427
161 1610.000000 3.700176 -71.415841 -67.715665 6085.537857 -67.715665 0.001432
162 1620.000000 3.845259 -71.379546 -67.534287 6324.149870 -67.534287 0.001442
163 1630.000000 3.794073 -71.350684 -67.556611 6239.966486 -67.556611 0.001444
164 1640.000000 3.723843 -71.337177 -67.613334 6124.460762 -67.613334 0.001443
165 1650.000000 3.851625 -71.344058 -67.492433 6334.619305 -67.492433 0.001432
166 1660.000000 3.879057 -71.366057 -67.487000 6379.736397 -67.487000 0.001414
167 1670.000000 3.879542 -71.393859 -67.514317 6380.533160 -67.514317 0.001396
168 1680.000000 3.620740 -71.411123 -67.790383 5954.892322 -67.790383 0.001379
169 1690.000000 3.448761 -71.407987 -67.959227 5672.043994 -67.959227 0.001372
170 1700.000000 3.518556 -71.402946 -67.884389 5786.834195 -67.884389 0.001369
171 1710.000000 3.417383 -71.382914 -67.965530 5620.439182 -67.965530 0.001366
172 1720.000000 3.419913 -71.367645 -67.947732 5624.599535 -67.947732 0.001365
173 1730.000000 3.402430 -71.351713 -67.949284 5595.845728 -67.949284 0.001361
174 1740.000000 3.260609 -71.333526 -68.072917 5362.599053 -68.072917 0.001354
175 1750.000000 3.315117 -71.326087 -68.010970 5452.244784 -68.010970 0.001352
176 1760.000000 3.488464 -71.331695 -67.843231 5737.342925 -67.843231 0.001353
177 1770.000000 3.396520 -71.349310 -67.952790 5586.125778 -67.952790 0.001351
178 1780.000000 3.423590 -71.369684 -67.946094 5630.647080 -67.946094 0.001348
179 1790.000000 3.398802 -71.393393 -67.994591 5589.879464 -67.994591 0.001344
180 1800.000000 3.392004 -71.420394 -68.028391 5578.698540 -68.028391 0.001341
181 1810.000000 3.395205 -71.454551 -68.059346 5583.963922 -68.059346 0.001340
182 1820.000000 3.426710 -71.481244 -68.054534 5635.778407 -68.054534 0.001342
183 1830.000000 3.415388 -71.502466 -68.087078 5617.157463 -68.087078 0.001353
184 1840.000000 3.334548 -71.515331 -68.180783 5484.202233 -68.180783 0.001367
185 1850.000000 3.373344 -71.524229 -68.150885 5548.009790 -68.150885 0.001379
186 1860.000000 3.412164 -71.551202 -68.139038 5611.854693 -68.139038 0.001384
187 1870.000000 3.593415 -71.586374 -67.992959 5909.951180 -67.992959 0.001388
188 1880.000000 3.620526 -71.614658 -67.994132 5954.539988 -67.994132 0.001390
189 1890.000000 3.696612 -71.636926 -67.940314 6079.675402 -67.940314 0.001389
190 1900.000000 3.690127 -71.653640 -67.963513 6069.010062 -67.963513 0.001396
191 1910.000000 3.848422 -71.655456 -67.807033 6329.352297 -67.807033 0.001405
192 1920.000000 3.764702 -71.632836 -67.868133 6191.661405 -67.868133 0.001417
193 1930.000000 3.798881 -71.605048 -67.806167 6247.874099 -67.806167 0.001429
194 1940.000000 3.804943 -71.591173 -67.786230 6257.844268 -67.786230 0.001438
195 1950.000000 3.593352 -71.613138 -68.019786 5909.847403 -68.019786 0.001441
196 1960.000000 3.508649 -71.657339 -68.148691 5770.539754 -68.148691 0.001435
197 1970.000000 3.440963 -71.693608 -68.252645 5659.219372 -68.252645 0.001428
198 1980.000000 3.494464 -71.724455 -68.229991 5747.210702 -68.229991 0.001426
199 1990.000000 3.513367 -71.732646 -68.219279 5778.299375 -68.219279 0.001425
200 2000.000000 3.613583 -71.726596 -68.113013 5943.120572 -68.113013 0.001419
201 2010.000000 3.716031 -71.712852 -67.996821 6111.613089 -67.996821 0.001411
202 2020.000000 3.761117 -71.701038 -67.939921 6185.764691 -67.939921 0.001402
203 2030.000000 3.615196 -71.688022 -68.072826 5945.773862 -68.072826 0.001392
204 2040.000000 3.409497 -71.671407 -68.261909 5607.469373 -68.261909 0.001384
205 2050.000000 3.387496 -71.640124 -68.252628 5571.283852 -68.252628 0.001383
206 2060.000000 3.612128 -71.603960 -67.991832 5940.728161 -67.991832 0.001393
207 2070.000000 3.586855 -71.554719 -67.967864 5899.162426 -67.967864 0.001408
208 2080.000000 3.627402 -71.507130 -67.879728 5965.848740 -67.879728 0.001421
209 2090.000000 3.535176 -71.478854 -67.943678 5814.168181 -67.943678 0.001430
210 2100.000000 3.416293 -71.470353 -68.054060 5618.645185 -68.054060 0.001438
211 2110.000000 3.545259 -71.494153 -67.948895 5830.750511 -67.948895 0.001436
212 2120.000000 3.501155 -71.523839 -68.022684 5758.214344 -68.022684 0.001438
213 2130.000000 3.562399 -71.558702 -67.996302 5858.941028 -67.996302 0.001438
214 2140.000000 3.515116 -71.594794 -68.079678 5781.175791 -68.079678 0.001443
215 2150.000000 3.518758 -71.631687 -68.112929 5787.165946 -68.112929 0.001448
216 2160.000000 3.607442 -71.659998 -68.052556 5933.022073 -68.052556 0.001459
217 2170.000000 3.602084 -71.673786 -68.071702 5924.209400 -68.071702 0.001473
218 2180.000000 3.341304 -71.664915 -68.323611 5495.315029 -68.323611 0.001499
219 2190.000000 3.169458 -71.642714 -68.473257 5212.685073 -68.473257 0.001526
220 2200.000000 3.059846 -71.619783 -68.559937 5032.411271 -68.559937 0.001551
221 2210.000000 3.110199 -71.607093 -68.496895 5115.224344 -68.496895 0.001569
222 2220.000000 3.189948 -71.620928 -68.430979 5246.385504 -68.430979 0.001583
223 2230.000000 3.219822 -71.642168 -68.422346 5295.517818 -68.422346 0.001584
224 2240.000000 3.424265 -71.656499 -68.232234 5631.757054 -68.232234 0.001582
225 2250.000000 3.535431 -71.676607 -68.141175 5814.588311 -68.141175 0.001580
226 2260.000000 3.534166 -71.709812 -68.175646 5812.506660 -68.175646 0.001574
227 2270.000000 3.640673 -71.747467 -68.106794 5987.674281 -68.106794 0.001563
228 2280.000000 3.447094 -71.772328 -68.325234 5669.302780 -68.325234 0.001557
229 2290.000000 3.521764 -71.779960 -68.258196 5792.110018 -68.258196 0.001553
230 2300.000000 3.643643 -71.774321 -68.130678 5992.559779 -68.130678 0.001551
231 2310.000000 3.446158 -71.740562 -68.294404 5667.763546 -68.294404 0.001555
232 2320.000000 3.472082 -71.688573 -68.216491 5710.400530 -68.216491 0.001563
233 2330.000000 3.314837 -71.617114 -68.302277 5451.785202 -68.302277 0.001576
234 2340.000000 3.303622 -71.552805 -68.249183 5433.340805 -68.249183 0.001581
235 2350.000000 3.203935 -71.524641 -68.320706 5269.389001 -68.320706 0.001576
236 2360.000000 3.330201 -71.540186 -68.209985 5477.053437 -68.209985 0.001556
237 2370.000000 3.536549 -71.589931 -68.053382 5816.425515 -68.053382 0.001533
238 2380.000000 3.544630 -71.629730 -68.085100 5829.716510 -68.085100 0.001510
239 2390.000000 3.725697 -71.649375 -67.923678 6127.510050 -67.923678 0.001486
240 2400.000000 3.788740 -71.649170 -67.860429 6231.195224 -67.860429 0.001466
241 2410.000000 3.643274 -71.649903 -68.006629 5991.953194 -68.006629 0.001448
242 2420.000000 3.685905 -71.650599 -67.964693 6062.067039 -67.964693 0.001435
243 2430.000000 3.627451 -71.642392 -68.014941 5965.929095 -68.014941 0.001428
244 2440.000000 3.769110 -71.618273 -67.849163 6198.910853 -67.849163 0.001424
245 2450.000000 3.654856 -71.587192 -67.932336 6011.001509 -67.932336 0.001423
246 2460.000000 3.695053 -71.558175 -67.863122 6077.110971 -67.863122 0.001420
247 2470.000000 3.730089 -71.540742 -67.810653 6134.733792 -67.810653 0.001405
248 2480.000000 3.755266 -71.541257 -67.785991 6176.141340 -67.785991 0.001384
249 2490.000000 3.736790 -71.545202 -67.808412 6145.754373 -67.808412 0.001356
250 2500.000000 3.633305 -71.548335 -67.915030 5975.557128 -67.915030 0.001332
251 2510.000000 3.532996 -71.551262 -68.018266 5810.583113 -68.018266 0.001306
252 2520.000000 3.640837 -71.541013 -67.900176 5987.944976 -67.900176 0.001284
253 2530.000000 3.628445 -71.528463 -67.900018 5967.564212 -67.900018 0.001269
254 2540.000000 3.749856 -71.512735 -67.762879 6167.243937 -67.762879 0.001258
255 2550.000000 3.549432 -71.494937 -67.945504 5837.615285 -67.945504 0.001251
256 2560.000000 3.404276 -71.481624 -68.077348 5598.882080 -68.077348 0.001244
257 2570.000000 3.400086 -71.471867 -68.071781 5591.990148 -68.071781 0.001244
258 2580.000000 3.316021 -71.467488 -68.151466 5453.733053 -68.151466 0.001245
259 2590.000000 3.436089 -71.456425 -68.020336 5651.203137 -68.020336 0.001255
260 2600.000000 3.582494 -71.437459 -67.854964 5891.990611 -67.854964 0.001270
261 2610.000000 3.719689 -71.417145 -67.697455 6117.630327 -67.697455 0.001277
262 2620.000000 3.602196 -71.392461 -67.790265 5924.393622 -67.790265 0.001289
263 2630.000000 3.597773 -71.366776 -67.769003 5917.118799 -67.769003 0.001310
264 2640.000000 3.779903 -71.342558 -67.562655 6216.661273 -67.562655 0.001335
265 2650.000000 3.805600 -71.326123 -67.520523 6258.923707 -67.520523 0.001360
266 2660.000000 3.716640 -71.332125 -67.615485 6112.614260 -67.615485 0.001376
267 2670.000000 3.796459 -71.347281 -67.550822 6243.890543 -67.550822 0.001391
268 2680.000000 3.903199 -71.353481 -67.450282 6419.441799 -67.450282 0.001403
269 2690.000000 3.741410 -71.363241 -67.621831 6153.353502 -67.621831 0.001411
270 2700.000000 3.746802 -71.368814 -67.622012 6162.220576 -67.622012 0.001417
271 2710.000000 3.848373 -71.369087 -67.520714 6329.271952 -67.520714 0.001416
272 2720.000000 3.758193 -71.371889 -67.613696 6180.956083 -67.613696 0.001417
273 2730.000000 3.673943 -71.375315 -67.701372 6042.392467 -67.701372 0.001413
274 2740.000000 3.626469 -71.367874 -67.741404 5964.314718 -67.741404 0.001408
275 2750.000000 3.636984 -71.368218 -67.731234 5981.607991 -67.731234 0.001406
276 2760.000000 3.643390 -71.354801 -67.711411 5992.144234 -67.711411 0.001402
277 2770.000000 3.490724 -71.331145 -67.840421 5741.060130 -67.840421 0.001400
278 2780.000000 3.546506 -71.304529 -67.758023 5832.802503 -67.758023 0.001400
279 2790.000000 3.640278 -71.276077 -67.635799 5987.025298 -67.635799 0.001399
280 2800.000000 3.703897 -71.237027 -67.533130 6091.656903 -67.533130 0.001393
281 2810.000000 3.604802 -71.203921 -67.599119 5928.679733 -67.599119 0.001386
282 2820.000000 3.360644 -71.173809 -67.813165 5527.121549 -67.813165 0.001377
283 2830.000000 3.288705 -71.144888 -67.856183 5408.806069 -67.856183 0.001370
284 2840.000000 3.235339 -71.125145 -67.889805 5321.038216 -67.889805 0.001357
285 2850.000000 3.158916 -71.111271 -67.952356 5195.347010 -67.952356 0.001346
286 2860.000000 3.089424 -71.103882 -68.014458 5081.056311 -68.014458 0.001331
287 2870.000000 3.209840 -71.107406 -67.897566 5279.101346 -67.897566 0.001318
288 2880.000000 3.245984 -71.121585 -67.875601 5338.545759 -67.875601 0.001304
289 2890.000000 3.255374 -71.144363 -67.888989 5353.989223 -67.888989 0.001293
290 2900.000000 3.307291 -71.170480 -67.863188 5439.375024 -67.863188 0.001282
291 2910.000000 3.298174 -71.192231 -67.894057 5424.379589 -67.894057 0.001276
292 2920.000000 3.396575 -71.217130 -67.820555 5586.216841 -67.820555 0.001280
293 2930.000000 3.487286 -71.232953 -67.745667 5735.405454 -67.745667 0.001287
294 2940.000000 3.512141 -71.252580 -67.740439 5776.283121 -67.740439 0.001292
295 2950.000000 3.544784 -71.262849 -67.718065 5829.969539 -67.718065 0.001301
296 2960.000000 3.519231 -71.263031 -67.743800 5787.943530 -67.743800 0.001315
297 2970.000000 3.613108 -71.241363 -67.628255 5942.340346 -67.628255 0.001331
298 2980.000000 3.518064 -71.193241 -67.675177 5786.024014 -67.675177 0.001354
299 2990.000000 3.545689 -71.135030 -67.589341 5831.458314 -67.589341 0.001379
300 3000.000000 3.712091 -71.087526 -67.375435 6105.133669 -67.375435 0.001403
301 3010.000000 3.776302 -71.062133 -67.285830 6210.739380 -67.285830 0.001419
302 3020.000000 3.599404 -71.046838 -67.447434 5919.800770 -67.447434 0.001427
303 3030.000000 3.692072 -71.043411 -67.351339 6072.209616 -67.351339 0.001428
304 3040.000000 3.654065 -71.055747 -67.401682 6009.700742 -67.401682 0.001415
305 3050.000000 3.575410 -71.078492 -67.503082 5880.340080 -67.503082 0.001399
306 3060.000000 3.612113 -71.099435 -67.487322 5940.703879 -67.487322 0.001385
307 3070.000000 3.692466 -71.107639 -67.415173 6072.856898 -67.415173 0.001366
308 3080.000000 3.621605 -71.099630 -67.478025 5956.314044 -67.478025 0.001354
309 3090.000000 3.717689 -71.098260 -67.380572 6114.339606 -67.380572 0.001342
310 3100.000000 3.803833 -71.104554 -67.300721 6256.018534 -67.300721 0.001327
311 3110.000000 4.047777 -71.123148 -67.075371 6657.223927 -67.075371 0.001311
312 3120.000000 3.955603 -71.128825 -67.173222 6505.628419 -67.173222 0.001302
313 3130.000000 4.007531 -71.127670 -67.120139 6591.031643 -67.120139 0.001301
314 3140.000000 3.999988 -71.130692 -67.130705 6578.625856 -67.130705 0.001302
315 3150.000000 3.934814 -71.120727 -67.185913 6471.437456 -67.185913 0.001308
316 3160.000000 3.931750 -71.104158 -67.172408 6466.398362 -67.172408 0.001315
317 3170.000000 3.893941 -71.081586 -67.187645 6404.214751 -67.187645 0.001326
318 3180.000000 3.900529 -71.060811 -67.160282 6415.049867 -67.160282 0.001339
319 3190.000000 3.870445 -71.057375 -67.186930 6365.572041 -67.186930 0.001346
320 3200.000000 3.842290 -71.066360 -67.224070 6319.267491 -67.224070 0.001346
321 3210.000000 3.818694 -71.088492 -67.269799 6280.458902 -67.269799 0.001345
322 3220.000000 3.646296 -71.103791 -67.457495 5996.922161 -67.457495 0.001337
323 3230.000000 3.681319 -71.120593 -67.439274 6054.524365 -67.439274 0.001332
324 3240.000000 3.551417 -71.129672 -67.578255 5840.878555 -67.578255 0.001337
325 3250.000000 3.611189 -71.132105 -67.520917 5939.183643 -67.520917 0.001344
326 3260.000000 3.690772 -71.131733 -67.440961 6070.070150 -67.440961 0.001357
327 3270.000000 3.507199 -71.125022 -67.617824 5768.154927 -67.617824 0.001378
328 3280.000000 3.591268 -71.117843 -67.526574 5906.421248 -67.526574 0.001397
329 3290.000000 3.465759 -71.098297 -67.632538 5700.000553 -67.632538 0.001420
330 3300.000000 3.434985 -71.082995 -67.648010 5649.388552 -67.648010 0.001441
331 3310.000000 3.548492 -71.055528 -67.507036 5836.068155 -67.507036 0.001457
332 3320.000000 3.662752 -71.020950 -67.358198 6023.988076 -67.358198 0.001475
333 3330.000000 3.547775 -70.985696 -67.437921 5834.888497 -67.437921 0.001487
334 3340.000000 3.454383 -70.968193 -67.513810 5681.291144 -67.513810 0.001488
335 3350.000000 3.476500 -70.977064 -67.500565 5717.665200 -67.500565 0.001476
336 3360.000000 3.713532 -71.000399 -67.286867 6107.503866 -67.286867 0.001453
337 3370.000000 3.658898 -71.033117 -67.374219 6017.648416 -67.374219 0.001425
338 3380.000000 3.745635 -71.061752 -67.316117 6160.302006 -67.316117 0.001397
339 3390.000000 3.729865 -71.086338 -67.356473 6134.366394 -67.356473 0.001369
340 3400.000000 3.786932 -71.102266 -67.315335 6228.221247 -67.315335 0.001346
341 3410.000000 3.829131 -71.114567 -67.285436 6297.624518 -67.285436 0.001324
342 3420.000000 3.843167 -71.124243 -67.281076 6320.709626 -67.281076 0.001308
343 3430.000000 3.794585 -71.127368 -67.332783 6240.807843 -67.332783 0.001298
344 3440.000000 3.693778 -71.112488 -67.418710 6075.014793 -67.418710 0.001296
345 3450.000000 3.620511 -71.077934 -67.457422 5954.515553 -67.457422 0.001299
346 3460.000000 3.640524 -71.034775 -67.394251 5987.430272 -67.394251 0.001307
347 3470.000000 3.599896 -70.984220 -67.384324 5920.611308 -67.384324 0.001312
348 3480.000000 3.604298 -70.949499 -67.345201 5927.850447 -67.345201 0.001307
349 3490.000000 3.550898 -70.923957 -67.373058 5840.025590 -67.373058 0.001302
350 3500.000000 3.470191 -70.897620 -67.427428 5707.290351 -67.427428 0.001297
351 3510.000000 3.404450 -70.873904 -67.469454 5599.168565 -67.469454 0.001290
352 3520.000000 3.335114 -70.848533 -67.513419 5485.133598 -67.513419 0.001286
353 3530.000000 3.223689 -70.822160 -67.598471 5301.877125 -67.598471 0.001286
354 3540.000000 3.121926 -70.796548 -67.674623 5134.511408 -67.674623 0.001283
355 3550.000000 3.251759 -70.771875 -67.520116 5348.043233 -67.520116 0.001283
356 3560.000000 3.196610 -70.750881 -67.554270 5257.342205 -67.554270 0.001280
357 3570.000000 3.235208 -70.735523 -67.500315 5320.822485 -67.500315 0.001281
358 3580.000000 3.382675 -70.736159 -67.353484 5563.355537 -67.353484 0.001284
359 3590.000000 3.403538 -70.753424 -67.349886 5597.668158 -67.349886 0.001283
360 3600.000000 3.552070 -70.782277 -67.230207 5841.952641 -67.230207 0.001289
361 3610.000000 3.746512 -70.816330 -67.069818 6161.744994 -67.069818 0.001298
362 3620.000000 3.745142 -70.849701 -67.104559 6159.490909 -67.104559 0.001312
363 3630.000000 3.752986 -70.873674 -67.120688 6172.392178 -67.120688 0.001326
364 3640.000000 3.751807 -70.889798 -67.137991 6170.453072 -67.137991 0.001338
365 3650.000000 3.643745 -70.892460 -67.248715 5992.727589 -67.248715 0.001357
366 3660.000000 3.673199 -70.873828 -67.200629 6041.169674 -67.200629 0.001379
367 3670.000000 3.713654 -70.853127 -67.139473 6107.704382 -67.139473 0.001401
368 3680.000000 3.728794 -70.842778 -67.113984 6132.603659 -67.113984 0.001421
369 3690.000000 3.717773 -70.861927 -67.144153 6114.478935 -67.144153 0.001429
370 3700.000000 3.713267 -70.896462 -67.183195 6107.067165 -67.183195 0.001433
371 3710.000000 3.747343 -70.936736 -67.189394 6163.110618 -67.189394 0.001430
372 3720.000000 3.764118 -70.968513 -67.204394 6190.700731 -67.204394 0.001429
373 3730.000000 3.700599 -70.984130 -67.283531 6086.232771 -67.283531 0.001426
374 3740.000000 3.669587 -70.975822 -67.306235 6035.228261 -67.306235 0.001427
375 3750.000000 3.697403 -70.936451 -67.239049 6080.975920 -67.239049 0.001438
376 3760.000000 3.527592 -70.887545 -67.359953 5801.695498 -67.359953 0.001450
377 3770.000000 3.363887 -70.872910 -67.509023 5532.455158 -67.509023 0.001450
378 3780.000000 3.481085 -70.888270 -67.407185 5725.206351 -67.407185 0.001442
379 3790.000000 3.452373 -70.939493 -67.487120 5677.984647 -67.487120 0.001418
380 3800.000000 3.582150 -70.991087 -67.408937 5891.424830 -67.408937 0.001396
381 3810.000000 3.625491 -71.021713 -67.396223 5962.705314 -67.396223 0.001379
382 3820.000000 3.596455 -71.037062 -67.440606 5914.951518 -67.440606 0.001357
383 3830.000000 3.523747 -71.040361 -67.516614 5795.371526 -67.516614 0.001339
384 3840.000000 3.591909 -71.040001 -67.448092 5907.475487 -67.448092 0.001328
385 3850.000000 3.615293 -71.030072 -67.414779 5945.932945 -67.414779 0.001317
386 3860.000000 3.512256 -71.024255 -67.511999 5776.472958 -67.511999 0.001311
387 3870.000000 3.456901 -71.014654 -67.557752 5685.432468 -67.557752 0.001309
388 3880.000000 3.294924 -71.007197 -67.712274 5419.034428 -67.712274 0.001310
389 3890.000000 3.361274 -71.003957 -67.642683 5528.158446 -67.642683 0.001316
390 3900.000000 3.382714 -71.007083 -67.624369 5563.419659 -67.624369 0.001324
391 3910.000000 3.276801 -71.012453 -67.735652 5389.228001 -67.735652 0.001333
392 3920.000000 3.311770 -71.024259 -67.712489 5446.741684 -67.712489 0.001345
393 3930.000000 3.244878 -71.039262 -67.794384 5336.726420 -67.794384 0.001362
394 3940.000000 3.304694 -71.057479 -67.752785 5435.102759 -67.752785 0.001378
395 3950.000000 3.281166 -71.064328 -67.783162 5396.407781 -67.783162 0.001397
396 3960.000000 3.351324 -71.074390 -67.723066 5511.793029 -67.723066 0.001416
397 3970.000000 3.210431 -71.079681 -67.869250 5280.072069 -67.869250 0.001439
398 3980.000000 3.228301 -71.099683 -67.871382 5309.463008 -67.871382 0.001456
399 3990.000000 3.318332 -71.141457 -67.823125 5457.533209 -67.823125 0.001460
400 4000.000000 3.372935 -71.199611 -67.826675 5547.337009 -67.826675 0.001458
401 4010.000000 3.394684 -71.245065 -67.850382 5583.105805 -67.850382 0.001456
402 4020.000000 3.426491 -71.267811 -67.841320 5635.417638 -67.841320 0.001457
403 4030.000000 3.367762 -71.284048 -67.916286 5538.829242 -67.916286 0.001462
404 4040.000000 3.509601 -71.301060 -67.791459 5772.106316 -67.791459 0.001466
405 4050.000000 3.441850 -71.315790 -67.873939 5660.679176 -67.873939 0.001468
406 4060.000000 3.329537 -71.327154 -67.997616 5475.962179 -67.997616 0.001465
407 4070.000000 3.292325 -71.336466 -68.044141 5414.760047 -68.044141 0.001456
408 4080.000000 3.306960 -71.348454 -68.041494 5438.830411 -68.041494 0.001446
409 4090.000000 3.272800 -71.358357 -68.085557 5382.647935 -68.085557 0.001429
410 4100.000000 3.267192 -71.376565 -68.109373 5373.425485 -68.109373 0.001413
411 4110.000000 3.339827 -71.390680 -68.050852 5492.885851 -68.050852 0.001404
412 4120.000000 3.412223 -71.395802 -67.983579 5611.951561 -67.983579 0.001399
413 4130.000000 3.537341 -71.377898 -67.840557 5817.729407 -67.840557 0.001396
414 4140.000000 3.438731 -71.343659 -67.904929 5655.548578 -67.904929 0.001399
415 4150.000000 3.430693 -71.296210 -67.865516 5642.329700 -67.865516 0.001405
416 4160.000000 3.495383 -71.248190 -67.752806 5748.722439 -67.752806 0.001414
417 4170.000000 3.370705 -71.207358 -67.836653 5543.669293 -67.836653 0.001418
418 4180.000000 3.414497 -71.173333 -67.758836 5615.692711 -67.758836 0.001419
419 4190.000000 3.479904 -71.146831 -67.666927 5723.265225 -67.666927 0.001421
420 4200.000000 3.516882 -71.129414 -67.612533 5784.080177 -67.612533 0.001417
421 4210.000000 3.547510 -71.123078 -67.575569 5834.452913 -67.575569 0.001406
422 4220.000000 3.676500 -71.116358 -67.439857 6046.599075 -67.439857 0.001395
423 4230.000000 3.554776 -71.108644 -67.553868 5846.403549 -67.553868 0.001380
424 4240.000000 3.645043 -71.100964 -67.455921 5994.862760 -67.455921 0.001359
425 4250.000000 3.730154 -71.085343 -67.355189 6134.841408 -67.355189 0.001337
426 4260.000000 3.808653 -71.067805 -67.259152 6263.945976 -67.259152 0.001311
427 4270.000000 3.657747 -71.056765 -67.399018 6015.756037 -67.399018 0.001285
428 4280.000000 3.483282 -71.044162 -67.560881 5728.819618 -67.560881 0.001262
429 4290.000000 3.300661 -71.024301 -67.723639 5428.470591 -67.723639 0.001246
430 4300.000000 3.285122 -71.001809 -67.716688 5402.913161 -67.716688 0.001233
431 4310.000000 3.258951 -70.982727 -67.723776 5359.871237 -67.723776 0.001223
432 4320.000000 3.304348 -70.971516 -67.667168 5434.534607 -67.667168 0.001210
433 4330.000000 3.401480 -70.952517 -67.551037 5594.283297 -67.551037 0.001205
434 4340.000000 3.238563 -70.939777 -67.701213 5326.340440 -67.701213 0.001199
435 4350.000000 3.016585 -70.936721 -67.920136 4961.261633 -67.920136 0.001196
436 4360.000000 3.045379 -70.933339 -67.887960 5008.617698 -67.887960 0.001200
437 4370.000000 3.113010 -70.941046 -67.828036 5119.848305 -67.828036 0.001200
438 4380.000000 3.187220 -70.942697 -67.755478 5241.897925 -67.755478 0.001201
439 4390.000000 3.154986 -70.946149 -67.791162 5188.885038 -67.791162 0.001206
440 4400.000000 3.169597 -70.946792 -67.777195 5212.915092 -67.777195 0.001214
441 4410.000000 3.106394 -70.953093 -67.846699 5108.966914 -67.846699 0.001223
442 4420.000000 3.189372 -70.954955 -67.765584 5245.437374 -67.765584 0.001231
443 4430.000000 3.214172 -70.954284 -67.740112 5286.224855 -67.740112 0.001243
444 4440.000000 3.138230 -70.957204 -67.818974 5161.326193 -67.818974 0.001253
445 4450.000000 3.055983 -70.964860 -67.908877 5026.058191 -67.908877 0.001267
446 4460.000000 3.052585 -70.979698 -67.927114 5020.468561 -67.927114 0.001281
447 4470.000000 3.050846 -71.000884 -67.950038 5017.609021 -67.950038 0.001297
448 4480.000000 3.077649 -71.023418 -67.945770 5061.690495 -67.945770 0.001316
449 4490.000000 3.063488 -71.048820 -67.985332 5038.400880 -67.985332 0.001336
450 4500.000000 3.216907 -71.074597 -67.857691 5290.722725 -67.857691 0.001352
451 4510.000000 3.285517 -71.095464 -67.809948 5403.562816 -67.809948 0.001366
452 4520.000000 3.182753 -71.098788 -67.916035 5234.551741 -67.916035 0.001383
453 4530.000000 3.218314 -71.100948 -67.882633 5293.037976 -67.882633 0.001398
454 4540.000000 3.341764 -71.117898 -67.776135 5496.070156 -67.776135 0.001406
455 4550.000000 3.375579 -71.157739 -67.782160 5551.685379 -67.782160 0.001403
456 4560.000000 3.395573 -71.203582 -67.808009 5584.569105 -67.808009 0.001399
457 4570.000000 3.549539 -71.229751 -67.680212 5837.790094 -67.680212 0.001399
458 4580.000000 3.567734 -71.225901 -67.658167 5867.715833 -67.658167 0.001405
459 4590.000000 3.611381 -71.191657 -67.580276 5939.499078 -67.580276 0.001415
460 4600.000000 3.613055 -71.155132 -67.542078 5942.251974 -67.542078 0.001429
461 4610.000000 3.735644 -71.125317 -67.389673 6143.870031 -67.389673 0.001442
462 4620.000000 3.820299 -71.107314 -67.287015 6283.099128 -67.287015 0.001456
463 4630.000000 3.801958 -71.100520 -67.298563 6252.933668 -67.298563 0.001472
464 4640.000000 3.705625 -71.112233 -67.406607 6094.499498 -67.406607 0.001485
465 4650.000000 3.734327 -71.131956 -67.397629 6141.704248 -67.397629 0.001484
466 4660.000000 3.686014 -71.158037 -67.472023 6062.246139 -67.472023 0.001470
467 4670.000000 3.710247 -71.186263 -67.476016 6102.100417 -67.476016 0.001453
468 4680.000000 3.703613 -71.210685 -67.507072 6091.189340 -67.507072 0.001430
469 4690.000000 3.644412 -71.229943 -67.585531 5993.823800 -67.585531 0.001401
470 4700.000000 3.427711 -71.235947 -67.808235 5637.424916 -67.808235 0.001377
471 4710.000000 3.290911 -71.215196 -67.924285 5412.435616 -67.924285 0.001360
472 4720.000000 3.232526 -71.193498 -67.960972 5316.411642 -67.960972 0.001350
473 4730.000000 3.188024 -71.174976 -67.986953 5243.220398 -67.986953 0.001342
474 4740.000000 3.141320 -71.167128 -68.025809 5166.407935 -68.025809 0.001336
475 4750.000000 3.154455 -71.176683 -68.022227 5188.011631 -68.022227 0.001327
476 4760.000000 3.132067 -71.201222 -68.069155 5151.190494 -68.069155 0.001319
477 4770.000000 3.204639 -71.239432 -68.034793 5270.546098 -68.034793 0.001311
478 4780.000000 3.235748 -71.271818 -68.036070 5321.710545 -68.036070 0.001312
479 4790.000000 3.325042 -71.289009 -67.963968 5468.568474 -67.963968 0.001317
480 4800.000000 3.300816 -71.287028 -67.986212 5428.725950 -67.986212 0.001331
481 4810.000000 3.274619 -71.281142 -68.006523 5385.639267 -68.006523 0.001347
482 4820.000000 3.263672 -71.269830 -68.006158 5367.635774 -68.006158 0.001367
483 4830.000000 3.333922 -71.270053 -67.936131 5483.173777 -67.936131 0.001382
484 4840.000000 3.314701 -71.280037 -67.965336 5451.561074 -67.965336 0.001398
485 4850.000000 3.248954 -71.288915 -68.039960 5343.430638 -68.039960 0.001406
486 4860.000000 3.304704 -71.299062 -67.994357 5435.120511 -67.994357 0.001409
487 4870.000000 3.288807 -71.298242 -68.009435 5408.973999 -68.009435 0.001413
488 4880.000000 3.399380 -71.290750 -67.891369 5590.830340 -67.891369 0.001416
489 4890.000000 3.251559 -71.270694 -68.019135 5347.713616 -68.019135 0.001424
490 4900.000000 3.197728 -71.242745 -68.045016 5259.181016 -68.045016 0.001433
491 4910.000000 3.188218 -71.241391 -68.053174 5243.539098 -68.053174 0.001431
492 4920.000000 3.077269 -71.255246 -68.177976 5061.066898 -68.177976 0.001419
493 4930.000000 3.123817 -71.284568 -68.160751 5137.622212 -68.160751 0.001401
494 4940.000000 3.252880 -71.293459 -68.040579 5349.887086 -68.040579 0.001382
495 4950.000000 3.326296 -71.284600 -67.958304 5470.631368 -67.958304 0.001367
496 4960.000000 3.385990 -71.269272 -67.883282 5568.807323 -67.883282 0.001359
497 4970.000000 3.360040 -71.264466 -67.904426 5526.128716 -67.904426 0.001347
498 4980.000000 3.577466 -71.271220 -67.693754 5883.721615 -67.693754 0.001336
499 4990.000000 3.546136 -71.271075 -67.724939 5832.194244 -67.724939 0.001326
500 5000.000000 3.617672 -71.272590 -67.654918 5949.846653 -67.654918 0.001322
501 5010.000000 3.713341 -71.272422 -67.559081 6107.188734 -67.559081 0.001326
502 5020.000000 3.718031 -71.259041 -67.541010 6114.903252 -67.541010 0.001337
503 5030.000000 3.601344 -71.238221 -67.636877 5922.992387 -67.636877 0.001352
504 5040.000000 3.632370 -71.217043 -67.584673 5974.019189 -67.584673 0.001368
505 5050.000000 3.664344 -71.193795 -67.529451 6026.605202 -67.529451 0.001383
506 5060.000000 3.660612 -71.184071 -67.523459 6020.467469 -67.523459 0.001383
507 5070.000000 3.619603 -71.185974 -67.566372 5953.021623 -67.566372 0.001384
508 5080.000000 3.574617 -71.185307 -67.610690 5879.035918 -67.610690 0.001376
509 5090.000000 3.717435 -71.189823 -67.472388 6113.922579 -67.472388 0.001365
510 5100.000000 3.671889 -71.198976 -67.527087 6039.014768 -67.527087 0.001350
511 5110.000000 3.739992 -71.198281 -67.458289 6151.021089 -67.458289 0.001333
512 5120.000000 3.725721 -71.184474 -67.458753 6127.550082 -67.458753 0.001318
513 5130.000000 3.724836 -71.165258 -67.440422 6126.095064 -67.440422 0.001304
514 5140.000000 3.712025 -71.152459 -67.440434 6105.025223 -67.440434 0.001290
515 5150.000000 3.724517 -71.148468 -67.423951 6125.569681 -67.423951 0.001275
516 5160.000000 3.730128 -71.137429 -67.407301 6134.797717 -67.407301 0.001259
517 5170.000000 3.756522 -71.118137 -67.361614 6178.208119 -67.361614 0.001246
518 5180.000000 3.886884 -71.099106 -67.212222 6392.608409 -67.212222 0.001228
519 5190.000000 3.901473 -71.077554 -67.176081 6416.602916 -67.176081 0.001210
520 5200.000000 3.847030 -71.039930 -67.192901 6327.061898 -67.192901 0.001197
521 5210.000000 3.760295 -70.998860 -67.238566 6184.412527 -67.238566 0.001187
522 5220.000000 3.752121 -70.957150 -67.205029 6170.969474 -67.205029 0.001188
523 5230.000000 3.709217 -70.922523 -67.213306 6100.406980 -67.213306 0.001188
524 5240.000000 3.688939 -70.897702 -67.208763 6067.056199 -67.208763 0.001183
525 5250.000000 3.811650 -70.864694 -67.053044 6268.874639 -67.053044 0.001182
526 5260.000000 3.878281 -70.843577 -66.965296 6378.460287 -66.965296 0.001182
527 5270.000000 3.835384 -70.819961 -66.984577 6307.907955 -66.984577 0.001186
528 5280.000000 3.549488 -70.807404 -67.257916 5837.706014 -67.257916 0.001190
529 5290.000000 3.534398 -70.810764 -67.276366 5812.888196 -67.276366 0.001187
530 5300.000000 3.642999 -70.815021 -67.172022 5991.500849 -67.172022 0.001187
531 5310.000000 3.839890 -70.824336 -66.984446 6315.319560 -66.984446 0.001190
532 5320.000000 3.825662 -70.831068 -67.005406 6291.920104 -67.005406 0.001195
533 5330.000000 3.825691 -70.824812 -66.999121 6291.966676 -66.999121 0.001203
534 5340.000000 3.741257 -70.805189 -67.063933 6153.101012 -67.063933 0.001213
535 5350.000000 3.704854 -70.795044 -67.090190 6093.231710 -67.090190 0.001221
536 5360.000000 3.700828 -70.796284 -67.095456 6086.609917 -67.095456 0.001227
537 5370.000000 3.635514 -70.812275 -67.176761 5979.189413 -67.176761 0.001226
538 5380.000000 3.592426 -70.837216 -67.244790 5908.324478 -67.244790 0.001224
539 5390.000000 3.567185 -70.869629 -67.302445 5866.811624 -67.302445 0.001222
540 5400.000000 3.615627 -70.899826 -67.284198 5946.483481 -67.284198 0.001221
541 5410.000000 3.704353 -70.921178 -67.216825 6092.407286 -67.216825 0.001222
542 5420.000000 3.676201 -70.932277 -67.256076 6046.106697 -67.256076 0.001231
543 5430.000000 3.576694 -70.938355 -67.361661 5882.451127 -67.361661 0.001241
544 5440.000000 3.629462 -70.942342 -67.312880 5969.236985 -67.312880 0.001248
545 5450.000000 3.889262 -70.952966 -67.063703 6396.520594 -67.063703 0.001253
546 5460.000000 3.822994 -70.957588 -67.134595 6287.530593 -67.134595 0.001259
547 5470.000000 3.816027 -70.959207 -67.143180 6276.072438 -67.143180 0.001269
548 5480.000000 3.819750 -70.958363 -67.138613 6282.196330 -67.138613 0.001283
549 5490.000000 3.844253 -70.954372 -67.110119 6322.495084 -67.110119 0.001289
550 5500.000000 3.829225 -70.949751 -67.120527 6297.778741 -67.120527 0.001296
551 5510.000000 3.798532 -70.958331 -67.159799 6247.299722 -67.159799 0.001294
552 5520.000000 3.979631 -70.960649 -66.981018 6545.146160 -66.981018 0.001289
553 5530.000000 3.987315 -70.962250 -66.974935 6557.784290 -66.974935 0.001277
554 5540.000000 3.877470 -70.960363 -67.082893 6377.125255 -67.082893 0.001266
555 5550.000000 3.792595 -70.959509 -67.166914 6237.535960 -67.166914 0.001259
556 5560.000000 3.764903 -70.951743 -67.186839 6191.992007 -67.186839 0.001257
557 5570.000000 3.787052 -70.943621 -67.156569 6228.418853 -67.156569 0.001265
558 5580.000000 3.844411 -70.930640 -67.086229 6322.755032 -67.086229 0.001273
559 5590.000000 3.701865 -70.915132 -67.213267 6088.315936 -67.213267 0.001275
560 5600.000000 3.696079 -70.898634 -67.202555 6078.798638 -67.202555 0.001277
561 5610.000000 3.691575 -70.884993 -67.193418 6071.391639 -67.193418 0.001279
562 5620.000000 3.524522 -70.872146 -67.347624 5796.646325 -67.347624 0.001286
563 5630.000000 3.544313 -70.857880 -67.313567 5829.195344 -67.313567 0.001292
564 5640.000000 3.524626 -70.844979 -67.320353 5796.816260 -67.320353 0.001293
565 5650.000000 3.558257 -70.829915 -67.271658 5852.128908 -67.271658 0.001293
566 5660.000000 3.431370 -70.812060 -67.380690 5643.442665 -67.380690 0.001292
567 5670.000000 3.343288 -70.788819 -67.445531 5498.577030 -67.445531 0.001293
568 5680.000000 3.414558 -70.760502 -67.345944 5615.791661 -67.345944 0.001295
569 5690.000000 3.371332 -70.743026 -67.371694 5544.699934 -67.371694 0.001298
570 5700.000000 3.447293 -70.738632 -67.291339 5669.630157 -67.291339 0.001294
571 5710.000000 3.428727 -70.755940 -67.327213 5639.095383 -67.327213 0.001285
572 5720.000000 3.508283 -70.791252 -67.282969 5769.937503 -67.282969 0.001275
573 5730.000000 3.517414 -70.830628 -67.313214 5784.955494 -67.313214 0.001266
574 5740.000000 3.600193 -70.867942 -67.267749 5921.098963 -67.267749 0.001261
575 5750.000000 3.744353 -70.909304 -67.164950 6158.194069 -67.164950 0.001262
576 5760.000000 3.825857 -70.938126 -67.112269 6292.239698 -67.112269 0.001268
577 5770.000000 4.035523 -70.960559 -66.925035 6637.070001 -66.925035 0.001282
578 5780.000000 4.201585 -70.969823 -66.768238 6910.185182 -66.768238 0.001304
579 5790.000000 4.264986 -70.971637 -66.706651 7014.458604 -66.706651 0.001322
580 5800.000000 4.269499 -70.983512 -66.714013 7021.880921 -66.714013 0.001341
581 5810.000000 4.165868 -71.008562 -66.842693 6851.443888 -66.842693 0.001355
582 5820.000000 4.227885 -71.032702 -66.804817 6953.439782 -66.804817 0.001368
583 5830.000000 4.205209 -71.049507 -66.844297 6916.145767 -66.844297 0.001377
584 5840.000000 4.396327 -71.075472 -66.679145 7230.469412 -66.679145 0.001376
585 5850.000000 4.220817 -71.111415 -66.890598 6941.815418 -66.890598 0.001360
586 5860.000000 4.250626 -71.152972 -66.902346 6990.841774 -66.902346 0.001334
587 5870.000000 4.449850 -71.186201 -66.736351 7318.496581 -66.736351 0.001305
588 5880.000000 4.334256 -71.210308 -66.876052 7128.384211 -66.876052 0.001274
589 5890.000000 4.203060 -71.216209 -67.013148 6912.611874 -67.013148 0.001248
590 5900.000000 4.120086 -71.203115 -67.083029 6776.146453 -67.083029 0.001234
591 5910.000000 4.044771 -71.176841 -67.132070 6652.279149 -67.132070 0.001225
592 5920.000000 3.863421 -71.150050 -67.286628 6354.020915 -67.286628 0.001221
593 5930.000000 3.708042 -71.126542 -67.418500 6098.474433 -67.418500 0.001222
594 5940.000000 3.640119 -71.103348 -67.463229 5986.764053 -67.463229 0.001226
595 5950.000000 3.772713 -71.081733 -67.309020 6204.835613 -67.309020 0.001237
596 5960.000000 3.804028 -71.063674 -67.259646 6256.339091 -67.259646 0.001246
597 5970.000000 3.698043 -71.047680 -67.349636 6082.029564 -67.349636 0.001256
598 5980.000000 3.663617 -71.038991 -67.375373 6025.410807 -67.375373 0.001263
599 5990.000000 3.618128 -71.031967 -67.413838 5950.596462 -67.413838 0.001271
600 6000.000000 3.511880 -71.017655 -67.505775 5775.854684 -67.505775 0.001279
601 6010.000000 3.424496 -70.988527 -67.564031 5632.137214 -67.564031 0.001292
602 6020.000000 3.461645 -70.939054 -67.477408 5693.235168 -67.477408 0.001307
603 6030.000000 3.282487 -70.876531 -67.594044 5398.580382 -67.594044 0.001329
604 6040.000000 3.252744 -70.831704 -67.578960 5349.663070 -67.578960 0.001343
605 6050.000000 3.277349 -70.804033 -67.526684 5390.129579 -67.526684 0.001350
606 6060.000000 3.136297 -70.808282 -67.671985 5158.147762 -67.671985 0.001349
607 6070.000000 3.203855 -70.824865 -67.621010 5269.257460 -67.621010 0.001343
608 6080.000000 3.307330 -70.850352 -67.543023 5439.437847 -67.543023 0.001331
609 6090.000000 3.361758 -70.859313 -67.497555 5528.953975 -67.497555 0.001321
610 6100.000000 3.528745 -70.851136 -67.322390 5803.591772 -67.322390 0.001313
611 6110.000000 3.582916 -70.837158 -67.254242 5892.684821 -67.254242 0.001303
612 6120.000000 3.579225 -70.825747 -67.246522 5886.614010 -67.246522 0.001289
613 6130.000000 3.638572 -70.821156 -67.182584 5984.219483 -67.182584 0.001279
614 6140.000000 3.586346 -70.827182 -67.240837 5898.324855 -67.240837 0.001265
615 6150.000000 3.584657 -70.840899 -67.256242 5895.547344 -67.256242 0.001250
616 6160.000000 3.450748 -70.855626 -67.404878 5675.312362 -67.404878 0.001235
617 6170.000000 3.410390 -70.867203 -67.456813 5608.938086 -67.456813 0.001225
618 6180.000000 3.401823 -70.878948 -67.477125 5594.848215 -67.477125 0.001220
619 6190.000000 3.488195 -70.889391 -67.401196 5736.899683 -67.401196 0.001220
620 6200.000000 3.509066 -70.892829 -67.383763 5771.225284 -67.383763 0.001225
621 6210.000000 3.395887 -70.891799 -67.495912 5585.085053 -67.495912 0.001232
622 6220.000000 3.446044 -70.888864 -67.442820 5667.575747 -67.442820 0.001239
623 6230.000000 3.437729 -70.879954 -67.442225 5653.901140 -67.442225 0.001247
624 6240.000000 3.534350 -70.871923 -67.337572 5812.810424 -67.337572 0.001258
625 6250.000000 3.553876 -70.857208 -67.303333 5844.922744 -67.303333 0.001274
626 6260.000000 3.509617 -70.859223 -67.349606 5772.131950 -67.349606 0.001284
627 6270.000000 3.367431 -70.880916 -67.513485 5538.284535 -67.513485 0.001291
628 6280.000000 3.390455 -70.911703 -67.521248 5576.150634 -67.521248 0.001296
629 6290.000000 3.490969 -70.940264 -67.449295 5741.462526 -67.449295 0.001303
630 6300.000000 3.516736 -70.967091 -67.450356 5783.840167 -67.450356 0.001311
631 6310.000000 3.451455 -70.984303 -67.532847 5676.475953 -67.532847 0.001321
632 6320.000000 3.538663 -70.993267 -67.454604 5819.902571 -67.454604 0.001329
633 6330.000000 3.503126 -71.000832 -67.497706 5761.456821 -67.497706 0.001339
634 6340.000000 3.652892 -70.992855 -67.339963 6007.771159 -67.339963 0.001353
635 6350.000000 3.680290 -70.990691 -67.310401 6052.830913 -67.310401 0.001363
636 6360.000000 3.572114 -70.970845 -67.398731 5874.917934 -67.398731 0.001375
637 6370.000000 3.455011 -70.942559 -67.487548 5682.323980 -67.487548 0.001386
638 6380.000000 3.426039 -70.934556 -67.508517 5634.675304 -67.508517 0.001397
639 6390.000000 3.481763 -70.934928 -67.453165 5726.322259 -67.453165 0.001398
640 6400.000000 3.522132 -70.941847 -67.419715 5792.715405 -67.419715 0.001396
641 6410.000000 3.510482 -70.949956 -67.439475 5773.554278 -67.439475 0.001398
642 6420.000000 3.418799 -70.953383 -67.534584 5622.768136 -67.534584 0.001403
643 6430.000000 3.467177 -70.947541 -67.480364 5702.333026 -67.480364 0.001409
644 6440.000000 3.366864 -70.944477 -67.577613 5537.352524 -67.577613 0.001411
645 6450.000000 3.206314 -70.931522 -67.725208 5273.302180 -67.725208 0.001413
646 6460.000000 3.163495 -70.907455 -67.743960 5202.879307 -67.743960 0.001413
647 6470.000000 3.185575 -70.882771 -67.697196 5239.192699 -67.697196 0.001409
648 6480.000000 3.267730 -70.853320 -67.585591 5374.309705 -67.585591 0.001404
649 6490.000000 3.379379 -70.827349 -67.447970 5557.934724 -67.447970 0.001396
650 6500.000000 3.282468 -70.820323 -67.537855 5398.549414 -67.537855 0.001382
651 6510.000000 3.434328 -70.829860 -67.395533 5648.307132 -67.395533 0.001367
652 6520.000000 3.455232 -70.856324 -67.401092 5682.686704 -67.401092 0.001348
653 6530.000000 3.395601 -70.890592 -67.494990 5584.615329 -67.494990 0.001326
654 6540.000000 3.521678 -70.919966 -67.398288 5791.967749 -67.398288 0.001308
655 6550.000000 3.537921 -70.926678 -67.388757 5818.682611 -67.388757 0.001304
656 6560.000000 3.477406 -70.914084 -67.436678 5719.156065 -67.436678 0.001303
657 6570.000000 3.596077 -70.877534 -67.281458 5914.329170 -67.281458 0.001303
658 6580.000000 3.522906 -70.865624 -67.342718 5793.987528 -67.342718 0.001294
659 6590.000000 3.482060 -70.884079 -67.402019 5726.810177 -67.402019 0.001279
660 6600.000000 3.584432 -70.899118 -67.314685 5895.178195 -67.314685 0.001261
661 6610.000000 3.659680 -70.907973 -67.248293 6018.935034 -67.248293 0.001247
662 6620.000000 3.749664 -70.915042 -67.165378 6166.928238 -67.165378 0.001233
663 6630.000000 3.756817 -70.918645 -67.161829 6178.691853 -67.161829 0.001219
664 6640.000000 3.724192 -70.923369 -67.199177 6125.035354 -67.199177 0.001206
665 6650.000000 3.807088 -70.928029 -67.120941 6261.370824 -67.120941 0.001194
666 6660.000000 3.846960 -70.932270 -67.085309 6326.948116 -67.085309 0.001184
667 6670.000000 3.934674 -70.947492 -67.012819 6471.207008 -67.012819 0.001175
668 6680.000000 4.006215 -70.963148 -66.956932 6588.868647 -66.956932 0.001164
669 6690.000000 3.974434 -70.977555 -67.003122 6536.598832 -67.003122 0.001154
670 6700.000000 4.013086 -70.988173 -66.975087 6600.168202 -66.975087 0.001150
671 6710.000000 4.018913 -70.997349 -66.978436 6609.751193 -66.978436 0.001153
672 6720.000000 3.935509 -70.998645 -67.063135 6472.580875 -67.063135 0.001164
673 6730.000000 3.801329 -70.994031 -67.192702 6251.900588 -67.192702 0.001182
674 6740.000000 3.808593 -70.988867 -67.180275 6263.846296 -67.180275 0.001206
675 6750.000000 3.748213 -70.987252 -67.239039 6164.541781 -67.239039 0.001234
676 6760.000000 3.764129 -70.990751 -67.226622 6190.717869 -67.226622 0.001263
677 6770.000000 3.588307 -70.986524 -67.398217 5901.550453 -67.398217 0.001287
678 6780.000000 3.486138 -70.969628 -67.483490 5733.517429 -67.483490 0.001311
679 6790.000000 3.512919 -70.944475 -67.431555 5777.563356 -67.431555 0.001336
680 6800.000000 3.426645 -70.911377 -67.484732 5635.671307 -67.484732 0.001360
681 6810.000000 3.556666 -70.879969 -67.323303 5849.511221 -67.323303 0.001383
682 6820.000000 3.570679 -70.861540 -67.290860 5872.559186 -67.290860 0.001398
683 6830.000000 3.521797 -70.845885 -67.324088 5792.164749 -67.324088 0.001407
684 6840.000000 3.550872 -70.841085 -67.290213 5839.982538 -67.290213 0.001411
685 6850.000000 3.613005 -70.839036 -67.226030 5942.171040 -67.226030 0.001412
686 6860.000000 3.583653 -70.839935 -67.256283 5893.895939 -67.256283 0.001407
687 6870.000000 3.575976 -70.850455 -67.274479 5881.269778 -67.274479 0.001401
688 6880.000000 3.398330 -70.864890 -67.466561 5589.102459 -67.466561 0.001396
689 6890.000000 3.629916 -70.879094 -67.249178 5969.982755 -67.249178 0.001394
690 6900.000000 3.647899 -70.896417 -67.248518 5999.560117 -67.248518 0.001392
691 6910.000000 3.517856 -70.900436 -67.382580 5785.682751 -67.382580 0.001397
692 6920.000000 3.442114 -70.895792 -67.453678 5661.113179 -67.453678 0.001408
693 6930.000000 3.360798 -70.872456 -67.511658 5527.375627 -67.511658 0.001420
694 6940.000000 3.310206 -70.845725 -67.535518 5444.169358 -67.535518 0.001434
695 6950.000000 3.321926 -70.821509 -67.499583 5463.444272 -67.499583 0.001449
696 6960.000000 3.367653 -70.817557 -67.449904 5538.649730 -67.449904 0.001450
697 6970.000000 3.286639 -70.825653 -67.539015 5405.408373 -67.539015 0.001448
698 6980.000000 3.350167 -70.848562 -67.498395 5509.890672 -67.498395 0.001443
699 6990.000000 3.331656 -70.861401 -67.529745 5479.446013 -67.529745 0.001435
700 7000.000000 3.396186 -70.883218 -67.487032 5585.576310 -67.487032 0.001420
701 7010.000000 3.424831 -70.898247 -67.473416 5632.687943 -67.473416 0.001403
702 7020.000000 3.461830 -70.922744 -67.460914 5693.538388 -67.460914 0.001388
703 7030.000000 3.406913 -70.941772 -67.534859 5603.218720 -67.534859 0.001373
704 7040.000000 3.370986 -70.961219 -67.590233 5544.131892 -67.590233 0.001359
705 7050.000000 3.413620 -70.970875 -67.557255 5614.249908 -67.557255 0.001343
706 7060.000000 3.510431 -70.980220 -67.469790 5773.470224 -67.469790 0.001328
707 7070.000000 3.463540 -70.978131 -67.514591 5696.351610 -67.514591 0.001320
708 7080.000000 3.400888 -70.976457 -67.575569 5593.310355 -67.575569 0.001311
709 7090.000000 3.384740 -70.983669 -67.598929 5566.751078 -67.598929 0.001302
710 7100.000000 3.392934 -70.995008 -67.602074 5580.227785 -67.602074 0.001291
711 7110.000000 3.429228 -71.002012 -67.572784 5639.919471 -67.572784 0.001279
712 7120.000000 3.503240 -71.009225 -67.505985 5761.644068 -67.505985 0.001264
713 7130.000000 3.628753 -71.016901 -67.388148 5968.070983 -67.388148 0.001252
714 7140.000000 3.539529 -71.029551 -67.490022 5821.327709 -67.490022 0.001238
715 7150.000000 3.360929 -71.045826 -67.684897 5527.590572 -67.684897 0.001232
716 7160.000000 3.458798 -71.056399 -67.597601 5688.552046 -67.597601 0.001228
717 7170.000000 3.468749 -71.055512 -67.586763 5704.919058 -67.586763 0.001221
718 7180.000000 3.678490 -71.047599 -67.369109 6049.871489 -67.369109 0.001215
719 7190.000000 3.705183 -71.042955 -67.337771 6093.772961 -67.337771 0.001213
720 7200.000000 3.711575 -71.031380 -67.319804 6104.285615 -67.319804 0.001210
721 7210.000000 3.724942 -71.026704 -67.301762 6126.268805 -67.301762 0.001211
722 7220.000000 3.740245 -71.029138 -67.288893 6151.437608 -67.288893 0.001219
723 7230.000000 3.690637 -71.043237 -67.352600 6069.849424 -67.352600 0.001230
724 7240.000000 3.542335 -71.068191 -67.525856 5825.942964 -67.525856 0.001246
725 7250.000000 3.585943 -71.091289 -67.505346 5897.662139 -67.505346 0.001264
726 7260.000000 3.592065 -71.107714 -67.515649 5907.731466 -67.515649 0.001284
727 7270.000000 3.572327 -71.122398 -67.550071 5875.269474 -67.550071 0.001310
728 7280.000000 3.547456 -71.137905 -67.590449 5834.364458 -67.590449 0.001342
729 7290.000000 3.474561 -71.144577 -67.670016 5714.477055 -67.670016 0.001375
730 7300.000000 3.548843 -71.134132 -67.585289 5836.645074 -67.585289 0.001412
731 7310.000000 3.447350 -71.120196 -67.672845 5669.724492 -67.672845 0.001443
732 7320.000000 3.567064 -71.111230 -67.544167 5866.612936 -67.544167 0.001467
733 7330.000000 3.519160 -71.090441 -67.571281 5787.826788 -67.571281 0.001494
734 7340.000000 3.440973 -71.069929 -67.628956 5659.236034 -67.628956 0.001513
735 7350.000000 3.349510 -71.053387 -67.703877 5508.810134 -67.703877 0.001528
736 7360.000000 3.378289 -71.064454 -67.686165 5556.141478 -67.686165 0.001531
737 7370.000000 3.518044 -71.094298 -67.576253 5785.992533 -67.576253 0.001527
738 7380.000000 3.550292 -71.144709 -67.594417 5839.029329 -67.594417 0.001513
739 7390.000000 3.652086 -71.193442 -67.541356 6006.446001 -67.541356 0.001501
740 7400.000000 3.632623 -71.225464 -67.592841 5974.435171 -67.592841 0.001484
741 7410.000000 3.568446 -71.226149 -67.657703 5868.885757 -67.657703 0.001475
742 7420.000000 3.657105 -71.208942 -67.551837 6014.699377 -67.551837 0.001468
743 7430.000000 3.684035 -71.179470 -67.495435 6058.991411 -67.495435 0.001466
744 7440.000000 3.648227 -71.150114 -67.501887 6000.098946 -67.501887 0.001465
745 7450.000000 3.807861 -71.123087 -67.315226 6262.642179 -67.315226 0.001461
746 7460.000000 3.850371 -71.091913 -67.241542 6332.557776 -67.241542 0.001457
747 7470.000000 3.900775 -71.062133 -67.161358 6415.454711 -67.161358 0.001449
748 7480.000000 3.899157 -71.017617 -67.118461 6412.793345 -67.118461 0.001440
749 7490.000000 3.574084 -70.974483 -67.400399 5878.158445 -67.400399 0.001428
750 7500.000000 3.638694 -70.937151 -67.298456 5984.420872 -67.298456 0.001417
751 7510.000000 3.713394 -70.927782 -67.214388 6107.276235 -67.214388 0.001393
752 7520.000000 3.674817 -70.951256 -67.276438 6043.831074 -67.276438 0.001362
753 7530.000000 3.548908 -70.982040 -67.433132 5836.751885 -67.433132 0.001329
754 7540.000000 3.651606 -71.006786 -67.355180 6005.656216 -67.355180 0.001305
755 7550.000000 3.709035 -71.019436 -67.310401 6100.107153 -67.310401 0.001284
756 7560.000000 3.747087 -71.030482 -67.283395 6162.690324 -67.283395 0.001268
757 7570.000000 3.810116 -71.047874 -67.237759 6266.351181 -67.237759 0.001253
758 7580.000000 3.762320 -71.067547 -67.305227 6187.743176 -67.305227 0.001247
759 7590.000000 3.900448 -71.079312 -67.178864 6414.916235 -67.178864 0.001245
760 7600.000000 3.903970 -71.081022 -67.177052 6420.709533 -67.177052 0.001251
761 7610.000000 3.820649 -71.068854 -67.248205 6283.674260 -67.248205 0.001264
762 7620.000000 3.730478 -71.042649 -67.312171 6135.373397 -67.312171 0.001285
763 7630.000000 3.578431 -71.011646 -67.433216 5885.307221 -67.433216 0.001312
764 7640.000000 3.544135 -70.987083 -67.442948 5828.902821 -67.442948 0.001334
765 7650.000000 3.510909 -70.968856 -67.457947 5774.256851 -67.457947 0.001353
766 7660.000000 3.414520 -70.958017 -67.543497 5615.729587 -67.543497 0.001367
767 7670.000000 3.317771 -70.953074 -67.635303 5456.609878 -67.635303 0.001378
768 7680.000000 3.477584 -70.972160 -67.494577 5719.448126 -67.494577 0.001378
769 7690.000000 3.447695 -71.002631 -67.554936 5670.291507 -67.554936 0.001370
770 7700.000000 3.662447 -71.032286 -67.369839 6023.486228 -67.369839 0.001358
771 7710.000000 3.590486 -71.063848 -67.473362 5905.134653 -67.473362 0.001351
772 7720.000000 3.539843 -71.085382 -67.545539 5821.844497 -67.545539 0.001349
773 7730.000000 3.543237 -71.101384 -67.558147 5827.426153 -67.558147 0.001351
774 7740.000000 3.671577 -71.110320 -67.438744 6038.501145 -67.438744 0.001358
775 7750.000000 3.635384 -71.108065 -67.472681 5978.977029 -67.472681 0.001370
776 7760.000000 3.536164 -71.089790 -67.553625 5815.793859 -67.553625 0.001385
777 7770.000000 3.505644 -71.053551 -67.547907 5765.597787 -67.547907 0.001400
778 7780.000000 3.507376 -71.018161 -67.510785 5768.446859 -67.510785 0.001413
779 7790.000000 3.515807 -71.002465 -67.486658 5782.312692 -67.486658 0.001422
780 7800.000000 3.559299 -70.987515 -67.428217 5853.842042 -67.428217 0.001431
781 7810.000000 3.572789 -70.977201 -67.404411 5876.029270 -67.404411 0.001440
782 7820.000000 3.589952 -70.977748 -67.387796 5904.256099 -67.387796 0.001445
783 7830.000000 3.469732 -70.982160 -67.512428 5706.535645 -67.512428 0.001450
784 7840.000000 3.459126 -70.975642 -67.516516 5689.091079 -67.516516 0.001453
785 7850.000000 3.557767 -70.969436 -67.411669 5851.322878 -67.411669 0.001454
786 7860.000000 3.654920 -70.974397 -67.319477 6011.107124 -67.319477 0.001449
787 7870.000000 3.617584 -70.981211 -67.363627 5949.701175 -67.363627 0.001439
788 7880.000000 3.610992 -70.995859 -67.384867 5938.859469 -67.384867 0.001428
789 7890.000000 3.571061 -71.014718 -67.443657 5873.187130 -67.443657 0.001411
790 7900.000000 3.634993 -71.030492 -67.395499 5978.333361 -67.395499 0.001400
791 7910.000000 3.658739 -71.028384 -67.369644 6017.388239 -67.369644 0.001390
792 7920.000000 3.584676 -71.021512 -67.436836 5895.579029 -67.436836 0.001382
793 7930.000000 3.588942 -71.002468 -67.413526 5902.595497 -67.413526 0.001373
794 7940.000000 3.728842 -70.967345 -67.238503 6132.683121 -67.238503 0.001363
795 7950.000000 3.623673 -70.911086 -67.287413 5959.715933 -67.287413 0.001354
796 7960.000000 3.491495 -70.863983 -67.372488 5742.328292 -67.372488 0.001342
797 7970.000000 3.301992 -70.846785 -67.544793 5430.658820 -67.544793 0.001325
798 7980.000000 3.115227 -70.857147 -67.741920 5123.493544 -67.741920 0.001305
799 7990.000000 3.223459 -70.877090 -67.653631 5301.498518 -67.653631 0.001278
800 8000.000000 3.254158 -70.907114 -67.652956 5351.987915 -67.652956 0.001257
801 8010.000000 3.347135 -70.935430 -67.588295 5504.904118 -67.588295 0.001236
802 8020.000000 3.368700 -70.950541 -67.581841 5540.371158 -67.581841 0.001222
803 8030.000000 3.425312 -70.948661 -67.523350 5633.478351 -67.523350 0.001214
804 8040.000000 3.281007 -70.940157 -67.659149 5396.146954 -67.659149 0.001212
805 8050.000000 3.205752 -70.943195 -67.737443 5272.376395 -67.737443 0.001212
806 8060.000000 3.143059 -70.942112 -67.799052 5169.268997 -67.799052 0.001215
807 8070.000000 3.123698 -70.934258 -67.810560 5137.426114 -67.810560 0.001224
808 8080.000000 3.161298 -70.934598 -67.773300 5199.265199 -67.773300 0.001234
809 8090.000000 3.165721 -70.938144 -67.772423 5206.540156 -67.772423 0.001244
810 8100.000000 3.203036 -70.953042 -67.750005 5267.910571 -67.750005 0.001252
811 8110.000000 3.116378 -70.972239 -67.855861 5125.386901 -67.855861 0.001258
812 8120.000000 3.159802 -71.002692 -67.842890 5196.804342 -67.842890 0.001266
813 8130.000000 3.156102 -71.020271 -67.864169 5190.719243 -67.864169 0.001274
814 8140.000000 3.297359 -71.043988 -67.746629 5423.039582 -67.746629 0.001280
815 8150.000000 3.487935 -71.072612 -67.584676 5736.472859 -67.584676 0.001285
816 8160.000000 3.647343 -71.111537 -67.464194 5998.644937 -67.464194 0.001289
817 8170.000000 3.721598 -71.156835 -67.435236 6120.769994 -67.435236 0.001295
818 8180.000000 3.780637 -71.192790 -67.412153 6217.868138 -67.412153 0.001303
819 8190.000000 3.892215 -71.220259 -67.328043 6401.377054 -67.328043 0.001314
820 8200.000000 3.963610 -71.240915 -67.277305 6518.796831 -67.277305 0.001329
821 8210.000000 3.945774 -71.242766 -67.296992 6489.463257 -67.296992 0.001350
822 8220.000000 4.094310 -71.229791 -67.135481 6733.754368 -67.135481 0.001376
823 8230.000000 4.088580 -71.206628 -67.118048 6724.330314 -67.118048 0.001404
824 8240.000000 4.023707 -71.189974 -67.166266 6617.636860 -67.166266 0.001429
825 8250.000000 4.112492 -71.180683 -67.068190 6763.657932 -67.068190 0.001454
826 8260.000000 4.192624 -71.189517 -66.996893 6895.447902 -66.996893 0.001471
827 8270.000000 4.213814 -71.195380 -66.981566 6930.298136 -66.981566 0.001480
828 8280.000000 4.110183 -71.187805 -67.077622 6759.859997 -67.077622 0.001486
829 8290.000000 4.036241 -71.160310 -67.124069 6638.249736 -67.124069 0.001490
830 8300.000000 3.950100 -71.125459 -67.175358 6496.578453 -67.175358 0.001491
831 8310.000000 3.967770 -71.148669 -67.180899 6525.638423 -67.180899 0.001475
832 8320.000000 3.893104 -71.200248 -67.307144 6402.838291 -67.307144 0.001455
833 8330.000000 3.877688 -71.233395 -67.355707 6377.483829 -67.355707 0.001435
834 8340.000000 3.734286 -71.229176 -67.494890 6141.636119 -67.494890 0.001420
835 8350.000000 3.647860 -71.206513 -67.558654 5999.494925 -67.558654 0.001405
836 8360.000000 3.630252 -71.173400 -67.543148 5970.536573 -67.543148 0.001396
837 8370.000000 3.734034 -71.135488 -67.401454 6141.222989 -67.401454 0.001391
838 8380.000000 3.647813 -71.096807 -67.448994 5999.417932 -67.448994 0.001391
839 8390.000000 3.633061 -71.063272 -67.430211 5975.156342 -67.430211 0.001392
840 8400.000000 3.727752 -71.046982 -67.319230 6130.890035 -67.319230 0.001393
841 8410.000000 3.814134 -71.061039 -67.246906 6272.959046 -67.246906 0.001381
842 8420.000000 3.844514 -71.073162 -67.228648 6322.923884 -67.228648 0.001363
843 8430.000000 3.923916 -71.085617 -67.161701 6453.513812 -67.161701 0.001346
844 8440.000000 3.935190 -71.098261 -67.163071 6472.056187 -67.163071 0.001337
845 8450.000000 3.961197 -71.102910 -67.141713 6514.828309 -67.141713 0.001333
846 8460.000000 3.840181 -71.093475 -67.253294 6315.797481 -67.253294 0.001332
847 8470.000000 3.754433 -71.080211 -67.325778 6174.771616 -67.325778 0.001337
848 8480.000000 3.788516 -71.061332 -67.272816 6230.826516 -67.272816 0.001345
849 8490.000000 3.584389 -71.049891 -67.465502 5895.107228 -67.465502 0.001354
850 8500.000000 3.671937 -71.045050 -67.373114 6039.092931 -67.373114 0.001361
851 8510.000000 3.722818 -71.034890 -67.312072 6122.775763 -67.312072 0.001374
852 8520.000000 3.676348 -71.021448 -67.345100 6046.349109 -67.345100 0.001389
853 8530.000000 3.639473 -70.999359 -67.359885 5985.702215 -67.359885 0.001401
854 8540.000000 3.798409 -70.977639 -67.179230 6247.096618 -67.179230 0.001414
855 8550.000000 3.879235 -70.993399 -67.114165 6380.028217 -67.114165 0.001415
856 8560.000000 3.823095 -71.029899 -67.206805 6287.697020 -67.206805 0.001412
857 8570.000000 3.797049 -71.087490 -67.290441 6244.861155 -67.290441 0.001399
858 8580.000000 3.675893 -71.146406 -67.470513 6045.599542 -67.470513 0.001388
859 8590.000000 3.723662 -71.199141 -67.475479 6124.163609 -67.475479 0.001377
860 8600.000000 3.607606 -71.238911 -67.631305 5933.291704 -67.631305 0.001371
861 8610.000000 3.628651 -71.264184 -67.635533 5967.903444 -67.635533 0.001366
862 8620.000000 3.601359 -71.271694 -67.670335 5923.017145 -67.670335 0.001367
863 8630.000000 3.560745 -71.269532 -67.708787 5856.219746 -67.708787 0.001372
864 8640.000000 3.477487 -71.259059 -67.781573 5719.288816 -67.781573 0.001378
865 8650.000000 3.564939 -71.252439 -67.687499 5863.118998 -67.687499 0.001381
866 8660.000000 3.656521 -71.255622 -67.599101 6013.739590 -67.599101 0.001378
867 8670.000000 3.733396 -71.266933 -67.533537 6140.173098 -67.533537 0.001372
868 8680.000000 3.642525 -71.282308 -67.639783 5990.721450 -67.639783 0.001360
869 8690.000000 3.541289 -71.299517 -67.758228 5824.222420 -67.758228 0.001346
870 8700.000000 3.744424 -71.310387 -67.565962 6158.310992 -67.565962 0.001333
871 8710.000000 3.781663 -71.323565 -67.541902 6219.555653 -67.541902 0.001320
872 8720.000000 3.875880 -71.339021 -67.463142 6374.510750 -67.463142 0.001309
873 8730.000000 4.045945 -71.350659 -67.304714 6654.211011 -67.304714 0.001294
874 8740.000000 3.852207 -71.360778 -67.508571 6335.577602 -67.508571 0.001278
875 8750.000000 3.853529 -71.361413 -67.507884 6337.750508 -67.507884 0.001260
876 8760.000000 3.744812 -71.350319 -67.605507 6158.948260 -67.605507 0.001242
877 8770.000000 3.750821 -71.338847 -67.588026 6168.830598 -67.588026 0.001228
878 8780.000000 3.780242 -71.318055 -67.537812 6217.219231 -67.537812 0.001215
879 8790.000000 3.740026 -71.291111 -67.551085 6151.077190 -67.551085 0.001205
880 8800.000000 3.832925 -71.274249 -67.441324 6303.864087 -67.441324 0.001195
881 8810.000000 3.623822 -71.271362 -67.647540 5959.960360 -67.647540 0.001183
882 8820.000000 3.628860 -71.272683 -67.643823 5968.246817 -67.643823 0.001172
883 8830.000000 3.612984 -71.270511 -67.657527 5942.136089 -67.657527 0.001159
884 8840.000000 3.631592 -71.259068 -67.627476 5972.739834 -67.627476 0.001152
885 8850.000000 3.625389 -71.242317 -67.616928 5962.538376 -67.616928 0.001151
886 8860.000000 3.450700 -71.219841 -67.769141 5675.234343 -67.769141 0.001157
887 8870.000000 3.587743 -71.182066 -67.594323 5900.623195 -67.594323 0.001167
888 8880.000000 3.631760 -71.137947 -67.506187 5973.016109 -67.506187 0.001180
889 8890.000000 3.582062 -71.095942 -67.513880 5891.279561 -67.513880 0.001193
890 8900.000000 3.592175 -71.057427 -67.465252 5907.912292 -67.465252 0.001207
891 8910.000000 3.508223 -71.043567 -67.535344 5769.839235 -67.535344 0.001217
892 8920.000000 3.643444 -71.041668 -67.398224 5992.232191 -67.398224 0.001221
893 8930.000000 3.629274 -71.049731 -67.420457 5968.926857 -67.420457 0.001226
894 8940.000000 3.710990 -71.066168 -67.355178 6103.322914 -67.355178 0.001227
895 8950.000000 3.735471 -71.079057 -67.343586 6143.585945 -67.343586 0.001228
896 8960.000000 3.969252 -71.085507 -67.116254 6528.076873 -67.116254 0.001232
897 8970.000000 3.920550 -71.098960 -67.178410 6447.978269 -67.178410 0.001232
898 8980.000000 3.862513 -71.107681 -67.245168 6352.526330 -67.245168 0.001233
899 8990.000000 3.884310 -71.111243 -67.226933 6388.375170 -67.226933 0.001236
900 9000.000000 3.980240 -71.107732 -67.127492 6546.148145 -67.127492 0.001244
901 9010.000000 3.980392 -71.088342 -67.107949 6546.398188 -67.107949 0.001255
902 9020.000000 4.037326 -71.062088 -67.024762 6640.034935 -67.024762 0.001273
903 9030.000000 4.035080 -71.021360 -66.986280 6636.341072 -66.986280 0.001288
904 9040.000000 3.933587 -70.988558 -67.054971 6469.419520 -67.054971 0.001304
905 9050.000000 3.976379 -70.973525 -66.997146 6539.798492 -66.997146 0.001312
906 9060.000000 4.026275 -70.965598 -66.939323 6621.859115 -66.939323 0.001312
907 9070.000000 3.985933 -70.964838 -66.978905 6555.511562 -66.978905 0.001302
908 9080.000000 4.075235 -70.974084 -66.898849 6702.382000 -66.898849 0.001292
909 9090.000000 4.063176 -70.988001 -66.924825 6682.549205 -66.924825 0.001286
910 9100.000000 3.973230 -71.007950 -67.034719 6534.619401 -67.034719 0.001283
911 9110.000000 4.092919 -71.025586 -66.932668 6731.466163 -66.932668 0.001283
912 9120.000000 4.101029 -71.040479 -66.939450 6744.804073 -66.939450 0.001281
913 9130.000000 3.948010 -71.050550 -67.102540 6493.140598 -67.102540 0.001287
914 9140.000000 4.002693 -71.053383 -67.050690 6583.075328 -67.050690 0.001297
915 9150.000000 4.097443 -71.055674 -66.958231 6738.907748 -66.958231 0.001310
916 9160.000000 4.116779 -71.056197 -66.939418 6770.708543 -66.939418 0.001325
917 9170.000000 4.133343 -71.052857 -66.919514 6797.950541 -66.919514 0.001341
918 9180.000000 4.015830 -71.058190 -67.042360 6604.682158 -67.042360 0.001360
919 9190.000000 3.943927 -71.067246 -67.123319 6486.424991 -67.123319 0.001379
920 9200.000000 3.881214 -71.082627 -67.201414 6383.282887 -67.201414 0.001397
921 9210.000000 3.845813 -71.089568 -67.243755 6325.061039 -67.243755 0.001414
922 9220.000000 3.739917 -71.099731 -67.359815 6150.897544 -67.359815 0.001427
923 9230.000000 3.876156 -71.115609 -67.239453 6374.964891 -67.239453 0.001431
924 9240.000000 3.972079 -71.150122 -67.178043 6532.725813 -67.178043 0.001430
925 9250.000000 4.044137 -71.176332 -67.132196 6651.236343 -67.132196 0.001429
926 9260.000000 4.036675 -71.197305 -67.160629 6638.965052 -67.160629 0.001427
927 9270.000000 3.828249 -71.198289 -67.370040 6296.173566 -67.370040 0.001432
928 9280.000000 4.018609 -71.196459 -67.177850 6609.252015 -67.177850 0.001434
929 9290.000000 4.009501 -71.202120 -67.192619 6594.273004 -67.192619 0.001434
930 9300.000000 3.962815 -71.211632 -67.248817 6517.488846 -67.248817 0.001425
931 9310.000000 4.020844 -71.222487 -67.201643 6612.927288 -67.201643 0.001420
932 9320.000000 4.036319 -71.226485 -67.190167 6638.378180 -67.190167 0.001420
933 9330.000000 3.998349 -71.205361 -67.207013 6575.930257 -67.207013 0.001420
934 9340.000000 3.849827 -71.156280 -67.306453 6331.662025 -67.306453 0.001424
935 9350.000000 3.692100 -71.083899 -67.391799 6072.255046 -67.391799 0.001434
936 9360.000000 3.571071 -70.991871 -67.420800 5873.202694 -67.420800 0.001446
937 9370.000000 3.410953 -70.906510 -67.495557 5609.863444 -67.495557 0.001453
938 9380.000000 3.410848 -70.837154 -67.426307 5609.690083 -67.426307 0.001451
939 9390.000000 3.375077 -70.796376 -67.421299 5550.859742 -67.421299 0.001438
940 9400.000000 3.405038 -70.785997 -67.380959 5600.135465 -67.380959 0.001415
941 9410.000000 3.585486 -70.777004 -67.191518 5896.910952 -67.191518 0.001383
942 9420.000000 3.653087 -70.772327 -67.119239 6008.092619 -67.119239 0.001344
943 9430.000000 3.697031 -70.774526 -67.077495 6080.364158 -67.077495 0.001303
944 9440.000000 3.755041 -70.778191 -67.023150 6175.771718 -67.023150 0.001261
945 9450.000000 3.815305 -70.776257 -66.960951 6274.886059 -66.960951 0.001220
946 9460.000000 3.799020 -70.780221 -66.981200 6248.102804 -66.981200 0.001180
947 9470.000000 3.810913 -70.785046 -66.974133 6267.662007 -66.974133 0.001150
948 9480.000000 3.778345 -70.789072 -67.010727 6214.099501 -67.010727 0.001125
949 9490.000000 3.863399 -70.792624 -66.929225 6353.983328 -66.929225 0.001106
950 9500.000000 3.804707 -70.791521 -66.986814 6257.456213 -66.986814 0.001096
951 9510.000000 3.765936 -70.789264 -67.023328 6193.689714 -67.023328 0.001092
952 9520.000000 3.577254 -70.787370 -67.210117 5883.371726 -67.210117 0.001095
953 9530.000000 3.613412 -70.783412 -67.170000 5942.839862 -67.170000 0.001106
954 9540.000000 3.643035 -70.773318 -67.130284 5991.559435 -67.130284 0.001125
955 9550.000000 3.632367 -70.775631 -67.143264 5974.014382 -67.143264 0.001149
956 9560.000000 3.649802 -70.786760 -67.136958 6002.689662 -67.136958 0.001173
957 9570.000000 3.631460 -70.798415 -67.166955 5972.522410 -67.166955 0.001200
958 9580.000000 3.656261 -70.814440 -67.158180 6013.311331 -67.158180 0.001228
959 9590.000000 3.601775 -70.836474 -67.234699 5923.700941 -67.234699 0.001256
960 9600.000000 3.701988 -70.845168 -67.143180 6088.517032 -67.143180 0.001283
961 9610.000000 3.630747 -70.850000 -67.219253 5971.350318 -67.219253 0.001309
962 9620.000000 3.717668 -70.850164 -67.132496 6114.305999 -67.132496 0.001336
963 9630.000000 3.865226 -70.864327 -66.999100 6356.989335 -66.999100 0.001352
964 9640.000000 3.922392 -70.898039 -66.975646 6451.007950 -66.975646 0.001361
965 9650.000000 4.007781 -70.944330 -66.936550 6591.442867 -66.936550 0.001366
966 9660.000000 4.001413 -70.976298 -66.974885 6580.970395 -66.974885 0.001369
967 9670.000000 3.900376 -70.985899 -67.085523 6414.797987 -67.085523 0.001374
968 9680.000000 3.893291 -70.990467 -67.097176 6403.146367 -67.097176 0.001377
969 9690.000000 3.923946 -70.989715 -67.065769 6453.563178 -67.065769 0.001379
970 9700.000000 3.923417 -70.981720 -67.058303 6452.693152 -67.058303 0.001381
971 9710.000000 3.801145 -70.980710 -67.179565 6251.597305 -67.179565 0.001386
972 9720.000000 3.795487 -70.981599 -67.186112 6242.291629 -67.186112 0.001395
973 9730.000000 3.836689 -70.984039 -67.147350 6310.055747 -67.147350 0.001402
974 9740.000000 3.881441 -70.980800 -67.099359 6383.656193 -67.099359 0.001412
975 9750.000000 3.809989 -70.981552 -67.171563 6266.142548 -67.171563 0.001420
976 9760.000000 3.791229 -70.990349 -67.199120 6235.289163 -67.199120 0.001420
977 9770.000000 3.718171 -71.009403 -67.291232 6115.133124 -67.291232 0.001413
978 9780.000000 3.558590 -71.021955 -67.463364 5852.676870 -67.463364 0.001405
979 9790.000000 3.506815 -71.029728 -67.522913 5767.524085 -67.522913 0.001396
980 9800.000000 3.509133 -71.039158 -67.530025 5771.336146 -67.530025 0.001379
981 9810.000000 3.449414 -71.045581 -67.596167 5673.117958 -67.596167 0.001363
982 9820.000000 3.657543 -71.061315 -67.403772 6015.420379 -67.403772 0.001348
983 9830.000000 3.693430 -71.075918 -67.382489 6074.442203 -67.382489 0.001331
984 9840.000000 3.657954 -71.092129 -67.434174 6016.096852 -67.434174 0.001315
985 9850.000000 3.508789 -71.108053 -67.599265 5770.769808 -67.599265 0.001296
986 9860.000000 3.500866 -71.121026 -67.620160 5757.740362 -67.620160 0.001278
987 9870.000000 3.628711 -71.130797 -67.502086 5968.002001 -67.502086 0.001262
988 9880.000000 3.749122 -71.138318 -67.389196 6166.037438 -67.389196 0.001247
989 9890.000000 3.751779 -71.148320 -67.396541 6170.407029 -67.396541 0.001245
990 9900.000000 3.794650 -71.155417 -67.360767 6240.915038 -67.360767 0.001246
991 9910.000000 3.850025 -71.162611 -67.312586 6331.988444 -67.312586 0.001248
992 9920.000000 3.901741 -71.169168 -67.267427 6417.043692 -67.267427 0.001252
993 9930.000000 3.955023 -71.173337 -67.218314 6504.673914 -67.218314 0.001259
994 9940.000000 3.896082 -71.176705 -67.280623 6407.737083 -67.280623 0.001272
995 9950.000000 3.902200 -71.177544 -67.275344 6417.798228 -67.275344 0.001290
996 9960.000000 3.759937 -71.164791 -67.404853 6183.824608 -67.404853 0.001310
997 9970.000000 3.579335 -71.152886 -67.573550 5886.795381 -67.573550 0.001327
998 9980.000000 3.573681 -71.141474 -67.567793 5877.496544 -67.567793 0.001344
999 9990.000000 3.477595 -71.140969 -67.663374 5719.467139 -67.663374 0.001362
1000 10000.000000 3.649837 -71.139883 -67.490046 6002.746335 -67.490046 0.001385
1001 10010.000000 3.677684 -71.139788 -67.462104 6048.544850 -67.462104 0.001410
1002 10020.000000 3.563754 -71.131220 -67.567466 5861.168514 -67.567466 0.001438
1003 10030.000000 3.604941 -71.114489 -67.509548 5928.907585 -67.509548 0.001467
1004 10040.000000 3.594851 -71.099162 -67.504311 5912.312941 -67.504311 0.001493
1005 10050.000000 3.525602 -71.104062 -67.578459 5798.422518 -67.578459 0.001508
1006 10060.000000 3.599026 -71.127129 -67.528103 5919.180367 -67.528103 0.001511
1007 10070.000000 3.639249 -71.156303 -67.517053 5985.333663 -67.517053 0.001500
1008 10080.000000 3.805770 -71.180130 -67.374360 6259.203915 -67.374360 0.001481
1009 10090.000000 3.813889 -71.199976 -67.386086 6272.557145 -67.386086 0.001454
1010 10100.000000 3.722992 -71.196733 -67.473741 6123.061494 -67.473741 0.001427
1011 10110.000000 3.720777 -71.183247 -67.462470 6119.418735 -67.462470 0.001401
1012 10120.000000 3.633067 -71.172540 -67.539473 5975.166239 -67.539473 0.001375
1013 10130.000000 3.638870 -71.160667 -67.521797 5984.709333 -67.521797 0.001352
1014 10140.000000 3.708838 -71.140185 -67.431347 6099.784152 -67.431347 0.001332
1015 10150.000000 3.709850 -71.112903 -67.403054 6101.447242 -67.403054 0.001316
1016 10160.000000 3.639916 -71.084955 -67.445039 5986.430585 -67.445039 0.001305
1017 10170.000000 3.642533 -71.059769 -67.417237 5990.733371 -67.417237 0.001288
1018 10180.000000 3.739457 -71.033104 -67.293648 6150.140476 -67.293648 0.001273
1019 10190.000000 3.820579 -71.010255 -67.189676 6283.559436 -67.189676 0.001257
1020 10200.000000 3.914480 -70.980987 -67.066507 6437.995397 -67.066507 0.001241
1021 10210.000000 3.810954 -70.958065 -67.147111 6267.729641 -67.147111 0.001231
1022 10220.000000 3.725915 -70.944536 -67.218622 6127.869074 -67.218622 0.001218
1023 10230.000000 3.774560 -70.934811 -67.160251 6207.874045 -67.160251 0.001205
1024 10240.000000 3.839448 -70.927756 -67.088308 6314.592809 -67.088308 0.001197
1025 10250.000000 3.847656 -70.908512 -67.060856 6328.092050 -67.060856 0.001190
1026 10260.000000 3.660470 -70.887395 -67.226926 6020.233873 -67.226926 0.001180
1027 10270.000000 3.791466 -70.865827 -67.074361 6235.677838 -67.074361 0.001170
1028 10280.000000 3.583173 -70.850563 -67.267390 5893.107693 -67.267390 0.001160
1029 10290.000000 3.613186 -70.844930 -67.231744 5942.468472 -67.231744 0.001154
1030 10300.000000 3.657186 -70.848191 -67.191006 6014.832629 -67.191006 0.001148
1031 10310.000000 3.595301 -70.849474 -67.254173 5913.052679 -67.254173 0.001142
1032 10320.000000 3.547414 -70.841864 -67.294449 5834.296088 -67.294449 0.001147
1033 10330.000000 3.650058 -70.844618 -67.194560 6003.109761 -67.194560 0.001159
1034 10340.000000 3.468862 -70.855266 -67.386404 5705.104400 -67.386404 0.001170
1035 10350.000000 3.562096 -70.878559 -67.316463 5858.442259 -67.316463 0.001178
1036 10360.000000 3.473352 -70.890937 -67.417585 5712.489431 -67.417585 0.001191
1037 10370.000000 3.532853 -70.903488 -67.370635 5810.348046 -67.370635 0.001209
1038 10380.000000 3.537750 -70.895797 -67.358047 5818.401656 -67.358047 0.001230
1039 10390.000000 3.403901 -70.880367 -67.476466 5598.265412 -67.476466 0.001257
1040 10400.000000 3.346721 -70.876866 -67.530145 5504.223698 -67.530145 0.001277
1041 10410.000000 3.338708 -70.896856 -67.558148 5491.045015 -67.558148 0.001287
1042 10420.000000 3.494582 -70.927560 -67.432977 5747.405589 -67.432977 0.001296
1043 10430.000000 3.569877 -70.958678 -67.388801 5871.239831 -67.388801 0.001307
1044 10440.000000 3.534099 -70.983156 -67.449057 5812.397118 -67.449057 0.001318
1045 10450.000000 3.574369 -70.997286 -67.422917 5878.627590 -67.422917 0.001334
1046 10460.000000 3.608888 -71.009338 -67.400450 5935.398694 -67.400450 0.001351
1047 10470.000000 3.381029 -71.026884 -67.645855 5560.648821 -67.645855 0.001366
1048 10480.000000 3.436268 -71.048513 -67.612245 5651.497829 -67.612245 0.001382
1049 10490.000000 3.523506 -71.066179 -67.542673 5794.974232 -67.542673 0.001404
1050 10500.000000 3.515112 -71.077325 -67.562213 5781.169855 -67.562213 0.001434
1051 10510.000000 3.550209 -71.078388 -67.528179 5838.891700 -67.528179 0.001466
1052 10520.000000 3.635149 -71.087259 -67.452111 5978.589197 -67.452111 0.001495
1053 10530.000000 3.701532 -71.108411 -67.406878 6087.768306 -67.406878 0.001519
1054 10540.000000 3.668396 -71.131437 -67.463041 6033.270071 -67.463041 0.001542
1055 10550.000000 3.745423 -71.157935 -67.412511 6159.953842 -67.412511 0.001562
1056 10560.000000 3.756873 -71.175965 -67.419092 6178.784091 -67.419092 0.001582
1057 10570.000000 3.607250 -71.190202 -67.582953 5932.705044 -67.582953 0.001602
1058 10580.000000 3.670519 -71.204690 -67.534171 6036.761482 -67.534171 0.001620
1059 10590.000000 3.662120 -71.224982 -67.562862 6022.948353 -67.562862 0.001630
1060 10600.000000 3.616726 -71.248820 -67.632093 5948.290918 -67.632093 0.001637
1061 10610.000000 3.715819 -71.279430 -67.563611 6111.265176 -67.563611 0.001632
1062 10620.000000 3.710174 -71.301758 -67.591584 6101.980484 -67.591584 0.001626
1063 10630.000000 3.597054 -71.317251 -67.720197 5915.937047 -67.720197 0.001616
1064 10640.000000 3.521110 -71.330603 -67.809493 5791.035116 -67.809493 0.001599
1065 10650.000000 3.555043 -71.338369 -67.783327 5846.842295 -67.783327 0.001579
1066 10660.000000 3.538005 -71.343830 -67.805825 5818.821717 -67.805825 0.001558
1067 10670.000000 3.510415 -71.335617 -67.825203 5773.444126 -67.825203 0.001535
1068 10680.000000 3.554588 -71.324010 -67.769422 5846.093712 -67.769422 0.001512
1069 10690.000000 3.614002 -71.294118 -67.680116 5943.809886 -67.680116 0.001495
1070 10700.000000 3.652597 -71.265966 -67.613368 6007.286641 -67.613368 0.001481
1071 10710.000000 3.641662 -71.223836 -67.582174 5989.301820 -67.582174 0.001465
1072 10720.000000 3.661547 -71.191248 -67.529701 6022.005307 -67.529701 0.001444
1073 10730.000000 3.582891 -71.177994 -67.595104 5892.642691 -67.595104 0.001416
1074 10740.000000 3.643478 -71.171921 -67.528443 5992.287870 -67.528443 0.001391
1075 10750.000000 3.514948 -71.167878 -67.652930 5780.899214 -67.652930 0.001360
1076 10760.000000 3.374904 -71.156750 -67.781846 5550.574560 -67.781846 0.001326
1077 10770.000000 3.199685 -71.160011 -67.960326 5262.398860 -67.960326 0.001296
1078 10780.000000 3.177383 -71.162360 -67.984977 5225.719669 -67.984977 0.001268
1079 10790.000000 3.351037 -71.163382 -67.812345 5511.322500 -67.812345 0.001246
1080 10800.000000 3.414391 -71.150189 -67.735797 5615.518279 -67.735797 0.001233
1081 10810.000000 3.243527 -71.114603 -67.871077 5334.503612 -67.871077 0.001226
1082 10820.000000 3.066052 -71.066975 -68.000923 5042.618652 -68.000923 0.001230
1083 10830.000000 3.046360 -71.021315 -67.974954 5010.231852 -67.974954 0.001240
1084 10840.000000 3.096551 -70.969272 -67.872721 5092.779049 -67.872721 0.001252
1085 10850.000000 3.163220 -70.918765 -67.755545 5202.426477 -67.755545 0.001270
1086 10860.000000 3.055946 -70.867292 -67.811346 5025.996477 -67.811346 0.001291
1087 10870.000000 3.076619 -70.831576 -67.754957 5059.997681 -67.754957 0.001303
1088 10880.000000 3.123037 -70.810940 -67.687902 5136.339377 -67.687902 0.001309
1089 10890.000000 3.171286 -70.801878 -67.630591 5215.692975 -67.630591 0.001310
1090 10900.000000 3.324167 -70.811991 -67.487824 5467.130567 -67.487824 0.001304
1091 10910.000000 3.270831 -70.833755 -67.562924 5379.409419 -67.562924 0.001290
1092 10920.000000 3.325409 -70.864254 -67.538844 5469.173225 -67.538844 0.001271
1093 10930.000000 3.365888 -70.890288 -67.524399 5535.747503 -67.524399 0.001255
1094 10940.000000 3.519857 -70.909886 -67.390030 5788.972905 -67.390030 0.001246
1095 10950.000000 3.444485 -70.921119 -67.476634 5665.012046 -67.476634 0.001247
1096 10960.000000 3.393157 -70.921853 -67.528696 5580.594449 -67.528696 0.001248
1097 10970.000000 3.495433 -70.929134 -67.433701 5748.804233 -67.433701 0.001246
1098 10980.000000 3.495533 -70.928570 -67.433037 5748.969606 -67.433037 0.001251
1099 10990.000000 3.413683 -70.935567 -67.521884 5614.353957 -67.521884 0.001257
1100 11000.000000 3.479534 -70.952073 -67.472539 5722.655557 -67.472539 0.001267
1101 11010.000000 3.543377 -70.969109 -67.425732 5827.655402 -67.425732 0.001274
1102 11020.000000 3.671632 -70.975019 -67.303387 6038.592502 -67.303387 0.001286
1103 11030.000000 3.643506 -70.972588 -67.329083 5992.333967 -67.329083 0.001298
1104 11040.000000 3.484094 -70.975423 -67.491329 5730.154986 -67.491329 0.001306
1105 11050.000000 3.381950 -70.974002 -67.592052 5562.163502 -67.592052 0.001312
1106 11060.000000 3.451459 -70.970288 -67.518829 5676.482052 -67.518829 0.001313
1107 11070.000000 3.350851 -70.961545 -67.610694 5511.015412 -67.610694 0.001307
1108 11080.000000 3.495271 -70.964001 -67.468730 5748.537693 -67.468730 0.001307
1109 11090.000000 3.502543 -70.970457 -67.467914 5760.498221 -67.467914 0.001301
1110 11100.000000 3.557640 -70.975791 -67.418152 5851.113369 -67.418152 0.001296
1111 11110.000000 3.707505 -70.992026 -67.284520 6097.591414 -67.284520 0.001287
1112 11120.000000 3.789898 -71.011053 -67.221155 6233.099726 -67.221155 0.001278
1113 11130.000000 3.778866 -71.025284 -67.246418 6214.955573 -67.246418 0.001267
1114 11140.000000 3.745984 -71.028989 -67.283005 6160.876532 -67.283005 0.001262
1115 11150.000000 3.882355 -71.033613 -67.151257 6385.160603 -67.151257 0.001255
1116 11160.000000 3.950809 -71.045330 -67.094521 6497.744277 -67.094521 0.001251
1117 11170.000000 4.062099 -71.056221 -66.994122 6680.779010 -66.994122 0.001245
1118 11180.000000 4.040463 -71.059770 -67.019307 6645.193860 -67.019307 0.001243
1119 11190.000000 4.167590 -71.053429 -66.885839 6854.275731 -66.885839 0.001243
1120 11200.000000 4.065381 -71.037283 -66.971902 6686.176232 -66.971902 0.001249
1121 11210.000000 4.163231 -71.008106 -66.844875 6847.106750 -66.844875 0.001254
1122 11220.000000 4.151885 -70.982486 -66.830601 6828.445700 -66.830601 0.001257
1123 11230.000000 4.013946 -70.974405 -66.960459 6601.583494 -66.960459 0.001256
1124 11240.000000 3.944938 -70.974349 -67.029411 6488.088281 -67.029411 0.001254
1125 11250.000000 3.996107 -70.989647 -66.993539 6572.243809 -66.993539 0.001248
1126 11260.000000 4.097323 -71.017665 -66.920342 6738.709682 -66.920342 0.001245
1127 11270.000000 4.040360 -71.042239 -67.001879 6645.025488 -67.001879 0.001244
1128 11280.000000 3.883170 -71.062646 -67.179476 6386.500951 -67.179476 0.001250
1129 11290.000000 3.941878 -71.065413 -67.123535 6483.056057 -67.123535 0.001258
1130 11300.000000 4.005466 -71.055212 -67.049746 6587.635727 -67.049746 0.001272
1131 11310.000000 3.947642 -71.037472 -67.089830 6492.534603 -67.089830 0.001286
1132 11320.000000 3.865087 -71.018921 -67.153834 6356.759396 -67.153834 0.001301
1133 11330.000000 3.735012 -70.998687 -67.263676 6142.830369 -67.263676 0.001317
1134 11340.000000 3.744601 -70.985933 -67.241332 6158.601486 -67.241332 0.001329
1135 11350.000000 3.607417 -70.982263 -67.374846 5932.980001 -67.374846 0.001337
1136 11360.000000 3.625118 -70.967181 -67.342064 5962.091581 -67.342064 0.001346
1137 11370.000000 3.622701 -70.938242 -67.315541 5958.117578 -67.315541 0.001355
1138 11380.000000 3.598830 -70.895588 -67.296758 5918.858169 -67.296758 0.001363
1139 11390.000000 3.525810 -70.880288 -67.354478 5798.764258 -67.354478 0.001364
1140 11400.000000 3.524429 -70.911383 -67.386954 5796.493102 -67.386954 0.001352
1141 11410.000000 3.544667 -70.959803 -67.415136 5829.778207 -67.415136 0.001335
1142 11420.000000 3.626225 -70.985627 -67.359402 5963.913256 -67.359402 0.001322
1143 11430.000000 3.574955 -70.990258 -67.415303 5879.591617 -67.415303 0.001313
1144 11440.000000 3.676330 -70.989727 -67.313397 6046.319155 -67.313397 0.001308
1145 11450.000000 3.654493 -70.978636 -67.324143 6010.404169 -67.324143 0.001304
1146 11460.000000 3.726968 -70.978197 -67.251229 6129.601251 -67.251229 0.001303
1147 11470.000000 3.877206 -70.982182 -67.104976 6376.691339 -67.104976 0.001304
1148 11480.000000 3.793474 -70.987444 -67.193971 6238.980568 -67.193971 0.001305
1149 11490.000000 3.844613 -70.997418 -67.152804 6323.088069 -67.152804 0.001312
1150 11500.000000 3.834721 -71.011653 -67.176931 6306.818607 -67.176931 0.001317
1151 11510.000000 3.740692 -71.041161 -67.300469 6152.172222 -67.300469 0.001316
1152 11520.000000 3.873709 -71.079556 -67.205846 6370.940766 -67.205846 0.001313
