# istep , time , K , V , E , T , H_eff, P
1 10.000000 6.121938 -70.027277 -63.905339 10068.516479 -63.905339 0.001829
2 20.000000 5.971047 -70.015182 -64.044134 9820.352430 -64.044134 0.001844
3 30.000000 5.743352 -69.994755 -64.251403 9445.870284 -64.251403 0.001861
4 40.000000 5.963979 -69.963818 -63.999839 9808.727683 -63.999839 0.001879
5 50.000000 6.073582 -69.946739 -63.873158 9988.986297 -63.873158 0.001894
6 60.000000 6.465651 -69.933560 -63.467909 10633.808581 -63.467909 0.001906
7 70.000000 6.535193 -69.917379 -63.382186 10748.180951 -63.382186 0.001913
8 80.000000 6.539793 -69.896250 -63.356457 10755.746109 -63.356457 0.001912
9 90.000000 6.254993 -69.875470 -63.620477 10287.345983 -63.620477 0.001904
10 100.000000 6.477893 -69.856967 -63.379074 10653.941996 -63.379074 0.001895
11 110.000000 6.530077 -69.835223 -63.305147 10739.766411 -63.305147 0.001884
12 120.000000 6.774412 -69.810447 -63.036035 11141.615362 -63.036035 0.001874
13 130.000000 6.982344 -69.781762 -62.799419 11483.592678 -62.799419 0.001865
14 140.000000 7.146389 -69.769653 -62.623264 11753.390768 -62.623264 0.001851
15 150.000000 7.191155 -69.776361 -62.585205 11827.016778 -62.585205 0.001832
16 160.000000 6.946629 -69.809746 -62.863117 11424.853475 -62.863117 0.001813
17 170.000000 7.007629 -69.864249 -62.856620 11525.178971 -62.856620 0.001791
18 180.000000 6.796365 -69.924753 -63.128387 11177.720861 -63.128387 0.001766
19 190.000000 7.088020 -69.984665 -62.896645 11657.394130 -62.896645 0.001746
20 200.000000 7.058771 -70.038352 -62.979581 11609.289566 -62.979581 0.001725
21 210.000000 6.810795 -70.073025 -63.262230 11201.452862 -63.262230 0.001707
22 220.000000 6.631121 -70.094467 -63.463346 10905.949917 -63.463346 0.001693
23 230.000000 6.614605 -70.105125 -63.490520 10878.786394 -63.490520 0.001684
24 240.000000 6.720297 -70.112737 -63.392440 11052.614307 -63.392440 0.001682
25 250.000000 6.931622 -70.136781 -63.205160 11400.171939 -63.205160 0.001677
26 260.000000 7.106399 -70.159169 -63.052770 11687.621509 -63.052770 0.001676
27 270.000000 6.921395 -70.164402 -63.243007 11383.351824 -63.243007 0.001679
28 280.000000 6.749094 -70.165707 -63.416613 11099.976034 -63.416613 0.001680
29 290.000000 6.815100 -70.174852 -63.359753 11208.533098 -63.359753 0.001681
30 300.000000 6.661111 -70.171029 -63.509918 10955.273891 -63.509918 0.001687
31 310.000000 6.428772 -70.172239 -63.743467 10573.154463 -63.743467 0.001692
32 320.000000 6.446241 -70.174233 -63.727992 10601.884956 -63.727992 0.001701
33 330.000000 6.498681 -70.169861 -63.671180 10688.131066 -63.671180 0.001712
34 340.000000 6.462447 -70.158204 -63.695757 10628.538417 -63.695757 0.001726
35 350.000000 6.365235 -70.141523 -63.776288 10468.657374 -63.776288 0.001744
36 360.000000 6.090451 -70.112034 -64.021583 10016.731165 -64.021583 0.001761
37 370.000000 6.227667 -70.059480 -63.831812 10242.405253 -63.831812 0.001785
38 380.000000 5.742707 -70.021439 -64.278732 9444.809488 -64.278732 0.001799
39 390.000000 5.543750 -70.004990 -64.461240 9117.592838 -64.461240 0.001810
40 400.000000 5.435430 -69.981006 -64.545576 8939.443448 -64.545576 0.001830
41 410.000000 5.402267 -69.957164 -64.554897 8884.900752 -64.554897 0.001853
42 420.000000 5.524800 -69.961078 -64.436278 9086.426679 -64.436278 0.001873
43 430.000000 5.620433 -69.972124 -64.351691 9243.710129 -64.351691 0.001887
44 440.000000 5.681027 -70.006068 -64.325041 9343.366197 -64.325041 0.001885
45 450.000000 5.721047 -70.054458 -64.333410 9409.186791 -64.333410 0.001876
46 460.000000 5.732587 -70.097083 -64.364496 9428.165948 -64.364496 0.001864
47 470.000000 5.798769 -70.141999 -64.343230 9537.012489 -64.343230 0.001851
48 480.000000 6.064618 -70.175157 -64.110539 9974.244038 -64.110539 0.001841
49 490.000000 6.084641 -70.198411 -64.113770 10007.174998 -64.113770 0.001831
50 500.000000 6.086076 -70.216671 -64.130595 10009.535124 -64.130595 0.001823
51 510.000000 6.292298 -70.231406 -63.939108 10348.700576 -63.939108 0.001815
52 520.000000 6.320270 -70.251728 -63.931457 10394.705918 -63.931457 0.001801
53 530.000000 6.307687 -70.274911 -63.967225 10374.009797 -63.967225 0.001791
54 540.000000 6.348084 -70.293818 -63.945734 10440.449747 -63.945734 0.001785
55 550.000000 6.671861 -70.308192 -63.636332 10972.953201 -63.636332 0.001777
56 560.000000 6.930423 -70.330230 -63.399807 11398.200441 -63.399807 0.001774
57 570.000000 6.715553 -70.347597 -63.632044 11044.811874 -63.632044 0.001780
58 580.000000 6.739368 -70.364161 -63.624793 11083.979774 -63.624793 0.001787
59 590.000000 6.952334 -70.363085 -63.410751 11434.236252 -63.410751 0.001807
60 600.000000 6.782297 -70.355235 -63.572938 11154.583133 -63.572938 0.001827
61 610.000000 6.501244 -70.345724 -63.844481 10692.345869 -63.844481 0.001850
62 620.000000 6.804148 -70.345890 -63.541742 11190.521442 -63.541742 0.001876
63 630.000000 6.779313 -70.332719 -63.553406 11149.675522 -63.553406 0.001905
64 640.000000 6.815659 -70.316048 -63.500389 11209.451946 -63.500389 0.001933
65 650.000000 6.783937 -70.293740 -63.509803 11157.281037 -63.509803 0.001961
66 660.000000 6.657520 -70.262621 -63.605100 10949.367722 -63.605100 0.001989
67 670.000000 6.309264 -70.217589 -63.908325 10376.604087 -63.908325 0.002014
68 680.000000 6.068204 -70.159571 -64.091366 9980.142410 -64.091366 0.002040
69 690.000000 5.891095 -70.108854 -64.217759 9688.857221 -64.217759 0.002051
70 700.000000 5.740956 -70.077941 -64.336985 9441.930056 -64.336985 0.002046
71 710.000000 5.835894 -70.068616 -64.232722 9598.070316 -64.232722 0.002027
72 720.000000 5.646497 -70.068807 -64.422310 9286.576846 -64.422310 0.002000
73 730.000000 5.595167 -70.072949 -64.477782 9202.156302 -64.477782 0.001966
74 740.000000 5.656714 -70.072781 -64.416067 9303.379623 -64.416067 0.001932
75 750.000000 5.598598 -70.067047 -64.468449 9207.799108 -64.468449 0.001897
76 760.000000 5.624045 -70.062077 -64.438032 9249.650576 -64.438032 0.001866
77 770.000000 5.447468 -70.052487 -64.605020 8959.240700 -64.605020 0.001840
78 780.000000 5.406995 -70.048620 -64.641625 8892.677418 -64.641625 0.001817
79 790.000000 5.405666 -70.047581 -64.641915 8890.491126 -64.641915 0.001791
80 800.000000 5.375831 -70.049903 -64.674072 8841.421984 -64.674072 0.001764
81 810.000000 5.579350 -70.057351 -64.478001 9176.143219 -64.478001 0.001742
82 820.000000 5.771414 -70.077178 -64.305764 9492.023371 -64.305764 0.001721
83 830.000000 5.948506 -70.101404 -64.152898 9783.279330 -64.152898 0.001711
84 840.000000 6.084832 -70.123258 -64.038426 10007.489657 -64.038426 0.001711
85 850.000000 5.902761 -70.134850 -64.232089 9708.044945 -64.232089 0.001725
86 860.000000 5.901890 -70.155576 -64.253686 9706.611624 -64.253686 0.001742
87 870.000000 5.911074 -70.189819 -64.278745 9721.716553 -64.278745 0.001758
88 880.000000 5.989124 -70.220226 -64.231102 9850.081558 -64.231102 0.001780
89 890.000000 5.776180 -70.250234 -64.474055 9499.860586 -64.474055 0.001806
90 900.000000 5.671646 -70.271993 -64.600347 9327.938768 -64.600347 0.001832
91 910.000000 5.641051 -70.271977 -64.630926 9277.619556 -64.630926 0.001859
92 920.000000 5.565598 -70.266131 -64.700533 9153.525996 -64.700533 0.001880
93 930.000000 5.750717 -70.246186 -64.495469 9457.983435 -64.495469 0.001904
94 940.000000 5.701124 -70.224759 -64.523635 9376.419334 -64.523635 0.001929
95 950.000000 5.697118 -70.193416 -64.496298 9369.830524 -64.496298 0.001950
96 960.000000 5.906759 -70.144959 -64.238200 9714.619672 -64.238200 0.001967
97 970.000000 6.163870 -70.097870 -63.934001 10137.480070 -63.934001 0.001977
98 980.000000 6.057966 -70.102084 -64.044119 9963.303507 -64.044119 0.001974
99 990.000000 6.060424 -70.128076 -64.067652 9967.345750 -64.067652 0.001956
100 1000.000000 6.189663 -70.141653 -63.951990 10179.900569 -63.951990 0.001934
101 1010.000000 6.193296 -70.152012 -63.958715 10185.876845 -63.958715 0.001915
102 1020.000000 6.170622 -70.132835 -63.962213 10148.584644 -63.962213 0.001901
103 1030.000000 5.980556 -70.090446 -64.109890 9835.990067 -64.109890 0.001889
104 1040.000000 6.079761 -70.042778 -63.963017 9999.148593 -63.963017 0.001871
105 1050.000000 5.798298 -70.011357 -64.213060 9536.237653 -64.213060 0.001852
106 1060.000000 5.754499 -69.992685 -64.238186 9464.203380 -64.238186 0.001837
107 1070.000000 5.832631 -69.985035 -64.152404 9592.704249 -64.152404 0.001823
108 1080.000000 6.038602 -69.985017 -63.946415 9931.457072 -63.946415 0.001811
109 1090.000000 5.893408 -69.980068 -64.086660 9692.661535 -64.086660 0.001807
110 1100.000000 6.096375 -69.978304 -63.881928 10026.474380 -63.881928 0.001810
111 1110.000000 6.058406 -69.988334 -63.929927 9964.028206 -63.929927 0.001813
112 1120.000000 6.111394 -69.991742 -63.880348 10051.174954 -63.880348 0.001824
113 1130.000000 6.033146 -69.982430 -63.949284 9922.483702 -63.949284 0.001839
114 1140.000000 6.065358 -69.970192 -63.904834 9975.461948 -63.904834 0.001861
115 1150.000000 6.152311 -69.966465 -63.814154 10118.469930 -63.814154 0.001875
116 1160.000000 6.378149 -69.969461 -63.591312 10489.896878 -63.591312 0.001883
117 1170.000000 6.502999 -69.988060 -63.485061 10695.232597 -63.485061 0.001887
118 1180.000000 6.722404 -70.031102 -63.308698 11056.078870 -63.308698 0.001880
119 1190.000000 6.710050 -70.077879 -63.367829 11035.762190 -63.367829 0.001866
120 1200.000000 6.680117 -70.124526 -63.444408 10986.532579 -63.444408 0.001855
121 1210.000000 6.878284 -70.147520 -63.269236 11312.449288 -63.269236 0.001857
122 1220.000000 6.823812 -70.158717 -63.334905 11222.861369 -63.334905 0.001862
123 1230.000000 6.771344 -70.156614 -63.385270 11136.569553 -63.385270 0.001873
124 1240.000000 6.894869 -70.141713 -63.246845 11339.725394 -63.246845 0.001887
125 1250.000000 6.815515 -70.117256 -63.301740 11209.216387 -63.301740 0.001902
126 1260.000000 6.612198 -70.096025 -63.483828 10874.827447 -63.483828 0.001909
127 1270.000000 6.278377 -70.077267 -63.798890 10325.804794 -63.798890 0.001914
128 1280.000000 6.338499 -70.062556 -63.724057 10424.686070 -63.724057 0.001914
129 1290.000000 6.283341 -70.042527 -63.759186 10333.969930 -63.759186 0.001915
130 1300.000000 6.312159 -70.019286 -63.707127 10381.365606 -63.707127 0.001912
131 1310.000000 6.358107 -70.001521 -63.643414 10456.934963 -63.643414 0.001907
132 1320.000000 6.191014 -70.009078 -63.818065 10182.122640 -63.818065 0.001893
133 1330.000000 6.255563 -70.046640 -63.791077 10288.284847 -63.791077 0.001872
134 1340.000000 6.279737 -70.086739 -63.807002 10328.041791 -63.807002 0.001856
135 1350.000000 6.464429 -70.111752 -63.647323 10631.798052 -63.647323 0.001850
136 1360.000000 6.400954 -70.110598 -63.709643 10527.403523 -63.709643 0.001851
137 1370.000000 6.250739 -70.106631 -63.855892 10280.349908 -63.855892 0.001860
138 1380.000000 6.344505 -70.091513 -63.747009 10434.563183 -63.747009 0.001871
139 1390.000000 6.421002 -70.063544 -63.642542 10560.375984 -63.642542 0.001890
140 1400.000000 6.186604 -70.050990 -63.864386 10174.869221 -63.864386 0.001905
141 1410.000000 6.312076 -70.033760 -63.721684 10381.228941 -63.721684 0.001920
142 1420.000000 6.112288 -70.017001 -63.904714 10052.644511 -63.904714 0.001937
143 1430.000000 6.176465 -69.997732 -63.821267 10158.194913 -63.821267 0.001954
144 1440.000000 6.188810 -69.976666 -63.787857 10178.497683 -63.787857 0.001972
145 1450.000000 6.030789 -69.960639 -63.929850 9918.606792 -63.929850 0.001985
146 1460.000000 6.095633 -69.955987 -63.860354 10025.253501 -63.860354 0.001991
147 1470.000000 5.999967 -69.964303 -63.964336 9867.914624 -63.964336 0.001991
148 1480.000000 5.964294 -69.984847 -64.020553 9809.246028 -64.020553 0.001978
149 1490.000000 5.996244 -70.012077 -64.015833 9861.792639 -64.015833 0.001963
150 1500.000000 6.050942 -70.025607 -63.974666 9951.751122 -63.974666 0.001954
151 1510.000000 5.864320 -70.036082 -64.171763 9644.821295 -64.171763 0.001937
152 1520.000000 6.009815 -70.048806 -64.038990 9884.112582 -64.038990 0.001918
153 1530.000000 6.179419 -70.072193 -63.892774 10163.052776 -63.892774 0.001889
154 1540.000000 6.158489 -70.106795 -63.948306 10128.630503 -63.948306 0.001854
155 1550.000000 6.114372 -70.150398 -64.036026 10056.072010 -64.036026 0.001821
156 1560.000000 6.122568 -70.196490 -64.073922 10069.552684 -64.073922 0.001789
157 1570.000000 6.139346 -70.238356 -64.099010 10097.146529 -64.099010 0.001759
158 1580.000000 6.114231 -70.266857 -64.152626 10055.840272 -64.152626 0.001741
159 1590.000000 5.935133 -70.285080 -64.349947 9761.284702 -64.349947 0.001736
160 1600.000000 5.749529 -70.282204 -64.532674 9456.030298 -64.532674 0.001735
161 1610.000000 5.596120 -70.262597 -64.666477 9203.723424 -64.666477 0.001752
162 1620.000000 5.585973 -70.233699 -64.647726 9187.035952 -64.647726 0.001777
163 1630.000000 5.735218 -70.197808 -64.462590 9432.492082 -64.462590 0.001809
164 1640.000000 5.615750 -70.155932 -64.540182 9236.008435 -64.540182 0.001849
165 1650.000000 5.641927 -70.122895 -64.480968 9279.059808 -64.480968 0.001889
166 1660.000000 5.732844 -70.078142 -64.345298 9428.588310 -64.345298 0.001928
167 1670.000000 5.707627 -70.038096 -64.330470 9387.114132 -64.330470 0.001960
168 1680.000000 5.448138 -69.995591 -64.547452 8960.343992 -64.547452 0.001981
169 1690.000000 5.573037 -69.951477 -64.378440 9165.760009 -64.378440 0.001999
170 1700.000000 5.606363 -69.936342 -64.329979 9220.569992 -64.329979 0.001998
171 1710.000000 5.605811 -69.930704 -64.324893 9219.661414 -64.324893 0.001989
172 1720.000000 5.711132 -69.916973 -64.205842 9392.878860 -64.205842 0.001977
173 1730.000000 5.720730 -69.890863 -64.170134 9408.664138 -64.170134 0.001962
174 1740.000000 5.555959 -69.902237 -64.346278 9137.672532 -64.346278 0.001936
175 1750.000000 5.770490 -69.956411 -64.185921 9490.503086 -64.185921 0.001897
176 1760.000000 5.582924 -70.007641 -64.424716 9182.021420 -64.424716 0.001855
177 1770.000000 5.513644 -70.048483 -64.534840 9068.078074 -64.534840 0.001820
178 1780.000000 5.653021 -70.083060 -64.430039 9297.307005 -64.430039 0.001791
179 1790.000000 5.404664 -70.112890 -64.708226 8888.843752 -64.708226 0.001762
180 1800.000000 5.578014 -70.143609 -64.565596 9173.945026 -64.565596 0.001743
181 1810.000000 5.345976 -70.178631 -64.832656 8792.321106 -64.832656 0.001733
182 1820.000000 5.506272 -70.218193 -64.711921 9055.954413 -64.711921 0.001725
183 1830.000000 5.676633 -70.275021 -64.598388 9336.140742 -64.598388 0.001727
184 1840.000000 5.880102 -70.335391 -64.455289 9670.777640 -64.455289 0.001729
185 1850.000000 6.074208 -70.376114 -64.301906 9990.016585 -64.301906 0.001740
186 1860.000000 5.918394 -70.404388 -64.485994 9733.755721 -64.485994 0.001756
187 1870.000000 5.434970 -70.402062 -64.967092 8938.686362 -64.967092 0.001777
188 1880.000000 5.712568 -70.388552 -64.675984 9395.241585 -64.675984 0.001809
189 1890.000000 5.722007 -70.374740 -64.652734 9410.764333 -64.652734 0.001845
190 1900.000000 5.712569 -70.372893 -64.660325 9395.242104 -64.660325 0.001878
191 1910.000000 5.711775 -70.378360 -64.666585 9393.937015 -64.666585 0.001911
192 1920.000000 5.858295 -70.413652 -64.555358 9634.912524 -64.555358 0.001932
193 1930.000000 5.936105 -70.454286 -64.518181 9762.884228 -64.518181 0.001945
194 1940.000000 5.907613 -70.467170 -64.559558 9716.023722 -64.559558 0.001956
195 1950.000000 6.034964 -70.448371 -64.413408 9925.472685 -64.413408 0.001969
196 1960.000000 6.132689 -70.405444 -64.272755 10086.198677 -64.272755 0.001979
197 1970.000000 6.337610 -70.345470 -64.007861 10423.222942 -64.007861 0.001988
198 1980.000000 6.379001 -70.287006 -63.908006 10491.297861 -63.908006 0.001989
199 1990.000000 6.133876 -70.227756 -64.093879 10088.150421 -64.093879 0.001995
200 2000.000000 6.058254 -70.194949 -64.136695 9963.777466 -64.136695 0.001983
201 2010.000000 6.316064 -70.204822 -63.888758 10387.787254 -63.888758 0.001956
202 2020.000000 6.523354 -70.245132 -63.721778 10728.709574 -63.721778 0.001916
203 2030.000000 6.713043 -70.265602 -63.552558 11040.684407 -63.552558 0.001876
204 2040.000000 6.668585 -70.260076 -63.591491 10967.565225 -63.591491 0.001844
205 2050.000000 6.626886 -70.243632 -63.616746 10898.985512 -63.616746 0.001820
206 2060.000000 6.478300 -70.223756 -63.745456 10654.611260 -63.745456 0.001806
207 2070.000000 6.310434 -70.209321 -63.898888 10378.527701 -63.898888 0.001793
208 2080.000000 6.191679 -70.194084 -64.002405 10183.217122 -64.002405 0.001783
209 2090.000000 6.137636 -70.174314 -64.036678 10094.333508 -64.036678 0.001774
210 2100.000000 6.047083 -70.150682 -64.103600 9945.404346 -64.103600 0.001768
211 2110.000000 5.935737 -70.134443 -64.198706 9762.278523 -64.198706 0.001759
212 2120.000000 5.746851 -70.114922 -64.368071 9451.625250 -64.368071 0.001756
213 2130.000000 5.755931 -70.095363 -64.339432 9466.558897 -64.339432 0.001757
214 2140.000000 5.806994 -70.071611 -64.264617 9550.539677 -64.264617 0.001760
215 2150.000000 5.848873 -70.049202 -64.200329 9619.416330 -64.200329 0.001756
216 2160.000000 5.700071 -70.003277 -64.303206 9374.688470 -64.303206 0.001762
217 2170.000000 5.902445 -69.958726 -64.056281 9707.524882 -64.056281 0.001769
218 2180.000000 5.740027 -69.933435 -64.193409 9440.401657 -64.193409 0.001772
219 2190.000000 5.710836 -69.946589 -64.235752 9392.392963 -64.235752 0.001766
220 2200.000000 5.741276 -69.985842 -64.244566 9442.456091 -64.244566 0.001754
221 2210.000000 5.794227 -70.029882 -64.235655 9529.542541 -64.235655 0.001740
222 2220.000000 5.907721 -70.058519 -64.150798 9716.201818 -64.150798 0.001726
223 2230.000000 6.074448 -70.082151 -64.007703 9990.411506 -64.007703 0.001717
224 2240.000000 6.099547 -70.094442 -63.994895 10031.690628 -63.994895 0.001717
225 2250.000000 6.121612 -70.086495 -63.964883 10067.979663 -63.964883 0.001722
226 2260.000000 6.208260 -70.067948 -63.859688 10210.486092 -63.859688 0.001732
227 2270.000000 6.160853 -70.040908 -63.880055 10132.519036 -63.880055 0.001751
228 2280.000000 6.097510 -69.998749 -63.901239 10028.340899 -63.901239 0.001776
229 2290.000000 6.177297 -69.954931 -63.777634 10159.563205 -63.777634 0.001805
230 2300.000000 6.112493 -69.926759 -63.814265 10052.983186 -63.814265 0.001831
231 2310.000000 5.817253 -69.900477 -64.083223 9567.412731 -64.083223 0.001868
232 2320.000000 5.879400 -69.886278 -64.006877 9669.624089 -64.006877 0.001906
233 2330.000000 5.929284 -69.910004 -63.980720 9751.665065 -63.980720 0.001933
234 2340.000000 5.932800 -69.977609 -64.044810 9757.447797 -64.044810 0.001947
235 2350.000000 6.074019 -70.070618 -63.996599 9989.706038 -63.996599 0.001951
236 2360.000000 6.526256 -70.161603 -63.635347 10733.482658 -63.635347 0.001953
237 2370.000000 6.771954 -70.202194 -63.430240 11137.572016 -63.430240 0.001962
238 2380.000000 6.659601 -70.201846 -63.542246 10952.789164 -63.542246 0.001982
239 2390.000000 6.548275 -70.176693 -63.628419 10769.695684 -63.628419 0.002012
240 2400.000000 6.479467 -70.169131 -63.689665 10656.529753 -63.689665 0.002041
241 2410.000000 6.547535 -70.169445 -63.621910 10768.478848 -63.621910 0.002068
242 2420.000000 6.545849 -70.211349 -63.665500 10765.706712 -63.665500 0.002086
243 2430.000000 7.000905 -70.265563 -63.264658 11514.119646 -63.264658 0.002086
244 2440.000000 6.795891 -70.305742 -63.509851 11176.941494 -63.509851 0.002089
245 2450.000000 6.695909 -70.360413 -63.664504 11012.504025 -63.664504 0.002078
246 2460.000000 6.959906 -70.407536 -63.447630 11446.690570 -63.447630 0.002067
247 2470.000000 7.070327 -70.437132 -63.366805 11628.294631 -63.366805 0.002060
248 2480.000000 6.984721 -70.442271 -63.457550 11487.502594 -63.457550 0.002059
249 2490.000000 6.946467 -70.443350 -63.496882 11424.587981 -63.496882 0.002060
250 2500.000000 6.932108 -70.433027 -63.500919 11400.971037 -63.500919 0.002067
251 2510.000000 6.657471 -70.398601 -63.741130 10949.286718 -63.741130 0.002085
252 2520.000000 6.673682 -70.349520 -63.675838 10975.947645 -63.675838 0.002096
253 2530.000000 6.543346 -70.270285 -63.726939 10761.590550 -63.726939 0.002105
254 2540.000000 6.542832 -70.221618 -63.678786 10760.744699 -63.678786 0.002100
255 2550.000000 6.656637 -70.215071 -63.558434 10947.915509 -63.558434 0.002076
256 2560.000000 6.760749 -70.281681 -63.520932 11119.143849 -63.520932 0.002031
257 2570.000000 6.694348 -70.355113 -63.660765 11009.937464 -63.660765 0.001984
258 2580.000000 6.739272 -70.375571 -63.636300 11083.821600 -63.636300 0.001948
259 2590.000000 6.914675 -70.358524 -63.443849 11372.300913 -63.443849 0.001914
260 2600.000000 7.009065 -70.330885 -63.321820 11527.539345 -63.321820 0.001886
261 2610.000000 6.940926 -70.305107 -63.364182 11415.473840 -63.364182 0.001868
262 2620.000000 6.894722 -70.276861 -63.382138 11339.485244 -63.382138 0.001853
263 2630.000000 6.492148 -70.235373 -63.743225 10677.385986 -63.743225 0.001847
264 2640.000000 6.311101 -70.181816 -63.870715 10379.625964 -63.870715 0.001844
265 2650.000000 6.209048 -70.108480 -63.899431 10211.783466 -63.899431 0.001848
266 2660.000000 6.124833 -70.016665 -63.891832 10073.277942 -63.891832 0.001856
267 2670.000000 6.125552 -69.938180 -63.812627 10074.460815 -63.812627 0.001860
268 2680.000000 6.085849 -69.907020 -63.821172 10009.161726 -63.821172 0.001845
269 2690.000000 6.225307 -69.940404 -63.715097 10238.523844 -63.715097 0.001807
270 2700.000000 6.327722 -69.982271 -63.654549 10406.961303 -63.654549 0.001760
271 2710.000000 6.224019 -70.012543 -63.788524 10236.405757 -63.788524 0.001717
272 2720.000000 6.327091 -70.026908 -63.699817 10405.923369 -63.699817 0.001679
273 2730.000000 6.436433 -70.029528 -63.593095 10585.753316 -63.593095 0.001649
274 2740.000000 6.495729 -70.025349 -63.529620 10683.275745 -63.529620 0.001628
275 2750.000000 6.427541 -70.005687 -63.578146 10571.129004 -63.578146 0.001617
276 2760.000000 6.602438 -69.967920 -63.365482 10858.776983 -63.365482 0.001612
277 2770.000000 6.523443 -69.932927 -63.409484 10728.855428 -63.409484 0.001614
278 2780.000000 6.473679 -69.899795 -63.426116 10647.010691 -63.426116 0.001620
279 2790.000000 6.463971 -69.864095 -63.400124 10631.045315 -63.400124 0.001634
280 2800.000000 6.434184 -69.828417 -63.394233 10582.054815 -63.394233 0.001650
281 2810.000000 6.366145 -69.810141 -63.443996 10470.154152 -63.443996 0.001659
282 2820.000000 6.245318 -69.802322 -63.557004 10271.434537 -63.557004 0.001669
283 2830.000000 6.248989 -69.823093 -63.574104 10277.471828 -63.574104 0.001670
284 2840.000000 6.056380 -69.851104 -63.794724 9960.695510 -63.794724 0.001675
285 2850.000000 5.888634 -69.872687 -63.984053 9684.810269 -63.984053 0.001676
286 2860.000000 5.941223 -69.898943 -63.957719 9771.301901 -63.957719 0.001675
287 2870.000000 5.835300 -69.912354 -64.077053 9597.094375 -64.077053 0.001676
288 2880.000000 5.764130 -69.909537 -64.145408 9480.042433 -64.145408 0.001682
289 2890.000000 5.663021 -69.903076 -64.240055 9313.753480 -64.240055 0.001699
290 2900.000000 5.623121 -69.898495 -64.275374 9248.130999 -64.275374 0.001719
291 2910.000000 5.399504 -69.886607 -64.487103 8880.356794 -64.487103 0.001738
292 2920.000000 5.820373 -69.878552 -64.058179 9572.543601 -64.058179 0.001760
293 2930.000000 5.667456 -69.870193 -64.202737 9321.046879 -64.202737 0.001778
294 2940.000000 5.742380 -69.875745 -64.133365 9444.272170 -64.133365 0.001791
295 2950.000000 5.788558 -69.906791 -64.118233 9520.218870 -64.118233 0.001791
296 2960.000000 5.768902 -69.950645 -64.181742 9487.891957 -64.181742 0.001789
297 2970.000000 5.706066 -70.004525 -64.298459 9384.548386 -64.298459 0.001783
298 2980.000000 5.759332 -70.046402 -64.287070 9472.152507 -64.287070 0.001787
299 2990.000000 5.862472 -70.098937 -64.236464 9641.782874 -64.236464 0.001792
300 3000.000000 5.934496 -70.156900 -64.222404 9760.237511 -64.222404 0.001795
301 3010.000000 6.118635 -70.192635 -64.074000 10063.084704 -64.074000 0.001806
302 3020.000000 6.305640 -70.207453 -63.901813 10370.643495 -63.901813 0.001823
303 3030.000000 6.123422 -70.205448 -64.082026 10070.956545 -64.082026 0.001852
304 3040.000000 6.027254 -70.166633 -64.139379 9912.793262 -64.139379 0.001883
305 3050.000000 6.045915 -70.113871 -64.067956 9943.483907 -64.067956 0.001913
306 3060.000000 6.026791 -70.044252 -64.017461 9912.032163 -64.017461 0.001936
307 3070.000000 6.006359 -69.982250 -63.975891 9878.428332 -63.975891 0.001955
308 3080.000000 5.689365 -69.950939 -64.261574 9357.080375 -64.261574 0.001968
309 3090.000000 5.573531 -69.971566 -64.398034 9166.572771 -64.398034 0.001970
310 3100.000000 5.599960 -70.002050 -64.402090 9210.039155 -64.402090 0.001971
311 3110.000000 5.470926 -70.025672 -64.554746 8997.822186 -64.554746 0.001973
312 3120.000000 5.614900 -70.039885 -64.424985 9234.609799 -64.424985 0.001975
313 3130.000000 5.603083 -70.039883 -64.436800 9215.174742 -64.436800 0.001973
314 3140.000000 5.434337 -70.023788 -64.589450 8937.645750 -64.589450 0.001973
315 3150.000000 5.456882 -69.994955 -64.538073 8974.724325 -64.538073 0.001973
316 3160.000000 5.601887 -69.966074 -64.364188 9213.207654 -64.364188 0.001974
317 3170.000000 5.638141 -69.960035 -64.321894 9272.833406 -64.321894 0.001971
318 3180.000000 5.731083 -69.965284 -64.234200 9425.692632 -64.234200 0.001961
319 3190.000000 5.562191 -69.973305 -64.411114 9147.922347 -64.411114 0.001941
320 3200.000000 5.593416 -69.984184 -64.390768 9199.276886 -64.390768 0.001919
321 3210.000000 5.403900 -69.998784 -64.594883 8887.586981 -64.594883 0.001902
322 3220.000000 5.418207 -70.016007 -64.597800 8911.116528 -64.597800 0.001884
323 3230.000000 5.344991 -70.022762 -64.677771 8790.701109 -64.677771 0.001874
324 3240.000000 5.309814 -70.029199 -64.719385 8732.847687 -64.719385 0.001869
325 3250.000000 5.121442 -70.046490 -64.925048 8423.038462 -64.925048 0.001868
326 3260.000000 5.189114 -70.061936 -64.872822 8534.336345 -64.872822 0.001863
327 3270.000000 5.217373 -70.082412 -64.865039 8580.813272 -64.865039 0.001867
328 3280.000000 5.279033 -70.116349 -64.837316 8682.223365 -64.837316 0.001860
329 3290.000000 5.265255 -70.161377 -64.896122 8659.563326 -64.896122 0.001856
330 3300.000000 5.395383 -70.200835 -64.805452 8873.578924 -64.805452 0.001860
331 3310.000000 5.551108 -70.236438 -64.685330 9129.693795 -64.685330 0.001864
332 3320.000000 5.459884 -70.261097 -64.801213 8979.660953 -64.801213 0.001866
333 3330.000000 5.537435 -70.271079 -64.733644 9107.206086 -64.733644 0.001881
334 3340.000000 5.437719 -70.269332 -64.831613 8943.207974 -64.831613 0.001901
335 3350.000000 5.314631 -70.254701 -64.940070 8740.768978 -64.940070 0.001932
336 3360.000000 5.397589 -70.238544 -64.840955 8877.207584 -64.840955 0.001952
337 3370.000000 5.584581 -70.231189 -64.646608 9184.745642 -64.646608 0.001970
338 3380.000000 5.716898 -70.232681 -64.515783 9402.362696 -64.515783 0.001981
339 3390.000000 5.729813 -70.244182 -64.514369 9423.602574 -64.514369 0.001989
340 3400.000000 5.810479 -70.292880 -64.482401 9556.271964 -64.482401 0.001983
341 3410.000000 5.718911 -70.345542 -64.626631 9405.673639 -64.626631 0.001962
342 3420.000000 5.801589 -70.375650 -64.574061 9541.649906 -64.574061 0.001940
343 3430.000000 5.938972 -70.399349 -64.460377 9767.598688 -64.460377 0.001912
344 3440.000000 5.845973 -70.398924 -64.552951 9614.647308 -64.552951 0.001891
345 3450.000000 6.069496 -70.393902 -64.324405 9982.267466 -64.324405 0.001870
346 3460.000000 6.226356 -70.392067 -64.165711 10240.249279 -64.165711 0.001852
347 3470.000000 6.164375 -70.387606 -64.223232 10138.310337 -64.223232 0.001832
348 3480.000000 5.853306 -70.372062 -64.518755 9626.708320 -64.518755 0.001817
349 3490.000000 5.822192 -70.348940 -64.526748 9575.535664 -64.526748 0.001811
350 3500.000000 6.120468 -70.313381 -64.192913 10066.098494 -64.192913 0.001812
351 3510.000000 6.090411 -70.285092 -64.194681 10016.664963 -64.194681 0.001816
352 3520.000000 6.006657 -70.261313 -64.254656 9878.917849 -64.254656 0.001814
353 3530.000000 6.161833 -70.240960 -64.079127 10134.130115 -64.079127 0.001812
354 3540.000000 6.141345 -70.227748 -64.086404 10100.433400 -64.086404 0.001806
355 3550.000000 6.241131 -70.229235 -63.988104 10264.548058 -63.988104 0.001799
356 3560.000000 5.985192 -70.234512 -64.249319 9843.615863 -64.249319 0.001794
357 3570.000000 5.939460 -70.242805 -64.303345 9768.401886 -64.303345 0.001790
358 3580.000000 5.980882 -70.238553 -64.257671 9836.527022 -64.257671 0.001790
359 3590.000000 5.905174 -70.213600 -64.308426 9712.012259 -64.308426 0.001792
360 3600.000000 5.748439 -70.172672 -64.424233 9454.237347 -64.424233 0.001805
361 3610.000000 5.817523 -70.135607 -64.318083 9567.857216 -64.318083 0.001821
362 3620.000000 5.977556 -70.111948 -64.134392 9831.056591 -64.134392 0.001831
363 3630.000000 6.076853 -70.077214 -64.000361 9994.366358 -64.000361 0.001844
364 3640.000000 5.799875 -70.027247 -64.227372 9538.830920 -64.227372 0.001860
365 3650.000000 6.022571 -69.994312 -63.971741 9905.091306 -63.971741 0.001871
366 3660.000000 6.192936 -69.962172 -63.769236 10185.283288 -63.769236 0.001882
367 3670.000000 6.090565 -69.938045 -63.847480 10016.918200 -63.847480 0.001885
368 3680.000000 6.147948 -69.916350 -63.768401 10111.294295 -63.768401 0.001881
369 3690.000000 6.249186 -69.881723 -63.632537 10277.795399 -63.632537 0.001876
370 3700.000000 6.483638 -69.903417 -63.419779 10663.390710 -63.419779 0.001863
371 3710.000000 6.555976 -69.998966 -63.442989 10782.362517 -63.442989 0.001833
372 3720.000000 6.594523 -70.078053 -63.483529 10845.759313 -63.483529 0.001811
373 3730.000000 6.937159 -70.123767 -63.186608 11409.278734 -63.186608 0.001797
374 3740.000000 7.156529 -70.140472 -62.983944 11770.067835 -62.983944 0.001793
375 3750.000000 7.111923 -70.111616 -62.999693 11696.706704 -62.999693 0.001800
376 3760.000000 6.961098 -70.052092 -63.090993 11448.651025 -63.090993 0.001815
377 3770.000000 7.064744 -69.977760 -62.913016 11619.112535 -62.913016 0.001840
378 3780.000000 7.016171 -69.914894 -62.898723 11539.226439 -62.898723 0.001859
379 3790.000000 6.882338 -69.881826 -62.999488 11319.116673 -62.999488 0.001869
380 3800.000000 6.895090 -69.862169 -62.967079 11340.090112 -62.967079 0.001875
381 3810.000000 6.861835 -69.838743 -62.976909 11285.396306 -62.976909 0.001885
382 3820.000000 6.580384 -69.841361 -63.260976 10822.505573 -63.260976 0.001888
383 3830.000000 6.617307 -69.861839 -63.244531 10883.231383 -63.244531 0.001881
384 3840.000000 6.627428 -69.886067 -63.258639 10899.876324 -63.258639 0.001871
385 3850.000000 6.786218 -69.907337 -63.121119 11161.032512 -63.121119 0.001863
386 3860.000000 6.779450 -69.922133 -63.142683 11149.901635 -63.142683 0.001849
387 3870.000000 6.906787 -69.936053 -63.029266 11359.327246 -63.029266 0.001834
388 3880.000000 6.944565 -69.951645 -63.007080 11421.458840 -63.007080 0.001818
389 3890.000000 6.887888 -69.972985 -63.085097 11328.244004 -63.085097 0.001807
390 3900.000000 6.921245 -70.007223 -63.085978 11383.106470 -63.085978 0.001794
391 3910.000000 6.791000 -70.039146 -63.248146 11168.897575 -63.248146 0.001785
392 3920.000000 6.711920 -70.064679 -63.352759 11038.837754 -63.352759 0.001780
393 3930.000000 6.851364 -70.074767 -63.223402 11268.175471 -63.223402 0.001783
394 3940.000000 6.475334 -70.092456 -63.617122 10649.732845 -63.617122 0.001787
395 3950.000000 6.332947 -70.127609 -63.794662 10415.554754 -63.794662 0.001792
396 3960.000000 6.302643 -70.149424 -63.846781 10365.715088 -63.846781 0.001803
397 3970.000000 6.557197 -70.143150 -63.585953 10784.369392 -63.585953 0.001824
398 3980.000000 6.611938 -70.121819 -63.509881 10874.400348 -63.509881 0.001849
399 3990.000000 6.750318 -70.105924 -63.355606 11101.988829 -63.355606 0.001864
400 4000.000000 6.700304 -70.097086 -63.396782 11019.732667 -63.396782 0.001879
401 4010.000000 6.600609 -70.103956 -63.503347 10855.767613 -63.503347 0.001880
402 4020.000000 6.643938 -70.119751 -63.475813 10927.029664 -63.475813 0.001881
403 4030.000000 6.793978 -70.133304 -63.339326 11173.794048 -63.339326 0.001883
404 4040.000000 6.739564 -70.150996 -63.411432 11084.302086 -63.411432 0.001887
405 4050.000000 6.714487 -70.169595 -63.455108 11043.058173 -63.455108 0.001889
406 4060.000000 6.779752 -70.157614 -63.377862 11150.397625 -63.377862 0.001901
407 4070.000000 6.953596 -70.094619 -63.141022 11436.312897 -63.141022 0.001925
408 4080.000000 6.843355 -70.001498 -63.158143 11255.002282 -63.158143 0.001949
409 4090.000000 6.886380 -69.905266 -63.018886 11325.764349 -63.018886 0.001973
410 4100.000000 7.040662 -69.834786 -62.794124 11579.506084 -62.794124 0.001989
411 4110.000000 6.988486 -69.788509 -62.800023 11493.694680 -62.800023 0.001995
412 4120.000000 6.854290 -69.774651 -62.920360 11272.987717 -62.920360 0.001988
413 4130.000000 6.678545 -69.756899 -63.078354 10983.946579 -63.078354 0.001985
414 4140.000000 6.581146 -69.751155 -63.170009 10823.757886 -63.170009 0.001985
415 4150.000000 6.455919 -69.748677 -63.292759 10617.801223 -63.292759 0.001981
416 4160.000000 6.264051 -69.723801 -63.459750 10302.243839 -63.459750 0.001984
417 4170.000000 6.125360 -69.683477 -63.558117 10074.143593 -63.558117 0.001986
418 4180.000000 6.105109 -69.676740 -63.571631 10040.838934 -63.571631 0.001984
419 4190.000000 5.886781 -69.709091 -63.822310 9681.763160 -63.822310 0.001973
420 4200.000000 6.045962 -69.771713 -63.725751 9943.561966 -63.725751 0.001952
421 4210.000000 6.148242 -69.820994 -63.672752 10111.777947 -63.672752 0.001931
422 4220.000000 6.215647 -69.865831 -63.650184 10222.635966 -63.650184 0.001909
423 4230.000000 6.252857 -69.885604 -63.632747 10283.833943 -63.632747 0.001895
424 4240.000000 6.218978 -69.900644 -63.681666 10228.113609 -63.681666 0.001886
425 4250.000000 5.914895 -69.919373 -64.004478 9728.000866 -64.004478 0.001882
426 4260.000000 5.666321 -69.937018 -64.270697 9319.180156 -64.270697 0.001882
427 4270.000000 5.770036 -69.954516 -64.184480 9489.755967 -64.184480 0.001879
428 4280.000000 5.881638 -69.962902 -64.081264 9673.303381 -64.081264 0.001874
429 4290.000000 5.957333 -69.980329 -64.022996 9797.797411 -64.022996 0.001870
430 4300.000000 5.972244 -69.992875 -64.020632 9822.319804 -64.020632 0.001871
431 4310.000000 6.195597 -69.996589 -63.800992 10189.660870 -63.800992 0.001873
432 4320.000000 5.992473 -69.988119 -63.995646 9855.590770 -63.995646 0.001873
433 4330.000000 5.961337 -69.980778 -64.019441 9804.382105 -64.019441 0.001871
434 4340.000000 6.031109 -69.995773 -63.964664 9919.134066 -63.964664 0.001860
435 4350.000000 6.299916 -70.007824 -63.707908 10361.230459 -63.707908 0.001846
436 4360.000000 6.076123 -70.007935 -63.931812 9993.165882 -63.931812 0.001840
437 4370.000000 6.159270 -70.003069 -63.843799 10129.915342 -63.843799 0.001838
438 4380.000000 6.195629 -69.988079 -63.792450 10189.712710 -63.792450 0.001840
439 4390.000000 6.119990 -69.973579 -63.853589 10065.312237 -63.853589 0.001841
440 4400.000000 5.904024 -69.992152 -64.088128 9710.120736 -64.088128 0.001834
441 4410.000000 5.883625 -70.018008 -64.134383 9676.571632 -64.134383 0.001828
442 4420.000000 5.936500 -70.037093 -64.100593 9763.533015 -64.100593 0.001815
443 4430.000000 5.925268 -70.032904 -64.107636 9745.061197 -64.107636 0.001810
444 4440.000000 5.923533 -70.018237 -64.094704 9742.206957 -64.094704 0.001809
445 4450.000000 5.947440 -70.003813 -64.056373 9781.526010 -64.056373 0.001807
446 4460.000000 6.120423 -70.009860 -63.889437 10066.024387 -63.889437 0.001806
447 4470.000000 6.160675 -70.021188 -63.860514 10132.224944 -63.860514 0.001802
448 4480.000000 6.329661 -70.031200 -63.701540 10410.149559 -63.701540 0.001798
449 4490.000000 6.516004 -70.060457 -63.544453 10716.622217 -63.544453 0.001787
450 4500.000000 6.739372 -70.072023 -63.332652 11083.986136 -63.332652 0.001779
451 4510.000000 6.696150 -70.074945 -63.378794 11012.901511 -63.378794 0.001773
452 4520.000000 6.669465 -70.094331 -63.424865 10969.013430 -63.424865 0.001769
453 4530.000000 6.865888 -70.114494 -63.248606 11292.062304 -63.248606 0.001767
454 4540.000000 6.752246 -70.142346 -63.390100 11105.159488 -63.390100 0.001763
455 4550.000000 6.680191 -70.177604 -63.497413 10986.653978 -63.497413 0.001765
456 4560.000000 6.894020 -70.215384 -63.321364 11338.330188 -63.321364 0.001767
457 4570.000000 6.999219 -70.252229 -63.253010 11511.346106 -63.253010 0.001778
458 4580.000000 7.014426 -70.277406 -63.262980 11536.357788 -63.262980 0.001796
459 4590.000000 6.916568 -70.292272 -63.375704 11375.414466 -63.375704 0.001817
460 4600.000000 6.752499 -70.298245 -63.545746 11105.575722 -63.545746 0.001852
461 4610.000000 6.967645 -70.287604 -63.319959 11459.417884 -63.319959 0.001889
462 4620.000000 6.987123 -70.252032 -63.264910 11491.452024 -63.264910 0.001932
463 4630.000000 6.723962 -70.179057 -63.455096 11058.641480 -63.455096 0.001986
464 4640.000000 6.359972 -70.067535 -63.707563 10460.001875 -63.707563 0.002045
465 4650.000000 6.240898 -69.942471 -63.701572 10264.165285 -63.701572 0.002096
466 4660.000000 6.114337 -69.910804 -63.796467 10056.014777 -63.796467 0.002126
467 4670.000000 6.129727 -69.968480 -63.838753 10081.326472 -63.838753 0.002121
468 4680.000000 5.878082 -70.053618 -64.175536 9667.455028 -64.175536 0.002096
469 4690.000000 6.011607 -70.099264 -64.087658 9887.058624 -64.087658 0.002070
470 4700.000000 6.033008 -70.105337 -64.072330 9922.256291 -64.072330 0.002048
471 4710.000000 5.980241 -70.099788 -64.119547 9835.472058 -64.119547 0.002023
472 4720.000000 6.202838 -70.086198 -63.883359 10201.570182 -63.883359 0.001999
473 4730.000000 6.350166 -70.082409 -63.732243 10443.874019 -63.732243 0.001975
474 4740.000000 6.159475 -70.079521 -63.920045 10130.252382 -63.920045 0.001958
475 4750.000000 6.194563 -70.088526 -63.893964 10187.959354 -63.893964 0.001940
476 4760.000000 6.174253 -70.089088 -63.914835 10154.557351 -63.914835 0.001933
477 4770.000000 6.332832 -70.090308 -63.757476 10415.365372 -63.757476 0.001932
478 4780.000000 6.299662 -70.106475 -63.806813 10360.812022 -63.806813 0.001932
479 4790.000000 6.296736 -70.118265 -63.821530 10355.999049 -63.821530 0.001934
480 4800.000000 6.093129 -70.124882 -64.031752 10021.135636 -64.031752 0.001936
481 4810.000000 6.028577 -70.117520 -64.088943 9914.969035 -64.088943 0.001943
482 4820.000000 6.261011 -70.090110 -63.829099 10297.243793 -63.829099 0.001951
483 4830.000000 6.201257 -70.058360 -63.857103 10198.969145 -63.857103 0.001945
484 4840.000000 6.150075 -70.020706 -63.870631 10114.792606 -63.870631 0.001939
485 4850.000000 5.949187 -69.988324 -64.039137 9784.399964 -64.039137 0.001931
486 4860.000000 5.964097 -69.964776 -64.000679 9808.921710 -64.000679 0.001927
487 4870.000000 5.939406 -69.964572 -64.025166 9768.313689 -64.025166 0.001919
488 4880.000000 5.948474 -69.964895 -64.016421 9783.226452 -64.016421 0.001907
489 4890.000000 5.881951 -69.959636 -64.077685 9673.818509 -64.077685 0.001898
490 4900.000000 5.966076 -69.943114 -63.977038 9812.176148 -63.977038 0.001895
491 4910.000000 6.047994 -69.912354 -63.864360 9946.903505 -63.864360 0.001901
492 4920.000000 5.985293 -69.897684 -63.912391 9843.781449 -63.912391 0.001904
493 4930.000000 6.031824 -69.886721 -63.854897 9920.309650 -63.854897 0.001902
494 4940.000000 6.209847 -69.892965 -63.683118 10213.097102 -63.683118 0.001898
495 4950.000000 6.103352 -69.912146 -63.808794 10037.948512 -63.808794 0.001894
496 4960.000000 6.319562 -69.926565 -63.607002 10393.540986 -63.607002 0.001894
497 4970.000000 6.167376 -69.935830 -63.768454 10143.246482 -63.768454 0.001894
498 4980.000000 6.394969 -69.919571 -63.524603 10517.559244 -63.524603 0.001902
499 4990.000000 6.188697 -69.896456 -63.707759 10178.312434 -63.707759 0.001914
500 5000.000000 6.342488 -69.883878 -63.541390 10431.246756 -63.541390 0.001924
501 5010.000000 6.352929 -69.888185 -63.535256 10448.417601 -63.535256 0.001926
502 5020.000000 5.881763 -69.902739 -64.020976 9673.509588 -64.020976 0.001931
503 5030.000000 6.083248 -69.929319 -63.846071 10004.883846 -63.846071 0.001932
504 5040.000000 5.910766 -69.950878 -64.040112 9721.210312 -64.040112 0.001935
505 5050.000000 6.091601 -69.980270 -63.888669 10018.622732 -63.888669 0.001931
506 5060.000000 6.272310 -70.012507 -63.740198 10315.826659 -63.740198 0.001922
507 5070.000000 6.325205 -70.033372 -63.708168 10402.821170 -63.708168 0.001917
508 5080.000000 6.281359 -70.037611 -63.756252 10330.709836 -63.756252 0.001913
509 5090.000000 6.262302 -70.042224 -63.779922 10299.367435 -63.779922 0.001912
510 5100.000000 6.326130 -70.030761 -63.704631 10404.342532 -63.704631 0.001912
511 5110.000000 6.055985 -70.015893 -63.959908 9960.046109 -63.959908 0.001915
512 5120.000000 6.347610 -69.997662 -63.650051 10439.670838 -63.650051 0.001916
513 5130.000000 6.226393 -69.988187 -63.761794 10240.309813 -63.761794 0.001911
514 5140.000000 6.556017 -69.992768 -63.436750 10782.429929 -63.436750 0.001904
515 5150.000000 6.656871 -69.997370 -63.340499 10948.300818 -63.340499 0.001898
516 5160.000000 6.957384 -69.975555 -63.018171 11442.541506 -63.018171 0.001900
517 5170.000000 7.003253 -69.945518 -62.942265 11517.981094 -62.942265 0.001905
518 5180.000000 6.648343 -69.943073 -63.294730 10934.274612 -63.294730 0.001912
519 5190.000000 6.640359 -69.949410 -63.309051 10921.143026 -63.309051 0.001917
520 5200.000000 6.805923 -69.954576 -63.148653 11193.439691 -63.148653 0.001925
521 5210.000000 6.466560 -69.952418 -63.485857 10635.303543 -63.485857 0.001935
522 5220.000000 6.731186 -69.959593 -63.228407 11070.522646 -63.228407 0.001949
523 5230.000000 6.708608 -69.964030 -63.255421 11033.390294 -63.255421 0.001966
524 5240.000000 6.800109 -69.953758 -63.153648 11183.878463 -63.153648 0.001986
525 5250.000000 6.584084 -69.938169 -63.354085 10828.590028 -63.354085 0.002011
526 5260.000000 6.508778 -69.930065 -63.421287 10704.737592 -63.421287 0.002026
527 5270.000000 6.407670 -69.908311 -63.500641 10538.449238 -63.500641 0.002040
528 5280.000000 6.366833 -69.896977 -63.530144 10471.285721 -63.530144 0.002051
529 5290.000000 6.321410 -69.897750 -63.576340 10396.580384 -63.576340 0.002052
530 5300.000000 6.157603 -69.905361 -63.747758 10127.173246 -63.747758 0.002040
531 5310.000000 6.107742 -69.950401 -63.842658 10045.169091 -63.842658 0.002011
532 5320.000000 6.087984 -69.994227 -63.906244 10012.672890 -63.906244 0.001980
533 5330.000000 6.195817 -70.041975 -63.846157 10190.022755 -63.846157 0.001945
534 5340.000000 6.519139 -70.095841 -63.576702 10721.776766 -63.576702 0.001906
535 5350.000000 6.584649 -70.142688 -63.558039 10829.519477 -63.558039 0.001869
536 5360.000000 6.635899 -70.158312 -63.522413 10913.808409 -63.522413 0.001843
537 5370.000000 6.835850 -70.142912 -63.307062 11242.660598 -63.307062 0.001833
538 5380.000000 6.741547 -70.124044 -63.382498 11087.563135 -63.382498 0.001836
539 5390.000000 6.486071 -70.098031 -63.611960 10667.391681 -63.611960 0.001846
540 5400.000000 6.317537 -70.086980 -63.769443 10390.210922 -63.769443 0.001863
541 5410.000000 6.341632 -70.079858 -63.738225 10429.839221 -63.738225 0.001886
542 5420.000000 6.327755 -70.059757 -63.732002 10407.015493 -63.732002 0.001913
543 5430.000000 6.116645 -70.021976 -63.905331 10059.811496 -63.905331 0.001939
544 5440.000000 6.214180 -70.007072 -63.792893 10220.222418 -63.792893 0.001957
545 5450.000000 6.148283 -70.019141 -63.870857 10111.845630 -63.870857 0.001958
546 5460.000000 6.313632 -70.028269 -63.714637 10383.788322 -63.714637 0.001955
547 5470.000000 5.971753 -70.039671 -64.067918 9821.512372 -64.067918 0.001949
548 5480.000000 5.770810 -70.053588 -64.282778 9491.029930 -64.282778 0.001934
549 5490.000000 5.801294 -70.060836 -64.259542 9541.164845 -64.259542 0.001918
550 5500.000000 5.766265 -70.067134 -64.300869 9483.554364 -64.300869 0.001906
551 5510.000000 5.894009 -70.077924 -64.183915 9693.650507 -64.183915 0.001895
552 5520.000000 6.083269 -70.099172 -64.015903 10004.918765 -64.015903 0.001870
553 5530.000000 5.960681 -70.115414 -64.154733 9803.302663 -64.154733 0.001846
554 5540.000000 6.053098 -70.129087 -64.075989 9955.297025 -64.075989 0.001821
555 5550.000000 6.084369 -70.141106 -64.056738 10006.727880 -64.056738 0.001792
556 5560.000000 6.103980 -70.166124 -64.062144 10038.980637 -64.062144 0.001764
557 5570.000000 6.097188 -70.196669 -64.099480 10027.811663 -64.099480 0.001736
558 5580.000000 6.274985 -70.227046 -63.952062 10320.226158 -63.952062 0.001721
559 5590.000000 6.117467 -70.251958 -64.134492 10061.162716 -64.134492 0.001718
560 5600.000000 6.065315 -70.253618 -64.188303 9975.390657 -64.188303 0.001731
561 5610.000000 5.929349 -70.241595 -64.312246 9751.772794 -64.312246 0.001750
562 5620.000000 6.181754 -70.209287 -64.027532 10166.894038 -64.027532 0.001775
563 5630.000000 6.232423 -70.165200 -63.932777 10250.226697 -63.932777 0.001801
564 5640.000000 6.194526 -70.113005 -63.918479 10187.899731 -63.918479 0.001831
565 5650.000000 6.119388 -70.062540 -63.943152 10064.322431 -63.943152 0.001862
566 5660.000000 5.964921 -70.031799 -64.066878 9810.277132 -64.066878 0.001887
567 5670.000000 6.031682 -70.046062 -64.014380 9920.075476 -64.014380 0.001887
568 5680.000000 6.159204 -70.084200 -63.924996 10129.805511 -63.924996 0.001876
569 5690.000000 6.234934 -70.113170 -63.878236 10254.356708 -63.878236 0.001863
570 5700.000000 6.068181 -70.125187 -64.057005 9980.104208 -64.057005 0.001858
571 5710.000000 5.982193 -70.138672 -64.156479 9838.682547 -64.156479 0.001847
572 5720.000000 6.025837 -70.160249 -64.134412 9910.462123 -64.134412 0.001837
573 5730.000000 5.959313 -70.185857 -64.226544 9801.053929 -64.226544 0.001826
574 5740.000000 6.111479 -70.216834 -64.105355 10051.314789 -64.105355 0.001810
575 5750.000000 5.982818 -70.264985 -64.282167 9839.710717 -64.282167 0.001795
576 5760.000000 6.128080 -70.296183 -64.168103 10078.618323 -64.168103 0.001784
577 5770.000000 6.081171 -70.320470 -64.239299 10001.468567 -64.239299 0.001772
578 5780.000000 6.075953 -70.327826 -64.251874 9992.885710 -64.251874 0.001766
579 5790.000000 6.044479 -70.324912 -64.280433 9941.122611 -64.280433 0.001767
580 5800.000000 5.744786 -70.299897 -64.555111 9448.228236 -64.555111 0.001780
581 5810.000000 5.722333 -70.261428 -64.539095 9411.300902 -64.539095 0.001796
582 5820.000000 5.917890 -70.204920 -64.287030 9732.926815 -64.287030 0.001822
583 5830.000000 5.980098 -70.138829 -64.158731 9835.236843 -64.158731 0.001851
584 5840.000000 6.141210 -70.099653 -63.958443 10100.212359 -63.958443 0.001874
585 5850.000000 6.340045 -70.105662 -63.765617 10427.228497 -63.765617 0.001884
586 5860.000000 6.567763 -70.102728 -63.534965 10801.747473 -63.534965 0.001895
587 5870.000000 6.838628 -70.104548 -63.265920 11247.228953 -63.265920 0.001900
588 5880.000000 6.319393 -70.116173 -63.796780 10393.263148 -63.796780 0.001895
589 5890.000000 6.373592 -70.163901 -63.790309 10482.402012 -63.790309 0.001888
590 5900.000000 6.273652 -70.197285 -63.923633 10318.035151 -63.923633 0.001889
591 5910.000000 6.258251 -70.211738 -63.953487 10292.704487 -63.953487 0.001898
592 5920.000000 6.182561 -70.214224 -64.031663 10168.220775 -64.031663 0.001916
593 5930.000000 6.160028 -70.199745 -64.039718 10131.160778 -64.039718 0.001946
594 5940.000000 6.191980 -70.172506 -63.980526 10183.711795 -63.980526 0.001979
595 5950.000000 6.293658 -70.134597 -63.840939 10350.937651 -63.840939 0.002017
596 5960.000000 6.436887 -70.083362 -63.646475 10586.500652 -63.646475 0.002055
597 5970.000000 6.469205 -70.026526 -63.557322 10639.652419 -63.557322 0.002088
598 5980.000000 6.346239 -69.984498 -63.638259 10437.415511 -63.638259 0.002111
599 5990.000000 6.357970 -69.962846 -63.604875 10456.709344 -63.604875 0.002120
600 6000.000000 6.454813 -69.956994 -63.502181 10615.982479 -63.502181 0.002116
601 6010.000000 6.511214 -69.918742 -63.407528 10708.743566 -63.407528 0.002108
602 6020.000000 6.479606 -69.869680 -63.390074 10656.759456 -63.390074 0.002093
603 6030.000000 6.255800 -69.844361 -63.588561 10288.674572 -63.588561 0.002061
604 6040.000000 6.354683 -69.878833 -63.524151 10451.302614 -63.524151 0.002012
605 6050.000000 6.501256 -69.954806 -63.453551 10692.365548 -63.453551 0.001947
606 6060.000000 6.428429 -70.020666 -63.592237 10572.590140 -63.592237 0.001877
607 6070.000000 6.491266 -70.047345 -63.556079 10675.936001 -63.556079 0.001818
608 6080.000000 6.475220 -70.052170 -63.576950 10649.545924 -63.576950 0.001770
609 6090.000000 6.151767 -70.044794 -63.893028 10117.574416 -63.893028 0.001735
610 6100.000000 6.075942 -70.042883 -63.966942 9992.868055 -63.966942 0.001708
611 6110.000000 6.042849 -70.043869 -64.001020 9938.442350 -64.001020 0.001696
612 6120.000000 6.155484 -70.052829 -63.897345 10123.687798 -63.897345 0.001689
613 6130.000000 6.223719 -70.048647 -63.824928 10235.912035 -63.824928 0.001689
614 6140.000000 6.353805 -70.030946 -63.677141 10449.858860 -63.677141 0.001705
615 6150.000000 6.330792 -69.993692 -63.662900 10412.010968 -63.662900 0.001734
616 6160.000000 6.015649 -69.941337 -63.925689 9893.706070 -63.925689 0.001768
617 6170.000000 6.333229 -69.876956 -63.543728 10416.018376 -63.543728 0.001804
618 6180.000000 6.366867 -69.830893 -63.464026 10471.341854 -63.464026 0.001832
619 6190.000000 6.572155 -69.809347 -63.237193 10808.970699 -63.237193 0.001856
620 6200.000000 6.523028 -69.808748 -63.285720 10728.174044 -63.285720 0.001870
621 6210.000000 6.411335 -69.823485 -63.412151 10544.475682 -63.412151 0.001872
622 6220.000000 6.540387 -69.840649 -63.300262 10756.723202 -63.300262 0.001865
623 6230.000000 6.787384 -69.839662 -63.052278 11162.949729 -63.052278 0.001866
624 6240.000000 6.622529 -69.820886 -63.198357 10891.819671 -63.198357 0.001876
625 6250.000000 6.273325 -69.772256 -63.498930 10317.497196 -63.498930 0.001895
626 6260.000000 6.147356 -69.715898 -63.568542 10110.319999 -63.568542 0.001914
627 6270.000000 6.014610 -69.682365 -63.667755 9891.998541 -63.667755 0.001919
628 6280.000000 5.822755 -69.660380 -63.837625 9576.461299 -63.837625 0.001916
629 6290.000000 6.124685 -69.667343 -63.542658 10073.034555 -63.542658 0.001900
630 6300.000000 6.083087 -69.680763 -63.597676 10004.619220 -63.597676 0.001876
631 6310.000000 6.146255 -69.683399 -63.537144 10108.509109 -63.537144 0.001857
632 6320.000000 6.339768 -69.684759 -63.344991 10426.772125 -63.344991 0.001840
633 6330.000000 6.266291 -69.681483 -63.415192 10305.928184 -63.415192 0.001833
634 6340.000000 6.359763 -69.681731 -63.321968 10459.657318 -63.321968 0.001831
635 6350.000000 6.367078 -69.684194 -63.317116 10471.688086 -63.317116 0.001831
636 6360.000000 6.448062 -69.691325 -63.243263 10604.879437 -63.243263 0.001829
637 6370.000000 6.126837 -69.680638 -63.553801 10076.573391 -63.553801 0.001830
638 6380.000000 6.020862 -69.673886 -63.653024 9902.280623 -63.653024 0.001831
639 6390.000000 6.238465 -69.695924 -63.457459 10260.163482 -63.457459 0.001831
640 6400.000000 6.152286 -69.752475 -63.600189 10118.429040 -63.600189 0.001818
641 6410.000000 6.433002 -69.821119 -63.388117 10580.110556 -63.388117 0.001804
642 6420.000000 6.597783 -69.900553 -63.302771 10851.119483 -63.302771 0.001795
643 6430.000000 6.654113 -69.968219 -63.314106 10943.764063 -63.314106 0.001789
644 6440.000000 6.714855 -70.012202 -63.297347 11043.664098 -63.297347 0.001792
645 6450.000000 6.756982 -70.024429 -63.267447 11112.947936 -63.267447 0.001803
646 6460.000000 6.755350 -70.029861 -63.274510 11110.265079 -63.274510 0.001819
647 6470.000000 6.810157 -70.035031 -63.224875 11200.403180 -63.224875 0.001835
648 6480.000000 6.785384 -70.049545 -63.264161 11159.660278 -63.264161 0.001852
649 6490.000000 6.774285 -70.059575 -63.285290 11141.406184 -63.285290 0.001875
650 6500.000000 6.831208 -70.064242 -63.233033 11235.026198 -63.233033 0.001903
651 6510.000000 6.753447 -70.045708 -63.292262 11107.134358 -63.292262 0.001930
652 6520.000000 6.451682 -69.988762 -63.537081 10610.832869 -63.537081 0.001964
653 6530.000000 6.456349 -69.914273 -63.457924 10618.509064 -63.457924 0.002001
654 6540.000000 6.346156 -69.863916 -63.517760 10437.279316 -63.517760 0.002023
655 6550.000000 6.516297 -69.864805 -63.348507 10717.103854 -63.348507 0.002032
656 6560.000000 6.338810 -69.903292 -63.564482 10425.197602 -63.564482 0.002023
657 6570.000000 6.121147 -69.946637 -63.825490 10067.216109 -63.825490 0.002006
658 6580.000000 6.007754 -69.985894 -63.978140 9880.721977 -63.978140 0.001984
659 6590.000000 6.056888 -70.008382 -63.951494 9961.530477 -63.951494 0.001974
660 6600.000000 6.063267 -70.038363 -63.975096 9972.022371 -63.975096 0.001963
661 6610.000000 5.954520 -70.068434 -64.113914 9793.170427 -64.113914 0.001955
662 6620.000000 6.233744 -70.089878 -63.856133 10252.399920 -63.856133 0.001951
663 6630.000000 6.384510 -70.097221 -63.712711 10500.358494 -63.712711 0.001957
664 6640.000000 6.406098 -70.081389 -63.675290 10535.863807 -63.675290 0.001974
665 6650.000000 6.544499 -70.040056 -63.495557 10763.486119 -63.495557 0.001995
666 6660.000000 6.349217 -69.972100 -63.622883 10442.313662 -63.622883 0.002015
667 6670.000000 6.378356 -69.906474 -63.528118 10490.236852 -63.528118 0.002026
668 6680.000000 5.943930 -69.856178 -63.912248 9775.753959 -63.912248 0.002033
669 6690.000000 5.707484 -69.837756 -64.130272 9386.879201 -64.130272 0.002027
670 6700.000000 5.908611 -69.833330 -63.924719 9717.665412 -63.924719 0.002010
671 6710.000000 6.119600 -69.837974 -63.718373 10064.671515 -63.718373 0.001987
672 6720.000000 5.941742 -69.841719 -63.899977 9772.155469 -63.899977 0.001959
673 6730.000000 6.225487 -69.854433 -63.628946 10238.819750 -63.628946 0.001924
674 6740.000000 6.258848 -69.867164 -63.608317 10293.686540 -63.608317 0.001891
675 6750.000000 6.351654 -69.885123 -63.533469 10446.321059 -63.533469 0.001860
676 6760.000000 6.640441 -69.902008 -63.261567 10921.278563 -63.261567 0.001830
677 6770.000000 6.790907 -69.908080 -63.117173 11168.743443 -63.117173 0.001802
678 6780.000000 6.817321 -69.903554 -63.086233 11212.185665 -63.086233 0.001782
679 6790.000000 6.378079 -69.900059 -63.521980 10489.781095 -63.521980 0.001768
680 6800.000000 6.502160 -69.905545 -63.403386 10693.852120 -63.403386 0.001758
681 6810.000000 6.530121 -69.911261 -63.381140 10739.839423 -63.381140 0.001757
682 6820.000000 6.358807 -69.917045 -63.558238 10458.086073 -63.558238 0.001762
683 6830.000000 6.407459 -69.916597 -63.509137 10538.102036 -63.509137 0.001776
684 6840.000000 6.366243 -69.907217 -63.540975 10470.315102 -63.540975 0.001792
685 6850.000000 6.080856 -69.899882 -63.819025 10000.950540 -63.819025 0.001811
686 6860.000000 5.882490 -69.900776 -64.018285 9674.705609 -64.018285 0.001822
687 6870.000000 6.014863 -69.907920 -63.893058 9892.413418 -63.893058 0.001821
688 6880.000000 6.133096 -69.918372 -63.785276 10086.866871 -63.785276 0.001818
689 6890.000000 6.079840 -69.935090 -63.855250 9999.279549 -63.855250 0.001809
690 6900.000000 6.153223 -69.949675 -63.796452 10119.970035 -63.796452 0.001797
691 6910.000000 6.385768 -69.971526 -63.585757 10502.428143 -63.585757 0.001780
692 6920.000000 6.264332 -69.990099 -63.725767 10302.705992 -63.725767 0.001761
693 6930.000000 6.263896 -70.009547 -63.745651 10301.988434 -63.745651 0.001740
694 6940.000000 6.333626 -70.028563 -63.694937 10416.670812 -63.694937 0.001725
695 6950.000000 6.496978 -70.048144 -63.551166 10685.330365 -63.551166 0.001715
696 6960.000000 6.731402 -70.070718 -63.339317 11070.877908 -63.339317 0.001708
697 6970.000000 6.425528 -70.082895 -63.657367 10567.819452 -63.657367 0.001708
698 6980.000000 6.287721 -70.086692 -63.798971 10341.173097 -63.798971 0.001720
699 6990.000000 6.366161 -70.085037 -63.718877 10470.179801 -63.718877 0.001735
700 7000.000000 6.321665 -70.056113 -63.734449 10396.999181 -63.734449 0.001761
701 7010.000000 6.282231 -70.028485 -63.746253 10332.144559 -63.746253 0.001791
702 7020.000000 6.183159 -70.014553 -63.831394 10169.204647 -63.831394 0.001817
703 7030.000000 6.314590 -70.010268 -63.695678 10385.363034 -63.695678 0.001841
704 7040.000000 6.379876 -70.019007 -63.639132 10492.736679 -63.639132 0.001860
705 7050.000000 6.418907 -70.028261 -63.609354 10556.929932 -63.609354 0.001880
706 7060.000000 6.166377 -70.029905 -63.863528 10141.602587 -63.863528 0.001903
707 7070.000000 6.131329 -70.016101 -63.884772 10083.961440 -63.884772 0.001926
708 7080.000000 6.350369 -69.996381 -63.646012 10444.208359 -63.646012 0.001947
709 7090.000000 6.211253 -69.980063 -63.768811 10215.408871 -63.768811 0.001963
710 7100.000000 6.524150 -69.969157 -63.445008 10730.018522 -63.445008 0.001975
711 7110.000000 6.623922 -69.962201 -63.338279 10894.109637 -63.338279 0.001987
712 7120.000000 6.683337 -69.975729 -63.292392 10991.827835 -63.292392 0.001997
713 7130.000000 6.550509 -69.983273 -63.432764 10773.371220 -63.432764 0.002005
714 7140.000000 6.669852 -69.974900 -63.305047 10969.649840 -63.305047 0.002018
715 7150.000000 6.703721 -69.953183 -63.249462 11025.352129 -63.249462 0.002030
716 7160.000000 6.650194 -69.930103 -63.279909 10937.318403 -63.279909 0.002044
717 7170.000000 6.593998 -69.928841 -63.334842 10844.895819 -63.334842 0.002050
718 7180.000000 6.629241 -69.917673 -63.288431 10902.858302 -63.288431 0.002050
719 7190.000000 6.506755 -69.890129 -63.383374 10701.410451 -63.383374 0.002052
720 7200.000000 6.483676 -69.805645 -63.321969 10663.453382 -63.321969 0.002066
721 7210.000000 6.072444 -69.726089 -63.653645 9987.115075 -63.653645 0.002069
722 7220.000000 6.009395 -69.661895 -63.652500 9883.421534 -63.652500 0.002059
723 7230.000000 5.870797 -69.622287 -63.751489 9655.474909 -63.751489 0.002033
724 7240.000000 5.983373 -69.634291 -63.650918 9840.623726 -63.650918 0.001992
725 7250.000000 6.085531 -69.711792 -63.626261 10008.638842 -63.626261 0.001943
726 7260.000000 6.103253 -69.813436 -63.710183 10037.786564 -63.710183 0.001883
727 7270.000000 6.397055 -69.905296 -63.508241 10520.990827 -63.508241 0.001820
728 7280.000000 6.446344 -69.950988 -63.504644 10602.054795 -63.504644 0.001775
729 7290.000000 6.288971 -69.974503 -63.685533 10343.228309 -63.685533 0.001746
730 7300.000000 6.290761 -69.985021 -63.694259 10346.173623 -63.694259 0.001727
731 7310.000000 5.963051 -69.993734 -64.030683 9807.201539 -64.030683 0.001716
732 7320.000000 5.910169 -70.006009 -64.095840 9720.228623 -64.095840 0.001718
733 7330.000000 5.887989 -70.009259 -64.121270 9683.748722 -64.121270 0.001723
734 7340.000000 5.996735 -70.006288 -64.009553 9862.599411 -64.009553 0.001730
735 7350.000000 5.748064 -69.998932 -64.250868 9453.619840 -64.250868 0.001738
736 7360.000000 5.642996 -69.993493 -64.350497 9280.819204 -64.350497 0.001755
737 7370.000000 5.787940 -69.987110 -64.199170 9519.202682 -64.199170 0.001769
738 7380.000000 5.896004 -69.973821 -64.077817 9696.931312 -64.077817 0.001788
739 7390.000000 5.811844 -69.958889 -64.147044 9558.517386 -64.147044 0.001803
740 7400.000000 5.864615 -69.946361 -64.081746 9645.307374 -64.081746 0.001818
741 7410.000000 5.658580 -69.929043 -64.270463 9306.449981 -64.270463 0.001830
742 7420.000000 5.598710 -69.915322 -64.316612 9207.983264 -64.316612 0.001836
743 7430.000000 5.684987 -69.919982 -64.234995 9349.879795 -64.234995 0.001836
744 7440.000000 5.940060 -69.936390 -63.996330 9769.388391 -63.996330 0.001823
745 7450.000000 6.063528 -69.943933 -63.880406 9972.451414 -63.880406 0.001809
746 7460.000000 5.961421 -69.953953 -63.992532 9804.519600 -63.992532 0.001798
747 7470.000000 5.917333 -69.977635 -64.060302 9732.009990 -64.060302 0.001780
748 7480.000000 6.180185 -69.995951 -63.815766 10164.313261 -63.815766 0.001768
749 7490.000000 6.178791 -69.996279 -63.817488 10162.020483 -63.817488 0.001768
750 7500.000000 5.747847 -69.969147 -64.221300 9453.263176 -64.221300 0.001783
751 7510.000000 5.929096 -69.926147 -63.997052 9751.355636 -63.997052 0.001806
752 7520.000000 5.984178 -69.873456 -63.889278 9841.946951 -63.889278 0.001831
753 7530.000000 6.130696 -69.821525 -63.690829 10082.919904 -63.690829 0.001854
754 7540.000000 6.104447 -69.763066 -63.658619 10039.749453 -63.658619 0.001883
755 7550.000000 6.232219 -69.710445 -63.478226 10249.890897 -63.478226 0.001915
756 7560.000000 6.455344 -69.706949 -63.251605 10616.855754 -63.251605 0.001936
757 7570.000000 6.483486 -69.742575 -63.259088 10663.140799 -63.259088 0.001944
758 7580.000000 6.540329 -69.793439 -63.253110 10756.627422 -63.253110 0.001944
759 7590.000000 6.556194 -69.802360 -63.246166 10782.720113 -63.246166 0.001953
760 7600.000000 6.457139 -69.799278 -63.342139 10619.808921 -63.342139 0.001963
761 7610.000000 6.269249 -69.785699 -63.516450 10310.793449 -63.516450 0.001974
762 7620.000000 6.245629 -69.788500 -63.542871 10271.945588 -63.542871 0.001980
763 7630.000000 6.330510 -69.820776 -63.490267 10411.545984 -63.490267 0.001982
764 7640.000000 6.283502 -69.880828 -63.597327 10334.233593 -63.597327 0.001979
765 7650.000000 6.549938 -69.940134 -63.390196 10772.430991 -63.390196 0.001972
766 7660.000000 6.649256 -69.985358 -63.336102 10935.776146 -63.336102 0.001965
767 7670.000000 6.607559 -70.020676 -63.413118 10867.197985 -63.413118 0.001959
768 7680.000000 6.266730 -70.041572 -63.774843 10306.650000 -63.774843 0.001957
769 7690.000000 6.048443 -70.043871 -63.995428 9947.642256 -63.995428 0.001959
770 7700.000000 5.885719 -70.047408 -64.161689 9680.016504 -64.161689 0.001961
771 7710.000000 6.024849 -70.046335 -64.021486 9908.837625 -64.021486 0.001960
772 7720.000000 6.217216 -70.070076 -63.852859 10225.216954 -63.852859 0.001951
773 7730.000000 5.945138 -70.105916 -64.160778 9777.740174 -64.160778 0.001938
774 7740.000000 6.034790 -70.131174 -64.096384 9925.186671 -64.096384 0.001922
775 7750.000000 5.945817 -70.135234 -64.189417 9778.857125 -64.189417 0.001910
776 7760.000000 6.092045 -70.146190 -64.054145 10019.352335 -64.054145 0.001906
777 7770.000000 6.085099 -70.138954 -64.053855 10007.927807 -64.053855 0.001913
778 7780.000000 6.032439 -70.141388 -64.108948 9921.321254 -64.108948 0.001927
779 7790.000000 6.204568 -70.156627 -63.952058 10204.415479 -63.952058 0.001943
780 7800.000000 6.093904 -70.159539 -64.065635 10022.409546 -64.065635 0.001966
781 7810.000000 5.800985 -70.140506 -64.339521 9540.656450 -64.339521 0.001995
782 7820.000000 5.934288 -70.124174 -64.189886 9759.894791 -64.189886 0.002024
783 7830.000000 5.994048 -70.103416 -64.109367 9858.180828 -64.109367 0.002051
784 7840.000000 5.714241 -70.092041 -64.377800 9397.993394 -64.377800 0.002069
785 7850.000000 5.716158 -70.109112 -64.392954 9401.145692 -64.392954 0.002069
786 7860.000000 5.610470 -70.145773 -64.535303 9227.324542 -64.535303 0.002060
787 7870.000000 5.819886 -70.197045 -64.377158 9571.743555 -64.377158 0.002036
788 7880.000000 5.764299 -70.249031 -64.484732 9480.321162 -64.484732 0.002012
789 7890.000000 5.857355 -70.289767 -64.432412 9633.366125 -64.432412 0.001986
790 7900.000000 5.749396 -70.313073 -64.563677 9455.810568 -64.563677 0.001965
791 7910.000000 5.858603 -70.337106 -64.478503 9635.419333 -64.478503 0.001939
792 7920.000000 5.787280 -70.363345 -64.576065 9518.117894 -64.576065 0.001914
793 7930.000000 5.615723 -70.376627 -64.760904 9235.964024 -64.760904 0.001891
794 7940.000000 5.659745 -70.375238 -64.715493 9308.364871 -64.715493 0.001874
795 7950.000000 5.554343 -70.361874 -64.807531 9135.014482 -64.807531 0.001866
796 7960.000000 5.367142 -70.343881 -64.976739 8827.133000 -64.976739 0.001862
797 7970.000000 5.541409 -70.307393 -64.765983 9113.743114 -64.765983 0.001862
798 7980.000000 5.459488 -70.259328 -64.799840 8979.010052 -64.799840 0.001865
799 7990.000000 5.365153 -70.199117 -64.833964 8823.861053 -64.833964 0.001866
800 8000.000000 5.415524 -70.138958 -64.723434 8906.704478 -64.723434 0.001863
801 8010.000000 5.390721 -70.098694 -64.707973 8865.911801 -64.707973 0.001856
802 8020.000000 5.367716 -70.071602 -64.703887 8828.075511 -64.703887 0.001847
803 8030.000000 5.383880 -70.065688 -64.681808 8854.660697 -64.681808 0.001836
804 8040.000000 5.272332 -70.059614 -64.787282 8671.202397 -64.787282 0.001828
805 8050.000000 5.430354 -70.050819 -64.620465 8931.094819 -64.620465 0.001819
806 8060.000000 5.583323 -70.048460 -64.465137 9182.676994 -64.465137 0.001808
807 8070.000000 5.851824 -70.049892 -64.198068 9624.269353 -64.198068 0.001792
808 8080.000000 5.884094 -70.059664 -64.175570 9677.343720 -64.175570 0.001773
809 8090.000000 5.798486 -70.068531 -64.270045 9536.546994 -64.270045 0.001753
810 8100.000000 6.012399 -70.073348 -64.060949 9888.362098 -64.060949 0.001737
811 8110.000000 6.184167 -70.062890 -63.878724 10170.861132 -63.878724 0.001733
812 8120.000000 6.197133 -70.047160 -63.850027 10192.186118 -63.850027 0.001738
813 8130.000000 6.163369 -70.032642 -63.869273 10136.656006 -63.869273 0.001741
814 8140.000000 6.060648 -70.026470 -63.965822 9967.715084 -63.965822 0.001746
815 8150.000000 5.704794 -70.023281 -64.318487 9382.455646 -64.318487 0.001762
816 8160.000000 5.781460 -70.027577 -64.246117 9508.545721 -64.246117 0.001776
817 8170.000000 5.995799 -70.028003 -64.032205 9861.059966 -64.032205 0.001794
818 8180.000000 5.742698 -70.029564 -64.286866 9444.794832 -64.286866 0.001806
819 8190.000000 5.694537 -70.055746 -64.361210 9365.585834 -64.361210 0.001808
820 8200.000000 5.618130 -70.096689 -64.478559 9239.922507 -64.478559 0.001806
821 8210.000000 5.799021 -70.143233 -64.344211 9537.427649 -64.344211 0.001797
822 8220.000000 6.253848 -70.190157 -63.936309 10285.463815 -63.936309 0.001783
823 8230.000000 6.338509 -70.215424 -63.876915 10424.702542 -63.876915 0.001770
824 8240.000000 6.316435 -70.211707 -63.895273 10388.397399 -63.895273 0.001761
825 8250.000000 6.227504 -70.197116 -63.969611 10242.137394 -63.969611 0.001754
826 8260.000000 6.222210 -70.192076 -63.969866 10233.429282 -63.969866 0.001756
827 8270.000000 6.366645 -70.186653 -63.820008 10470.976191 -63.820008 0.001763
828 8280.000000 6.299402 -70.174713 -63.875311 10360.384151 -63.875311 0.001785
829 8290.000000 6.359940 -70.153426 -63.793486 10459.948995 -63.793486 0.001809
830 8300.000000 6.381693 -70.125141 -63.743448 10495.725751 -63.743448 0.001838
831 8310.000000 6.227750 -70.093928 -63.866178 10242.540489 -63.866178 0.001864
832 8320.000000 6.274824 -70.063400 -63.788576 10319.962336 -63.788576 0.001889
833 8330.000000 6.192761 -70.034974 -63.842213 10184.996716 -63.842213 0.001912
834 8340.000000 5.867872 -70.022899 -64.155027 9650.663076 -64.155027 0.001929
835 8350.000000 5.709885 -70.018554 -64.308669 9390.827796 -64.308669 0.001942
836 8360.000000 5.678762 -70.034815 -64.356053 9339.640976 -64.356053 0.001941
837 8370.000000 5.626650 -70.039115 -64.412465 9253.935063 -64.412465 0.001941
838 8380.000000 5.680715 -70.051570 -64.370855 9342.853781 -64.370855 0.001940
839 8390.000000 5.332800 -70.077295 -64.744494 8770.651548 -64.744494 0.001937
840 8400.000000 5.309944 -70.106719 -64.796775 8733.060475 -64.796775 0.001934
841 8410.000000 5.250287 -70.134646 -64.884359 8634.945304 -64.884359 0.001930
842 8420.000000 5.385175 -70.150165 -64.764990 8856.790570 -64.764990 0.001928
843 8430.000000 5.405702 -70.154475 -64.748773 8890.550748 -64.748773 0.001925
844 8440.000000 5.437038 -70.125037 -64.687999 8942.087083 -64.687999 0.001924
845 8450.000000 5.470461 -70.089683 -64.619222 8997.057344 -64.619222 0.001925
846 8460.000000 5.370390 -70.048158 -64.677767 8832.474501 -64.677767 0.001921
847 8470.000000 5.500592 -70.047894 -64.547302 9046.612092 -64.547302 0.001912
848 8480.000000 5.406031 -70.084248 -64.678216 8891.092302 -64.678216 0.001895
849 8490.000000 5.607159 -70.120892 -64.513733 9221.878660 -64.513733 0.001875
850 8500.000000 5.835160 -70.152242 -64.317082 9596.863227 -64.317082 0.001856
851 8510.000000 6.000859 -70.151974 -64.151114 9869.382909 -64.151114 0.001845
852 8520.000000 6.288551 -70.150062 -63.861512 10342.537688 -63.861512 0.001844
853 8530.000000 6.286534 -70.150304 -63.863770 10339.220254 -63.863770 0.001850
854 8540.000000 6.303498 -70.143548 -63.840050 10367.121824 -63.840050 0.001863
855 8550.000000 6.058378 -70.134291 -64.075913 9963.981281 -64.075913 0.001876
856 8560.000000 6.236754 -70.127303 -63.890549 10257.350150 -63.890549 0.001883
857 8570.000000 6.588005 -70.120083 -63.532079 10835.038278 -63.532079 0.001889
858 8580.000000 6.443924 -70.137636 -63.693712 10598.073862 -63.693712 0.001890
859 8590.000000 6.610068 -70.159951 -63.549883 10871.324947 -63.549883 0.001884
860 8600.000000 6.927187 -70.212090 -63.284903 11392.879056 -63.284903 0.001863
861 8610.000000 6.867706 -70.281053 -63.413347 11295.052727 -63.413347 0.001828
862 8620.000000 6.811490 -70.329880 -63.518390 11202.596668 -63.518390 0.001796
863 8630.000000 6.576286 -70.365514 -63.789228 10815.764398 -63.789228 0.001775
864 8640.000000 6.358401 -70.374525 -64.016123 10457.418631 -64.016123 0.001757
865 8650.000000 6.376527 -70.367214 -63.990687 10487.228780 -63.990687 0.001740
866 8660.000000 6.030320 -70.353890 -64.323570 9917.835672 -64.323570 0.001725
867 8670.000000 6.066949 -70.337971 -64.271022 9978.078060 -64.271022 0.001711
868 8680.000000 6.119699 -70.310389 -64.190690 10064.833192 -64.190690 0.001701
869 8690.000000 5.698369 -70.265953 -64.567584 9371.888552 -64.567584 0.001695
870 8700.000000 5.815039 -70.218596 -64.403557 9563.771211 -64.403557 0.001698
871 8710.000000 5.541494 -70.158458 -64.616964 9113.881992 -64.616964 0.001716
872 8720.000000 5.484458 -70.092897 -64.608438 9020.078162 -64.608438 0.001734
873 8730.000000 5.507232 -70.026252 -64.519020 9057.533087 -64.519020 0.001761
874 8740.000000 5.549424 -69.982069 -64.432645 9126.924156 -64.432645 0.001779
875 8750.000000 5.598094 -69.966805 -64.368711 9206.969780 -64.368711 0.001788
876 8760.000000 5.785458 -69.977479 -64.192022 9515.120136 -64.192022 0.001793
877 8770.000000 5.766718 -70.007284 -64.240566 9484.300066 -64.240566 0.001794
878 8780.000000 5.840827 -70.062278 -64.221451 9606.184616 -64.221451 0.001796
879 8790.000000 5.870899 -70.105803 -64.234904 9655.642553 -64.234904 0.001806
880 8800.000000 5.907401 -70.129282 -64.221881 9715.675853 -64.221881 0.001819
881 8810.000000 6.186703 -70.147391 -63.960687 10175.033522 -63.960687 0.001828
882 8820.000000 6.162181 -70.146705 -63.984524 10134.702208 -63.984524 0.001846
883 8830.000000 6.008099 -70.137829 -64.129730 9881.289138 -64.129730 0.001870
884 8840.000000 6.097538 -70.145474 -64.047936 10028.386099 -64.047936 0.001892
885 8850.000000 6.347217 -70.163282 -63.816064 10439.024316 -63.816064 0.001912
886 8860.000000 6.146595 -70.183358 -64.036763 10109.068402 -64.036763 0.001927
887 8870.000000 5.947925 -70.188181 -64.240256 9782.323199 -64.240256 0.001943
888 8880.000000 5.821734 -70.171865 -64.350131 9574.782658 -64.350131 0.001959
889 8890.000000 5.703062 -70.153616 -64.450553 9379.607460 -64.450553 0.001968
890 8900.000000 5.638586 -70.135377 -64.496791 9273.565280 -64.496791 0.001979
891 8910.000000 5.417136 -70.104210 -64.687074 8909.356241 -64.687074 0.001996
892 8920.000000 5.362971 -70.063032 -64.700061 8820.272573 -64.700061 0.002014
893 8930.000000 5.650710 -70.038511 -64.387800 9293.505988 -64.387800 0.002012
894 8940.000000 5.733489 -70.020236 -64.286748 9429.648440 -64.286748 0.002006
895 8950.000000 5.693954 -70.034145 -64.340192 9364.626834 -64.340192 0.001985
896 8960.000000 5.659742 -70.052569 -64.392826 9308.360568 -64.392826 0.001954
897 8970.000000 5.738978 -70.080396 -64.341419 9438.676067 -64.341419 0.001927
898 8980.000000 5.414559 -70.110801 -64.696242 8905.116731 -64.696242 0.001899
899 8990.000000 5.669564 -70.136909 -64.467345 9324.513571 -64.467345 0.001871
900 9000.000000 5.749909 -70.173939 -64.424030 9456.654361 -64.424030 0.001835
901 9010.000000 5.733006 -70.201990 -64.468984 9428.854827 -64.468984 0.001807
902 9020.000000 5.819410 -70.206550 -64.387139 9570.960863 -64.387139 0.001792
903 9030.000000 5.643692 -70.199765 -64.556073 9281.963551 -64.556073 0.001790
904 9040.000000 5.562965 -70.198752 -64.635787 9149.194890 -64.635787 0.001788
905 9050.000000 5.752423 -70.202805 -64.450382 9460.788881 -64.450382 0.001780
906 9060.000000 5.797381 -70.206721 -64.409340 9534.729234 -64.409340 0.001774
907 9070.000000 5.750073 -70.208391 -64.458317 9456.924881 -64.458317 0.001771
908 9080.000000 5.773409 -70.185101 -64.411692 9495.303821 -64.411692 0.001775
909 9090.000000 5.631284 -70.142553 -64.511269 9261.556068 -64.511269 0.001790
910 9100.000000 5.947963 -70.084115 -64.136152 9782.386861 -64.136152 0.001809
911 9110.000000 6.042112 -70.022341 -63.980228 9937.230127 -63.980228 0.001823
912 9120.000000 5.931569 -69.986473 -64.054904 9755.423979 -64.054904 0.001834
913 9130.000000 6.104338 -69.987430 -63.883092 10039.569966 -63.883092 0.001833
914 9140.000000 6.072722 -70.036406 -63.963684 9987.572659 -63.963684 0.001820
915 9150.000000 6.166568 -70.085519 -63.918951 10141.917852 -63.918951 0.001804
916 9160.000000 6.450238 -70.124345 -63.674107 10608.458923 -63.674107 0.001786
917 9170.000000 6.492792 -70.141733 -63.648941 10678.445764 -63.648941 0.001778
918 9180.000000 6.300403 -70.155150 -63.854747 10362.031129 -63.854747 0.001768
919 9190.000000 6.270237 -70.163398 -63.893161 10312.418492 -63.893161 0.001760
920 9200.000000 6.278255 -70.153461 -63.875205 10325.605616 -63.875205 0.001763
921 9210.000000 6.223808 -70.134766 -63.910958 10236.057741 -63.910958 0.001763
922 9220.000000 6.099526 -70.124607 -64.025081 10031.655904 -64.025081 0.001761
923 9230.000000 6.120210 -70.122335 -64.002124 10065.674846 -64.002124 0.001752
924 9240.000000 6.152095 -70.146574 -63.994480 10118.113619 -63.994480 0.001741
925 9250.000000 6.085408 -70.187261 -64.101853 10008.436336 -64.101853 0.001726
926 9260.000000 6.126174 -70.218533 -64.092359 10075.482660 -64.092359 0.001712
927 9270.000000 6.203486 -70.242455 -64.038969 10202.635417 -64.038969 0.001705
928 9280.000000 6.259053 -70.250503 -63.991450 10294.023593 -63.991450 0.001701
929 9290.000000 6.123761 -70.237376 -64.113615 10071.514052 -64.113615 0.001705
930 9300.000000 6.031646 -70.202751 -64.171105 9920.016211 -64.171105 0.001722
931 9310.000000 6.035775 -70.162344 -64.126569 9926.807485 -64.126569 0.001744
932 9320.000000 5.855197 -70.110793 -64.255596 9629.818228 -64.255596 0.001772
933 9330.000000 5.913626 -70.039393 -64.125767 9725.912772 -64.125767 0.001808
934 9340.000000 5.646766 -69.986336 -64.339570 9287.019687 -64.339570 0.001842
935 9350.000000 5.627448 -69.973875 -64.346427 9255.247513 -64.346427 0.001865
936 9360.000000 5.536227 -69.985093 -64.448866 9105.220249 -64.448866 0.001874
937 9370.000000 5.549838 -70.004752 -64.454914 9127.605117 -64.454914 0.001880
938 9380.000000 5.735827 -70.015416 -64.279589 9433.493968 -64.279589 0.001881
939 9390.000000 5.905716 -70.018105 -64.112390 9712.903636 -64.112390 0.001882
940 9400.000000 6.068241 -70.022094 -63.953853 9980.202450 -63.953853 0.001879
941 9410.000000 5.886157 -70.045278 -64.159122 9680.735691 -64.159122 0.001866
942 9420.000000 5.883959 -70.076098 -64.192139 9677.121043 -64.192139 0.001851
943 9430.000000 6.150770 -70.147333 -63.996563 10115.934908 -63.996563 0.001825
944 9440.000000 6.440013 -70.215035 -63.775022 10591.641778 -63.775022 0.001802
945 9450.000000 6.428581 -70.277250 -63.848670 10572.839749 -63.848670 0.001784
946 9460.000000 6.397685 -70.316526 -63.918841 10522.027264 -63.918841 0.001774
947 9470.000000 6.503481 -70.319138 -63.815657 10696.025838 -63.815657 0.001776
948 9480.000000 6.339033 -70.286941 -63.947908 10425.563918 -63.947908 0.001797
949 9490.000000 6.469326 -70.229581 -63.760256 10639.851656 -63.760256 0.001828
950 9500.000000 6.858878 -70.161356 -63.302478 11280.533165 -63.302478 0.001866
951 9510.000000 6.756697 -70.078313 -63.321616 11112.480711 -63.321616 0.001906
952 9520.000000 6.787934 -70.016452 -63.228518 11163.854990 -63.228518 0.001937
953 9530.000000 6.485462 -69.985471 -63.500009 10666.389800 -63.500009 0.001962
954 9540.000000 6.429525 -70.002236 -63.572711 10574.393087 -63.572711 0.001970
955 9550.000000 6.470828 -70.030912 -63.560084 10642.322684 -63.560084 0.001971
956 9560.000000 6.346867 -70.049669 -63.702802 10438.447801 -63.702802 0.001970
957 9570.000000 6.007881 -70.053467 -64.045586 9880.930809 -64.045586 0.001967
958 9580.000000 5.993009 -70.039855 -64.046846 9856.472475 -64.046846 0.001966
959 9590.000000 5.686516 -70.005031 -64.318514 9352.395049 -64.318514 0.001973
960 9600.000000 5.630038 -70.005212 -64.375174 9259.507086 -64.375174 0.001973
961 9610.000000 5.876497 -70.042866 -64.166369 9664.849398 -64.166369 0.001971
962 9620.000000 5.846873 -70.098158 -64.251284 9616.127924 -64.251284 0.001958
963 9630.000000 5.870629 -70.130301 -64.259673 9655.197771 -64.259673 0.001949
964 9640.000000 5.669331 -70.152229 -64.482898 9324.131484 -64.482898 0.001941
965 9650.000000 5.786303 -70.172208 -64.385905 9516.510049 -64.385905 0.001935
966 9660.000000 5.718499 -70.191402 -64.472903 9404.995448 -64.472903 0.001931
967 9670.000000 5.595594 -70.203708 -64.608114 9202.858959 -64.608114 0.001932
968 9680.000000 5.550059 -70.210112 -64.660053 9127.968546 -64.660053 0.001937
969 9690.000000 5.572646 -70.189947 -64.617301 9165.116877 -64.617301 0.001953
970 9700.000000 5.541332 -70.177327 -64.635995 9113.615529 -64.635995 0.001959
971 9710.000000 5.849770 -70.177647 -64.327877 9620.892210 -64.327877 0.001958
972 9720.000000 5.953265 -70.181295 -64.228031 9791.105460 -64.228031 0.001956
973 9730.000000 5.964996 -70.181402 -64.216406 9810.400559 -64.216406 0.001952
974 9740.000000 5.719243 -70.183669 -64.464426 9406.219711 -64.464426 0.001940
975 9750.000000 5.566121 -70.193842 -64.627721 9154.385268 -64.627721 0.001927
976 9760.000000 5.551090 -70.207614 -64.656523 9129.664971 -64.656523 0.001913
977 9770.000000 5.817380 -70.227380 -64.409999 9567.622174 -64.409999 0.001902
978 9780.000000 5.963388 -70.229964 -64.266576 9807.755721 -64.266576 0.001898
979 9790.000000 6.050024 -70.223511 -64.173487 9950.242389 -64.173487 0.001894
980 9800.000000 5.994779 -70.197449 -64.202670 9859.382762 -64.202670 0.001891
981 9810.000000 5.946744 -70.191353 -64.244610 9780.380763 -64.244610 0.001880
982 9820.000000 6.109714 -70.189918 -64.080204 10048.411653 -64.080204 0.001863
983 9830.000000 5.985468 -70.191430 -64.205962 9844.069912 -64.205962 0.001835
984 9840.000000 6.118377 -70.184729 -64.066352 10062.659718 -64.066352 0.001807
985 9850.000000 6.127930 -70.149074 -64.021145 10078.370486 -64.021145 0.001790
986 9860.000000 5.919580 -70.103691 -64.184111 9735.705396 -64.184111 0.001772
987 9870.000000 5.870290 -70.067069 -64.196779 9654.640404 -64.196779 0.001757
988 9880.000000 5.999951 -70.067622 -64.067672 9867.888578 -64.067672 0.001734
989 9890.000000 6.067725 -70.095343 -64.027619 9979.353472 -64.027619 0.001701
990 9900.000000 6.239693 -70.132608 -63.892915 10262.183884 -63.892915 0.001669
991 9910.000000 6.175992 -70.151519 -63.975527 10157.417136 -63.975527 0.001639
992 9920.000000 6.459409 -70.156551 -63.697141 10623.542320 -63.697141 0.001613
993 9930.000000 6.100340 -70.147244 -64.046904 10032.994101 -64.046904 0.001591
994 9940.000000 5.873491 -70.128672 -64.255181 9659.904713 -64.255181 0.001576
995 9950.000000 5.893237 -70.101411 -64.208174 9692.380075 -64.208174 0.001573
996 9960.000000 5.774834 -70.067798 -64.292963 9497.647919 -64.292963 0.001574
997 9970.000000 5.797033 -70.016488 -64.219456 9534.157193 -64.219456 0.001586
998 9980.000000 5.808875 -69.942750 -64.133875 9553.634270 -64.133875 0.001602
999 9990.000000 5.563739 -69.881673 -64.317935 9150.467007 -64.317935 0.001617
1000 10000.000000 5.576605 -69.886847 -64.310242 9171.627441 -64.310242 0.001615
1001 10010.000000 5.813186 -69.937555 -64.124369 9560.724019 -64.124369 0.001604
1002 10020.000000 5.926570 -69.987775 -64.061204 9747.202395 -64.061204 0.001599
1003 10030.000000 5.752057 -70.031514 -64.279457 9460.186481 -64.279457 0.001603
1004 10040.000000 5.955140 -70.069469 -64.114329 9794.189502 -64.114329 0.001612
1005 10050.000000 5.830858 -70.101026 -64.270168 9589.788212 -64.270168 0.001625
1006 10060.000000 5.856204 -70.113671 -64.257467 9631.473883 -64.257467 0.001643
1007 10070.000000 5.881006 -70.108692 -64.227685 9672.265351 -64.227685 0.001663
1008 10080.000000 5.804670 -70.114606 -64.309936 9546.717059 -64.309936 0.001679
1009 10090.000000 5.661109 -70.155980 -64.494871 9310.608575 -64.494871 0.001684
1010 10100.000000 5.672645 -70.216209 -64.543564 9329.581302 -64.543564 0.001684
1011 10110.000000 5.671174 -70.273276 -64.602102 9327.161601 -64.602102 0.001681
1012 10120.000000 5.866936 -70.304781 -64.437845 9649.124809 -64.437845 0.001682
1013 10130.000000 6.115846 -70.323634 -64.207788 10058.496711 -64.207788 0.001688
1014 10140.000000 6.368056 -70.315043 -63.946988 10473.296290 -63.946988 0.001700
1015 10150.000000 6.168528 -70.276600 -64.108072 10145.141190 -64.108072 0.001723
1016 10160.000000 6.143888 -70.229295 -64.085407 10104.617306 -64.085407 0.001754
1017 10170.000000 5.728268 -70.163395 -64.435127 9421.062770 -64.435127 0.001790
1018 10180.000000 5.689669 -70.096266 -64.406598 9357.579408 -64.406598 0.001821
1019 10190.000000 5.385746 -70.031993 -64.646247 8857.730030 -64.646247 0.001850
1020 10200.000000 5.514147 -69.964128 -64.449982 9068.905130 -64.449982 0.001878
1021 10210.000000 5.551829 -69.908671 -64.356842 9130.879382 -64.356842 0.001898
1022 10220.000000 5.505432 -69.868371 -64.362939 9054.573061 -64.362939 0.001909
1023 10230.000000 5.474333 -69.861168 -64.386835 9003.425836 -64.386835 0.001912
1024 10240.000000 5.619009 -69.893409 -64.274401 9241.367736 -64.274401 0.001896
1025 10250.000000 5.394071 -69.917206 -64.523135 8871.421698 -64.523135 0.001882
1026 10260.000000 5.563467 -69.929853 -64.366385 9150.020882 -64.366385 0.001874
1027 10270.000000 5.467210 -69.940492 -64.473282 8991.710411 -64.473282 0.001873
1028 10280.000000 5.591184 -69.956409 -64.365225 9195.606363 -64.365225 0.001870
1029 10290.000000 5.672143 -69.983593 -64.311450 9328.755943 -64.311450 0.001875
1030 10300.000000 5.750156 -70.000254 -64.250098 9457.060732 -64.250098 0.001886
1031 10310.000000 5.812239 -70.023624 -64.211385 9559.165923 -64.211385 0.001898
1032 10320.000000 5.803271 -70.031252 -64.227981 9544.416447 -64.227981 0.001912
1033 10330.000000 5.759865 -70.008349 -64.248484 9473.028751 -64.248484 0.001941
1034 10340.000000 5.601120 -69.973460 -64.372340 9211.946124 -64.372340 0.001969
1035 10350.000000 5.638673 -69.926245 -64.287571 9273.709310 -64.287571 0.001997
1036 10360.000000 5.672609 -69.867259 -64.194650 9329.522544 -64.194650 0.002025
1037 10370.000000 5.474760 -69.803947 -64.329187 9004.127291 -64.329187 0.002058
1038 10380.000000 5.389477 -69.754597 -64.365120 8863.866074 -64.365120 0.002083
1039 10390.000000 5.360700 -69.729958 -64.369258 8816.537471 -64.369258 0.002099
1040 10400.000000 5.050631 -69.726228 -64.675597 8306.578274 -64.675597 0.002106
1041 10410.000000 5.025712 -69.758582 -64.732871 8265.595227 -64.732871 0.002095
1042 10420.000000 4.946197 -69.797524 -64.851327 8134.820887 -64.851327 0.002077
1043 10430.000000 5.025574 -69.845012 -64.819438 8265.368043 -64.819438 0.002048
1044 10440.000000 5.096253 -69.886999 -64.790746 8381.611754 -64.790746 0.002012
1045 10450.000000 5.245357 -69.917095 -64.671738 8626.837914 -64.671738 0.001974
1046 10460.000000 5.292515 -69.937628 -64.645113 8704.396734 -64.645113 0.001934
1047 10470.000000 5.261268 -69.965031 -64.703763 8653.005396 -64.703763 0.001896
1048 10480.000000 5.442559 -70.005835 -64.563275 8951.168466 -64.563275 0.001850
1049 10490.000000 5.254922 -70.033412 -64.778490 8642.568343 -64.778490 0.001808
1050 10500.000000 5.548253 -70.041667 -64.493414 9124.999233 -64.493414 0.001770
1051 10510.000000 5.755509 -70.031374 -64.275865 9465.864555 -64.275865 0.001744
1052 10520.000000 5.711927 -70.014158 -64.302231 9394.186331 -64.302231 0.001725
1053 10530.000000 5.596996 -70.007352 -64.410356 9205.164386 -64.410356 0.001711
1054 10540.000000 5.830082 -70.020534 -64.190451 9588.512190 -64.190451 0.001699
1055 10550.000000 5.954494 -70.041515 -64.087021 9793.128353 -64.087021 0.001688
1056 10560.000000 5.904780 -70.061693 -64.156913 9711.364461 -64.156913 0.001682
1057 10570.000000 5.920632 -70.069418 -64.148787 9737.435542 -64.148787 0.001680
1058 10580.000000 5.758646 -70.069105 -64.310459 9471.024410 -64.310459 0.001690
1059 10590.000000 5.711715 -70.058224 -64.346509 9393.838510 -64.346509 0.001711
1060 10600.000000 5.560198 -70.053441 -64.493243 9144.643752 -64.493243 0.001744
1061 10610.000000 5.586270 -70.057966 -64.471696 9187.522886 -64.471696 0.001779
1062 10620.000000 5.868302 -70.069718 -64.201416 9651.370980 -64.201416 0.001812
1063 10630.000000 5.854690 -70.091719 -64.237028 9628.984445 -64.237028 0.001850
1064 10640.000000 6.161530 -70.148856 -63.987326 10133.632013 -63.987326 0.001878
1065 10650.000000 6.043265 -70.220878 -64.177613 9939.126054 -64.177613 0.001903
1066 10660.000000 6.169502 -70.272515 -64.103013 10146.743227 -64.103013 0.001934
1067 10670.000000 6.038067 -70.290888 -64.252821 9930.576265 -64.252821 0.001971
1068 10680.000000 6.118266 -70.292152 -64.173886 10062.477551 -64.173886 0.002005
1069 10690.000000 6.168327 -70.270475 -64.102148 10144.811026 -64.102148 0.002038
1070 10700.000000 6.312864 -70.237836 -63.924972 10382.524236 -63.924972 0.002072
1071 10710.000000 6.374003 -70.206226 -63.832223 10483.077560 -63.832223 0.002100
1072 10720.000000 6.468787 -70.209317 -63.740530 10638.965826 -63.740530 0.002111
1073 10730.000000 6.224037 -70.212901 -63.988864 10236.435326 -63.988864 0.002114
1074 10740.000000 6.134562 -70.231508 -64.096946 10089.278500 -64.096946 0.002098
1075 10750.000000 6.196656 -70.270559 -64.073903 10191.402385 -64.073903 0.002066
1076 10760.000000 6.078336 -70.299726 -64.221389 9996.806366 -64.221389 0.002032
1077 10770.000000 6.453469 -70.310718 -63.857250 10613.772439 -63.857250 0.001993
1078 10780.000000 6.330622 -70.301085 -63.970463 10411.730193 -63.970463 0.001956
1079 10790.000000 6.357459 -70.283172 -63.925713 10455.868644 -63.925713 0.001926
1080 10800.000000 6.312799 -70.259633 -63.946834 10382.418439 -63.946834 0.001900
1081 10810.000000 6.556220 -70.227149 -63.670929 10782.762691 -63.670929 0.001881
1082 10820.000000 6.108244 -70.180258 -64.072014 10045.993738 -64.072014 0.001875
1083 10830.000000 6.123777 -70.121661 -63.997884 10071.541227 -63.997884 0.001874
1084 10840.000000 6.137119 -70.070373 -63.933254 10093.484002 -63.933254 0.001867
1085 10850.000000 6.053403 -70.016404 -63.963001 9955.798699 -63.963001 0.001870
1086 10860.000000 6.143312 -69.988157 -63.844845 10103.669531 -63.844845 0.001872
1087 10870.000000 6.242460 -69.983454 -63.740994 10266.734781 -63.740994 0.001869
1088 10880.000000 6.264398 -69.997882 -63.733484 10302.814922 -63.733484 0.001857
1089 10890.000000 6.462935 -70.018418 -63.555483 10629.341358 -63.555483 0.001841
1090 10900.000000 6.762457 -70.039721 -63.277264 11121.953647 -63.277264 0.001821
1091 10910.000000 6.536929 -70.056774 -63.519845 10751.036488 -63.519845 0.001804
1092 10920.000000 6.315749 -70.059908 -63.744159 10387.269273 -63.744159 0.001790
1093 10930.000000 6.323390 -70.043548 -63.720158 10399.836542 -63.720158 0.001785
1094 10940.000000 6.289554 -70.019990 -63.730436 10344.188421 -63.730436 0.001783
1095 10950.000000 6.230485 -69.994642 -63.764156 10247.039795 -63.764156 0.001789
1096 10960.000000 6.457215 -69.972846 -63.515631 10619.932952 -63.515631 0.001798
1097 10970.000000 6.406111 -69.950297 -63.544187 10535.883999 -63.544187 0.001813
1098 10980.000000 6.396897 -69.923999 -63.527102 10520.730456 -63.527102 0.001836
1099 10990.000000 6.364020 -69.900674 -63.536655 10466.658873 -63.536655 0.001857
1100 11000.000000 6.461897 -69.879354 -63.417456 10627.634094 -63.417456 0.001870
1101 11010.000000 6.573911 -69.897344 -63.323433 10811.858590 -63.323433 0.001863
1102 11020.000000 6.627038 -69.940366 -63.313328 10899.235262 -63.313328 0.001844
1103 11030.000000 6.855964 -69.982243 -63.126279 11275.741174 -63.126279 0.001828
1104 11040.000000 6.811339 -70.018323 -63.206984 11202.347676 -63.206984 0.001813
1105 11050.000000 6.932233 -70.039326 -63.107093 11401.177852 -63.107093 0.001798
1106 11060.000000 6.529136 -70.064260 -63.535124 10738.219841 -63.535124 0.001780
1107 11070.000000 6.855626 -70.094877 -63.239251 11275.185501 -63.239251 0.001765
1108 11080.000000 6.971691 -70.126017 -63.154326 11466.072447 -63.154326 0.001758
1109 11090.000000 6.762626 -70.159069 -63.396443 11122.230416 -63.396443 0.001756
1110 11100.000000 6.586234 -70.164765 -63.578532 10832.125428 -63.578532 0.001770
1111 11110.000000 6.504229 -70.159380 -63.655152 10697.255300 -63.655152 0.001794
1112 11120.000000 6.349038 -70.138022 -63.788983 10442.019411 -63.788983 0.001823
1113 11130.000000 6.255124 -70.128986 -63.873862 10287.561759 -63.873862 0.001846
