# istep , time , K , V , E , T , H_eff, P
1 10.000000 5.997221 -70.348131 -64.350910 9863.398778 -64.350910 0.001176
2 20.000000 5.879960 -70.347703 -64.467744 9670.544050 -64.467744 0.001187
3 30.000000 5.764152 -70.331612 -64.567460 9480.080135 -64.567460 0.001197
4 40.000000 5.998117 -70.306590 -64.308473 9864.873046 -64.308473 0.001213
5 50.000000 5.880778 -70.269897 -64.389120 9671.889232 -64.389120 0.001231
6 60.000000 5.758508 -70.226158 -64.467651 9470.796111 -64.467651 0.001253
7 70.000000 5.968908 -70.184566 -64.215657 9816.833986 -64.215657 0.001276
8 80.000000 5.979312 -70.168524 -64.189212 9833.944042 -64.189212 0.001291
9 90.000000 6.063916 -70.180196 -64.116280 9973.088967 -64.116280 0.001302
10 100.000000 6.090964 -70.211808 -64.120844 10017.574417 -64.120844 0.001313
11 110.000000 5.804936 -70.265839 -64.460903 9547.155656 -64.460903 0.001320
12 120.000000 5.908214 -70.312082 -64.403868 9717.013208 -64.403868 0.001325
13 130.000000 5.905653 -70.354495 -64.448842 9712.801325 -64.448842 0.001326
14 140.000000 5.865220 -70.391047 -64.525827 9646.302544 -64.525827 0.001330
15 150.000000 5.910106 -70.427484 -64.517378 9720.123817 -64.517378 0.001339
16 160.000000 5.985227 -70.464121 -64.478894 9843.672579 -64.478894 0.001346
17 170.000000 6.167598 -70.497217 -64.329620 10143.610855 -64.329620 0.001355
18 180.000000 5.991997 -70.527913 -64.535916 9854.806554 -64.535916 0.001364
19 190.000000 6.033711 -70.559333 -64.525621 9923.413425 -64.525621 0.001369
20 200.000000 6.129505 -70.580342 -64.450838 10080.961023 -64.450838 0.001376
21 210.000000 5.999030 -70.605508 -64.606478 9866.374422 -64.606478 0.001383
22 220.000000 5.795344 -70.626139 -64.830795 9531.380247 -64.830795 0.001389
23 230.000000 5.706454 -70.652702 -64.946248 9385.185818 -64.946248 0.001391
24 240.000000 5.675234 -70.693946 -65.018712 9333.838668 -65.018712 0.001390
25 250.000000 5.628332 -70.738509 -65.110177 9256.700981 -65.110177 0.001388
26 260.000000 5.780904 -70.773521 -64.992616 9507.631288 -64.992616 0.001387
27 270.000000 5.710937 -70.825614 -65.114677 9392.559441 -65.114677 0.001389
28 280.000000 5.660290 -70.846074 -65.185784 9309.261867 -65.185784 0.001398
29 290.000000 5.755893 -70.850304 -65.094412 9466.495504 -65.094412 0.001404
30 300.000000 5.806245 -70.841446 -65.035200 9549.308563 -65.035200 0.001413
31 310.000000 5.748225 -70.834401 -65.086175 9453.885474 -65.086175 0.001417
32 320.000000 5.891034 -70.841206 -64.950172 9688.757117 -64.950172 0.001407
33 330.000000 6.071682 -70.886343 -64.814662 9985.861369 -64.814662 0.001382
34 340.000000 6.087969 -70.937386 -64.849417 10012.649087 -64.849417 0.001358
35 350.000000 6.055415 -70.968723 -64.913308 9959.108145 -64.913308 0.001340
36 360.000000 6.145984 -70.976034 -64.830049 10108.064278 -64.830049 0.001334
37 370.000000 6.002482 -70.969079 -64.966597 9872.052352 -64.966597 0.001336
38 380.000000 6.442539 -70.960955 -64.518417 10595.795990 -64.518417 0.001341
39 390.000000 6.707914 -70.948921 -64.241007 11032.249106 -64.241007 0.001355
40 400.000000 6.728695 -70.931906 -64.203211 11066.426607 -64.203211 0.001376
41 410.000000 6.836844 -70.921177 -64.084333 11244.293951 -64.084333 0.001395
42 420.000000 6.675315 -70.898549 -64.223234 10978.633690 -64.223234 0.001413
43 430.000000 6.615181 -70.858823 -64.243641 10879.734252 -64.243641 0.001437
44 440.000000 6.377356 -70.810961 -64.433605 10488.592039 -64.433605 0.001451
45 450.000000 6.403267 -70.769647 -64.366381 10531.207263 -64.366381 0.001464
46 460.000000 6.409423 -70.767676 -64.358253 10541.331729 -64.358253 0.001464
47 470.000000 6.520128 -70.768026 -64.247898 10723.403369 -64.247898 0.001456
48 480.000000 6.626630 -70.753298 -64.126669 10898.563255 -64.126669 0.001446
49 490.000000 6.731565 -70.710794 -63.979229 11071.145937 -63.979229 0.001437
50 500.000000 6.588886 -70.653784 -64.064898 10836.487277 -64.064898 0.001432
51 510.000000 6.518196 -70.610108 -64.091912 10720.227080 -64.091912 0.001420
52 520.000000 6.102620 -70.568962 -64.466343 10036.744406 -64.466343 0.001403
53 530.000000 6.146436 -70.533401 -64.386965 10108.807065 -64.386965 0.001383
54 540.000000 6.073451 -70.481729 -64.408279 9988.770992 -64.408279 0.001367
55 550.000000 5.653354 -70.430499 -64.777145 9297.853711 -64.777145 0.001360
56 560.000000 5.556134 -70.373793 -64.817659 9137.959452 -64.817659 0.001359
57 570.000000 5.516616 -70.315798 -64.799183 9072.965871 -64.799183 0.001367
58 580.000000 5.497812 -70.283936 -64.786124 9042.040341 -64.786124 0.001372
59 590.000000 5.678610 -70.255169 -64.576559 9339.392277 -64.576559 0.001381
60 600.000000 5.724380 -70.247536 -64.523156 9414.667802 -64.523156 0.001389
61 610.000000 5.680276 -70.263861 -64.583585 9342.132247 -64.583585 0.001398
62 620.000000 5.846980 -70.287132 -64.440152 9616.303643 -64.440152 0.001405
63 630.000000 5.909600 -70.306566 -64.396967 9719.291892 -64.396967 0.001410
64 640.000000 5.800204 -70.297988 -64.497784 9539.373374 -64.497784 0.001418
65 650.000000 5.391449 -70.243935 -64.852486 8867.109201 -64.852486 0.001428
66 660.000000 5.457962 -70.167399 -64.709437 8976.500056 -64.709437 0.001437
67 670.000000 5.465904 -70.132953 -64.667049 8989.563139 -64.667049 0.001435
68 680.000000 5.504117 -70.157304 -64.653187 9052.410168 -64.653187 0.001417
69 690.000000 5.587673 -70.201922 -64.614249 9189.830980 -64.614249 0.001397
70 700.000000 5.970520 -70.245193 -64.274673 9819.485028 -64.274673 0.001375
71 710.000000 6.006081 -70.247671 -64.241590 9877.971006 -64.241590 0.001360
72 720.000000 6.106641 -70.241747 -64.135105 10043.358388 -64.135105 0.001346
73 730.000000 6.076711 -70.212782 -64.136070 9994.133489 -64.136070 0.001337
74 740.000000 5.974119 -70.177413 -64.203294 9825.404714 -64.203294 0.001322
75 750.000000 5.813306 -70.163122 -64.349816 9560.920923 -64.349816 0.001308
76 760.000000 5.648167 -70.163221 -64.515053 9289.323657 -64.515053 0.001293
77 770.000000 5.768355 -70.187514 -64.419159 9486.991758 -64.419159 0.001280
78 780.000000 5.932028 -70.204676 -64.272649 9756.178097 -64.272649 0.001264
79 790.000000 5.899879 -70.205241 -64.305362 9703.304319 -64.305362 0.001253
80 800.000000 5.674952 -70.192967 -64.518015 9333.375490 -64.518015 0.001247
81 810.000000 5.616346 -70.183961 -64.567614 9236.988791 -64.567614 0.001243
82 820.000000 5.499492 -70.171989 -64.672497 9044.802970 -64.672497 0.001248
83 830.000000 5.716677 -70.166891 -64.450214 9401.999259 -64.450214 0.001256
84 840.000000 5.988148 -70.177118 -64.188970 9848.476629 -64.188970 0.001269
85 850.000000 6.059919 -70.194801 -64.134882 9966.516002 -64.134882 0.001286
86 860.000000 5.900874 -70.224295 -64.323422 9704.940423 -64.323422 0.001304
87 870.000000 6.051438 -70.243677 -64.192239 9952.567448 -64.192239 0.001330
88 880.000000 5.954082 -70.250399 -64.296318 9792.449259 -64.296318 0.001358
89 890.000000 5.826392 -70.211773 -64.385381 9582.443285 -64.385381 0.001392
90 900.000000 5.754244 -70.130800 -64.376556 9463.784205 -64.376556 0.001427
91 910.000000 5.536949 -70.091000 -64.554052 9106.406970 -64.554052 0.001456
92 920.000000 5.496402 -70.153574 -64.657172 9039.721019 -64.657172 0.001459
93 930.000000 5.796202 -70.264166 -64.467963 9532.791327 -64.467963 0.001444
94 940.000000 5.755407 -70.383153 -64.627746 9465.696272 -64.627746 0.001427
95 950.000000 5.955057 -70.487223 -64.532167 9794.053173 -64.532167 0.001405
96 960.000000 6.137170 -70.568084 -64.430914 10093.568312 -64.430914 0.001385
97 970.000000 6.214246 -70.618592 -64.404345 10220.331880 -64.404345 0.001372
98 980.000000 6.220858 -70.654919 -64.434060 10231.206999 -64.434060 0.001365
99 990.000000 6.261185 -70.655649 -64.394464 10297.530054 -64.394464 0.001364
100 1000.000000 6.179240 -70.637875 -64.458635 10162.757992 -64.458635 0.001366
101 1010.000000 5.976939 -70.618662 -64.641723 9830.042220 -64.641723 0.001368
102 1020.000000 6.142600 -70.620256 -64.477655 10102.498618 -64.477655 0.001366
103 1030.000000 6.194439 -70.626195 -64.431756 10187.755916 -64.431756 0.001374
104 1040.000000 6.411648 -70.625343 -64.213695 10544.991020 -64.213695 0.001390
105 1050.000000 6.324311 -70.594291 -64.269980 10401.351356 -64.269980 0.001410
106 1060.000000 6.228517 -70.557644 -64.329127 10243.802735 -64.329127 0.001430
107 1070.000000 6.035701 -70.506638 -64.470937 9926.685147 -64.470937 0.001446
108 1080.000000 6.153395 -70.468003 -64.314607 10120.252687 -64.314607 0.001460
109 1090.000000 6.065180 -70.447601 -64.382421 9975.168157 -64.382421 0.001465
110 1100.000000 6.324981 -70.462973 -64.137992 10402.452916 -64.137992 0.001458
111 1110.000000 6.328728 -70.493143 -64.164415 10408.615747 -64.164415 0.001453
112 1120.000000 6.476388 -70.519435 -64.043047 10651.466798 -64.043047 0.001448
113 1130.000000 6.412262 -70.552530 -64.140267 10546.001408 -64.140267 0.001446
114 1140.000000 6.556576 -70.579546 -64.022970 10783.348533 -64.022970 0.001443
115 1150.000000 6.618108 -70.574608 -63.956500 10884.547217 -63.956500 0.001447
116 1160.000000 6.426496 -70.570651 -64.144155 10569.411282 -64.144155 0.001453
117 1170.000000 6.280641 -70.553605 -64.272964 10329.529290 -64.272964 0.001461
118 1180.000000 6.258707 -70.538325 -64.279618 10293.455062 -64.279618 0.001467
119 1190.000000 6.424286 -70.539137 -64.114851 10565.775914 -64.114851 0.001465
120 1200.000000 6.421445 -70.546855 -64.125410 10561.104128 -64.125410 0.001455
121 1210.000000 5.965088 -70.560509 -64.595421 9810.551339 -64.595421 0.001445
122 1220.000000 5.877291 -70.574127 -64.696836 9666.154846 -64.696836 0.001432
123 1230.000000 5.749636 -70.581455 -64.831818 9456.205660 -64.831818 0.001419
124 1240.000000 5.795421 -70.592726 -64.797305 9531.506592 -64.797305 0.001403
125 1250.000000 5.904905 -70.612268 -64.707363 9711.569788 -64.707363 0.001386
126 1260.000000 6.004268 -70.630529 -64.626261 9874.989348 -64.626261 0.001368
127 1270.000000 6.064245 -70.641315 -64.577070 9973.631065 -64.577070 0.001354
128 1280.000000 6.217753 -70.644345 -64.426592 10226.099972 -64.426592 0.001342
129 1290.000000 6.197311 -70.662942 -64.465631 10192.478958 -64.465631 0.001329
130 1300.000000 6.122557 -70.701904 -64.579347 10069.534384 -64.579347 0.001323
131 1310.000000 6.306140 -70.753365 -64.447225 10371.466783 -64.447225 0.001321
132 1320.000000 6.415362 -70.795240 -64.379878 10551.099493 -64.379878 0.001326
133 1330.000000 6.528608 -70.812132 -64.283524 10737.350238 -64.283524 0.001335
134 1340.000000 6.392160 -70.800318 -64.408158 10512.940742 -64.408158 0.001348
135 1350.000000 6.276982 -70.765980 -64.488998 10323.510986 -64.488998 0.001366
136 1360.000000 6.385256 -70.721330 -64.336073 10501.585986 -64.336073 0.001388
137 1370.000000 6.370221 -70.691053 -64.320832 10476.857636 -64.320832 0.001407
138 1380.000000 6.255993 -70.677173 -64.421180 10288.991286 -64.421180 0.001425
139 1390.000000 6.082950 -70.670110 -64.587160 10004.393395 -64.587160 0.001436
140 1400.000000 6.138246 -70.666180 -64.527934 10095.337470 -64.527934 0.001442
141 1410.000000 6.077462 -70.665861 -64.588398 9995.368821 -64.588398 0.001445
142 1420.000000 5.861287 -70.655212 -64.793926 9639.832900 -64.793926 0.001448
143 1430.000000 5.967664 -70.655236 -64.687572 9814.787384 -64.687572 0.001448
144 1440.000000 5.923895 -70.680637 -64.756742 9742.803128 -64.756742 0.001437
145 1450.000000 6.137154 -70.737438 -64.600283 10093.542151 -64.600283 0.001422
146 1460.000000 6.384602 -70.819546 -64.434943 10500.510460 -64.434943 0.001397
147 1470.000000 6.748968 -70.890582 -64.141614 11099.768085 -64.141614 0.001374
148 1480.000000 6.836537 -70.943246 -64.106710 11243.789249 -64.106710 0.001357
149 1490.000000 7.004531 -70.964344 -63.959813 11520.083372 -63.959813 0.001346
150 1500.000000 7.142765 -70.941509 -63.798744 11747.431270 -63.798744 0.001347
151 1510.000000 7.006718 -70.884642 -63.877925 11523.679445 -63.877925 0.001359
152 1520.000000 6.944670 -70.798026 -63.853356 11421.631814 -63.853356 0.001376
153 1530.000000 6.845502 -70.695416 -63.849914 11258.534364 -63.849914 0.001390
154 1540.000000 6.533847 -70.607902 -64.074055 10745.967479 -64.074055 0.001401
155 1550.000000 6.369768 -70.535787 -64.166019 10476.113359 -64.166019 0.001407
156 1560.000000 6.089710 -70.485728 -64.396018 10015.512805 -64.396018 0.001412
157 1570.000000 5.856608 -70.441869 -64.585260 9632.138757 -64.585260 0.001416
158 1580.000000 5.592899 -70.396789 -64.803891 9198.425389 -64.803891 0.001415
159 1590.000000 5.735225 -70.388157 -64.652932 9432.503710 -64.652932 0.001407
160 1600.000000 5.859334 -70.432496 -64.573162 9636.621422 -64.573162 0.001386
161 1610.000000 5.704673 -70.538317 -64.833644 9382.256931 -64.833644 0.001350
162 1620.000000 5.917550 -70.635406 -64.717855 9732.367366 -64.717855 0.001314
163 1630.000000 5.724108 -70.708216 -64.984108 9414.221138 -64.984108 0.001288
164 1640.000000 5.537017 -70.758127 -65.221110 9106.519590 -65.221110 0.001271
165 1650.000000 5.768255 -70.766153 -64.997898 9486.826794 -64.997898 0.001265
166 1660.000000 5.813177 -70.757270 -64.944092 9560.709475 -64.944092 0.001268
167 1670.000000 5.886551 -70.729287 -64.842735 9681.385098 -64.842735 0.001273
168 1680.000000 5.569140 -70.703889 -65.134749 9159.350461 -65.134749 0.001282
169 1690.000000 5.666822 -70.672242 -65.005421 9320.003703 -65.005421 0.001299
170 1700.000000 5.714273 -70.647688 -64.933415 9398.045955 -64.933415 0.001321
171 1710.000000 5.947274 -70.633798 -64.686525 9781.252724 -64.686525 0.001340
172 1720.000000 5.800843 -70.647240 -64.846397 9540.423227 -64.846397 0.001347
173 1730.000000 5.893635 -70.671221 -64.777586 9693.034753 -64.777586 0.001350
174 1740.000000 5.988971 -70.706851 -64.717880 9849.829738 -64.717880 0.001352
175 1750.000000 6.049908 -70.730425 -64.680517 9950.051001 -64.680517 0.001363
176 1760.000000 5.789313 -70.735038 -64.945725 9521.460828 -64.945725 0.001376
177 1770.000000 5.865210 -70.724095 -64.858885 9646.285914 -64.858885 0.001393
178 1780.000000 5.648370 -70.732355 -65.083985 9289.657288 -65.083985 0.001404
179 1790.000000 5.709055 -70.751162 -65.042106 9389.464005 -65.042106 0.001412
180 1800.000000 5.917430 -70.785002 -64.867572 9732.169603 -64.867572 0.001415
181 1810.000000 5.808205 -70.824620 -65.016415 9552.531477 -65.016415 0.001416
182 1820.000000 6.014141 -70.864569 -64.850428 9891.226657 -64.850428 0.001417
183 1830.000000 5.920994 -70.886728 -64.965734 9738.031020 -64.965734 0.001422
184 1840.000000 5.818416 -70.893773 -65.075357 9569.324798 -65.075357 0.001433
185 1850.000000 5.777884 -70.852463 -65.074579 9502.664286 -65.074579 0.001451
186 1860.000000 5.794274 -70.780936 -64.986662 9529.620697 -64.986662 0.001467
187 1870.000000 5.818991 -70.718643 -64.899652 9570.270783 -64.899652 0.001488
188 1880.000000 5.968612 -70.699305 -64.730693 9816.347217 -64.730693 0.001506
189 1890.000000 6.158117 -70.701392 -64.543275 10128.018994 -64.543275 0.001515
190 1900.000000 6.344172 -70.721515 -64.377343 10434.016338 -64.377343 0.001519
191 1910.000000 6.163581 -70.716321 -64.552740 10137.005098 -64.552740 0.001524
192 1920.000000 6.531245 -70.692904 -64.161660 10741.687099 -64.161660 0.001531
193 1930.000000 6.352653 -70.662498 -64.309844 10447.965048 -64.309844 0.001530
194 1940.000000 6.148457 -70.624676 -64.476220 10112.130537 -64.476220 0.001528
195 1950.000000 6.132814 -70.556335 -64.423522 10086.402965 -64.423522 0.001524
196 1960.000000 6.045669 -70.462779 -64.417111 9943.079216 -64.417111 0.001523
197 1970.000000 6.173127 -70.413560 -64.240434 10152.704061 -64.240434 0.001510
198 1980.000000 6.235962 -70.417103 -64.181141 10256.047747 -64.181141 0.001480
199 1990.000000 6.093643 -70.455376 -64.361733 10021.981112 -64.361733 0.001442
200 2000.000000 6.349289 -70.482491 -64.133202 10442.431825 -64.133202 0.001410
201 2010.000000 6.170907 -70.505349 -64.334442 10149.053129 -64.334442 0.001388
202 2020.000000 6.170831 -70.509662 -64.338832 10148.928224 -64.338832 0.001372
203 2030.000000 6.086365 -70.511951 -64.425586 10010.010276 -64.425586 0.001360
204 2040.000000 5.975722 -70.502428 -64.526705 9828.041097 -64.526705 0.001351
205 2050.000000 6.179023 -70.493075 -64.314053 10162.400975 -64.314053 0.001343
206 2060.000000 6.295537 -70.485773 -64.190236 10354.028271 -64.190236 0.001335
207 2070.000000 6.214913 -70.467057 -64.252144 10221.428685 -64.252144 0.001334
208 2080.000000 6.331380 -70.433498 -64.102118 10412.977565 -64.102118 0.001341
209 2090.000000 6.367095 -70.386913 -64.019818 10471.716708 -64.019818 0.001354
210 2100.000000 6.231124 -70.303717 -64.072592 10248.091110 -64.072592 0.001373
211 2110.000000 6.219952 -70.222466 -64.002514 10229.716287 -64.002514 0.001392
212 2120.000000 6.344508 -70.206728 -63.862220 10434.569247 -63.862220 0.001400
213 2130.000000 6.481851 -70.239109 -63.757258 10660.452132 -63.757258 0.001401
214 2140.000000 6.422109 -70.272034 -63.849925 10562.195773 -63.849925 0.001397
215 2150.000000 6.316679 -70.269068 -63.952389 10388.798925 -63.952389 0.001398
216 2160.000000 6.421419 -70.250817 -63.829397 10561.061701 -63.829397 0.001399
217 2170.000000 6.483306 -70.239463 -63.756157 10662.844346 -63.756157 0.001394
218 2180.000000 6.598002 -70.236054 -63.638052 10851.481002 -63.638052 0.001388
219 2190.000000 6.238885 -70.235676 -63.996791 10260.854976 -63.996791 0.001384
220 2200.000000 6.261812 -70.251440 -63.989628 10298.562309 -63.989628 0.001376
221 2210.000000 6.502602 -70.279288 -63.776686 10694.579835 -63.776686 0.001369
222 2220.000000 6.507744 -70.324718 -63.816974 10703.037039 -63.816974 0.001353
223 2230.000000 6.676018 -70.353458 -63.677441 10979.789590 -63.677441 0.001343
224 2240.000000 6.897417 -70.376632 -63.479215 11343.917306 -63.479215 0.001337
225 2250.000000 6.994410 -70.376832 -63.382421 11503.438099 -63.382421 0.001336
226 2260.000000 6.653505 -70.359730 -63.706225 10942.763793 -63.706225 0.001340
227 2270.000000 6.679803 -70.326719 -63.646916 10986.016143 -63.646916 0.001340
228 2280.000000 6.593359 -70.263325 -63.669966 10843.844794 -63.669966 0.001347
229 2290.000000 6.221271 -70.191080 -63.969809 10231.884780 -63.969809 0.001355
230 2300.000000 6.291254 -70.121775 -63.830521 10346.983175 -63.830521 0.001363
231 2310.000000 6.340675 -70.073583 -63.732908 10428.263854 -63.732908 0.001363
232 2320.000000 6.428444 -70.042187 -63.613743 10572.615289 -63.613743 0.001355
233 2330.000000 6.383147 -70.028390 -63.645243 10498.116430 -63.645243 0.001344
234 2340.000000 6.473289 -70.003679 -63.530390 10646.369681 -63.530390 0.001334
235 2350.000000 6.557684 -69.979984 -63.422299 10785.171798 -63.422299 0.001327
236 2360.000000 6.309567 -69.964236 -63.654669 10377.103084 -63.654669 0.001325
237 2370.000000 6.096292 -69.952967 -63.856676 10026.336861 -63.856676 0.001325
238 2380.000000 6.088981 -69.970192 -63.881211 10014.313700 -63.881211 0.001321
239 2390.000000 6.238013 -70.010154 -63.772141 10259.420768 -63.772141 0.001317
240 2400.000000 5.984690 -70.049665 -64.064974 9842.790194 -64.064974 0.001309
241 2410.000000 6.226214 -70.075544 -63.849329 10240.015750 -63.849329 0.001301
242 2420.000000 6.036578 -70.113110 -64.076532 9928.127733 -64.076532 0.001297
243 2430.000000 6.240204 -70.146839 -63.906635 10263.024166 -63.906635 0.001299
244 2440.000000 6.276842 -70.181272 -63.904430 10323.280810 -63.904430 0.001302
245 2450.000000 5.991594 -70.205402 -64.213808 9854.145215 -64.213808 0.001307
246 2460.000000 6.061776 -70.232217 -64.170441 9969.570345 -64.170441 0.001312
247 2470.000000 6.111154 -70.261809 -64.150655 10050.780557 -64.150655 0.001319
248 2480.000000 6.034061 -70.298282 -64.264221 9923.988891 -64.264221 0.001319
249 2490.000000 6.001899 -70.340711 -64.338813 9871.092675 -64.338813 0.001316
250 2500.000000 5.686580 -70.397465 -64.710885 9352.500039 -64.710885 0.001309
251 2510.000000 5.556688 -70.457860 -64.901172 9138.871911 -64.901172 0.001305
252 2520.000000 5.787910 -70.511939 -64.724029 9519.153494 -64.724029 0.001300
253 2530.000000 5.685555 -70.547610 -64.862055 9350.814538 -64.862055 0.001297
254 2540.000000 5.601756 -70.579327 -64.977572 9212.992171 -64.977572 0.001296
255 2550.000000 5.557619 -70.610334 -65.052714 9140.403180 -65.052714 0.001301
256 2560.000000 5.400102 -70.636564 -65.236462 8881.340348 -65.236462 0.001311
257 2570.000000 5.373126 -70.663786 -65.290659 8836.974588 -65.290659 0.001324
258 2580.000000 5.692761 -70.688283 -64.995522 9362.664743 -64.995522 0.001341
259 2590.000000 5.638432 -70.708166 -65.069734 9273.311874 -65.069734 0.001362
260 2600.000000 5.579797 -70.717591 -65.137794 9176.877841 -65.137794 0.001383
261 2610.000000 5.463742 -70.747082 -65.283340 8986.007007 -65.283340 0.001406
262 2620.000000 5.505105 -70.770949 -65.265844 9054.035170 -65.265844 0.001429
263 2630.000000 5.554017 -70.795483 -65.241465 9134.479093 -65.241465 0.001445
264 2640.000000 5.522066 -70.837994 -65.315928 9081.930324 -65.315928 0.001453
265 2650.000000 5.706000 -70.891259 -65.185259 9384.439667 -65.185259 0.001457
266 2660.000000 5.722299 -70.931923 -65.209624 9411.245162 -65.209624 0.001456
267 2670.000000 5.798248 -70.924038 -65.125790 9536.156543 -65.125790 0.001460
268 2680.000000 5.460727 -70.875402 -65.414676 8981.047584 -65.414676 0.001466
269 2690.000000 5.391682 -70.827343 -65.435661 8867.492847 -65.435661 0.001469
270 2700.000000 5.322210 -70.782137 -65.459928 8753.233575 -65.459928 0.001470
271 2710.000000 5.268346 -70.763382 -65.495036 8664.646476 -65.495036 0.001464
272 2720.000000 5.346894 -70.768502 -65.421608 8793.831547 -65.421608 0.001456
273 2730.000000 5.414812 -70.768744 -65.353932 8905.533824 -65.353932 0.001452
274 2740.000000 5.729598 -70.757014 -65.027416 9423.249141 -65.027416 0.001450
275 2750.000000 5.656431 -70.717102 -65.060671 9302.914842 -65.060671 0.001455
276 2760.000000 5.718429 -70.661010 -64.942581 9404.880740 -64.942581 0.001464
277 2770.000000 5.817301 -70.610081 -64.792780 9567.491484 -64.792780 0.001473
278 2780.000000 5.651578 -70.598026 -64.946449 9294.932546 -64.946449 0.001477
279 2790.000000 5.600746 -70.629745 -65.029000 9211.331215 -65.029000 0.001476
280 2800.000000 5.358464 -70.672967 -65.314503 8812.860203 -65.314503 0.001466
281 2810.000000 5.555064 -70.690068 -65.135004 9136.200160 -65.135004 0.001457
282 2820.000000 5.687042 -70.686061 -64.999019 9353.259182 -64.999019 0.001454
283 2830.000000 5.543861 -70.683871 -65.140009 9117.775828 -65.140009 0.001449
284 2840.000000 5.743209 -70.680394 -64.937185 9445.635924 -64.937185 0.001440
285 2850.000000 5.907694 -70.687875 -64.780181 9716.157569 -64.780181 0.001422
286 2860.000000 5.943974 -70.678192 -64.734219 9775.825029 -64.734219 0.001413
287 2870.000000 5.619596 -70.667430 -65.047834 9242.334151 -65.047834 0.001407
288 2880.000000 5.718855 -70.657123 -64.938268 9405.581740 -64.938268 0.001402
289 2890.000000 5.639580 -70.632020 -64.992439 9275.201254 -64.992439 0.001406
290 2900.000000 5.852987 -70.603779 -64.750792 9626.182415 -64.750792 0.001409
291 2910.000000 5.635512 -70.567824 -64.932312 9268.509868 -64.932312 0.001413
292 2920.000000 5.619576 -70.526228 -64.906652 9242.300417 -64.906652 0.001422
293 2930.000000 5.556909 -70.489896 -64.932987 9139.235059 -64.932987 0.001433
294 2940.000000 5.620000 -70.460834 -64.840835 9242.997362 -64.840835 0.001441
295 2950.000000 5.879634 -70.450368 -64.570734 9670.007964 -64.570734 0.001445
296 2960.000000 5.670796 -70.464696 -64.793900 9326.540730 -64.793900 0.001434
297 2970.000000 5.806226 -70.518160 -64.711934 9549.276591 -64.711934 0.001416
298 2980.000000 5.875883 -70.574096 -64.698212 9663.839116 -64.698212 0.001394
299 2990.000000 5.705249 -70.637404 -64.932155 9383.203130 -64.932155 0.001373
300 3000.000000 5.910405 -70.689878 -64.779473 9720.615880 -64.779473 0.001358
301 3010.000000 5.968427 -70.729169 -64.760743 9816.042030 -64.760743 0.001351
302 3020.000000 5.968750 -70.756516 -64.787766 9816.573588 -64.787766 0.001353
303 3030.000000 5.996284 -70.775779 -64.779494 9861.858702 -64.779494 0.001361
304 3040.000000 6.109457 -70.783502 -64.674045 10047.989480 -64.674045 0.001372
305 3050.000000 6.182286 -70.773520 -64.591234 10167.767765 -64.591234 0.001392
306 3060.000000 5.724423 -70.748396 -65.023973 9414.738417 -65.023973 0.001414
307 3070.000000 5.741419 -70.706315 -64.964896 9442.691786 -64.964896 0.001440
308 3080.000000 5.723976 -70.652303 -64.928327 9414.003458 -64.928327 0.001470
309 3090.000000 5.913262 -70.603931 -64.690669 9725.315558 -64.690669 0.001491
310 3100.000000 5.788439 -70.575404 -64.786964 9520.023866 -64.786964 0.001505
311 3110.000000 5.677844 -70.579908 -64.902064 9338.131849 -64.902064 0.001505
312 3120.000000 5.643317 -70.590446 -64.947129 9281.346080 -64.947129 0.001501
313 3130.000000 5.720713 -70.614821 -64.894109 9408.636302 -64.894109 0.001490
314 3140.000000 5.526046 -70.642703 -65.116657 9088.476368 -65.116657 0.001480
315 3150.000000 5.602367 -70.689664 -65.087297 9213.998322 -65.087297 0.001466
316 3160.000000 5.623689 -70.725364 -65.101675 9249.064622 -65.101675 0.001449
317 3170.000000 5.693212 -70.750415 -65.057203 9363.407538 -65.057203 0.001433
318 3180.000000 5.760926 -70.752457 -64.991531 9474.773368 -64.991531 0.001419
319 3190.000000 5.848907 -70.740659 -64.891752 9619.472327 -64.891752 0.001407
320 3200.000000 5.743742 -70.712885 -64.969142 9446.512548 -64.969142 0.001403
321 3210.000000 6.029742 -70.698228 -64.668485 9916.885502 -64.668485 0.001398
322 3220.000000 5.745174 -70.690631 -64.945457 9448.866552 -64.945457 0.001396
323 3230.000000 5.618446 -70.700421 -65.081975 9240.441663 -65.081975 0.001388
324 3240.000000 5.824583 -70.718011 -64.893428 9579.467294 -64.893428 0.001377
325 3250.000000 5.658012 -70.721044 -65.063032 9305.514221 -65.063032 0.001369
326 3260.000000 5.843309 -70.713607 -64.870298 9610.265253 -64.870298 0.001368
327 3270.000000 5.638100 -70.696021 -65.057921 9272.766982 -65.057921 0.001374
328 3280.000000 5.767288 -70.654862 -64.887574 9485.237471 -64.887574 0.001382
329 3290.000000 5.809400 -70.622818 -64.813419 9554.496791 -64.813419 0.001391
330 3300.000000 5.744375 -70.584106 -64.839731 9447.552629 -64.839731 0.001399
331 3310.000000 5.562931 -70.537309 -64.974378 9149.139685 -64.974378 0.001409
332 3320.000000 5.525057 -70.493410 -64.968352 9086.849705 -64.968352 0.001427
333 3330.000000 5.582674 -70.459620 -64.876946 9181.609706 -64.876946 0.001440
334 3340.000000 5.639920 -70.425760 -64.785840 9275.759866 -64.785840 0.001451
335 3350.000000 5.534705 -70.421411 -64.886706 9102.716582 -64.886706 0.001453
336 3360.000000 5.770948 -70.429525 -64.658576 9491.257310 -64.658576 0.001447
337 3370.000000 5.924119 -70.453915 -64.529796 9743.170450 -64.529796 0.001436
338 3380.000000 6.196400 -70.483711 -64.287311 10190.980804 -64.287311 0.001420
339 3390.000000 6.331494 -70.528624 -64.197130 10413.165307 -64.197130 0.001399
340 3400.000000 6.280296 -70.548053 -64.267757 10328.961026 -64.267757 0.001375
341 3410.000000 6.426828 -70.547329 -64.120501 10569.957105 -64.120501 0.001348
342 3420.000000 6.346742 -70.533907 -64.187165 10438.242624 -64.187165 0.001327
343 3430.000000 6.211026 -70.517750 -64.306724 10215.035414 -64.306724 0.001307
344 3440.000000 6.271035 -70.506831 -64.235796 10313.730505 -64.235796 0.001293
345 3450.000000 6.303838 -70.501423 -64.197586 10367.679472 -64.197586 0.001284
346 3460.000000 6.514714 -70.478281 -63.963567 10714.500116 -63.963567 0.001280
347 3470.000000 6.932338 -70.434278 -63.501940 11401.349623 -63.501940 0.001275
348 3480.000000 6.830759 -70.359863 -63.529103 11234.287463 -63.529103 0.001279
349 3490.000000 6.771891 -70.279741 -63.507851 11137.468476 -63.507851 0.001287
350 3500.000000 6.738185 -70.215952 -63.477767 11082.033683 -63.477767 0.001292
351 3510.000000 6.738620 -70.191804 -63.453184 11082.749272 -63.453184 0.001294
352 3520.000000 6.538407 -70.218266 -63.679859 10753.466357 -63.679859 0.001283
353 3530.000000 6.474053 -70.259247 -63.785193 10647.627045 -63.785193 0.001270
354 3540.000000 6.545992 -70.295472 -63.749480 10765.941357 -63.749480 0.001258
355 3550.000000 6.342541 -70.330485 -63.987945 10431.332799 -63.987945 0.001252
356 3560.000000 6.490259 -70.349609 -63.859351 10674.279280 -63.859351 0.001250
357 3570.000000 6.275198 -70.341858 -64.066660 10320.576913 -64.066660 0.001255
358 3580.000000 6.349581 -70.326419 -63.976838 10442.911948 -63.976838 0.001260
359 3590.000000 6.221660 -70.323803 -64.102143 10232.525545 -64.102143 0.001263
360 3600.000000 6.271695 -70.333300 -64.061605 10314.816323 -64.061605 0.001262
361 3610.000000 6.072602 -70.355740 -64.283138 9987.375807 -64.283138 0.001261
362 3620.000000 5.804866 -70.390883 -64.586017 9547.039734 -64.586017 0.001257
363 3630.000000 5.883963 -70.432345 -64.548382 9677.128372 -64.548382 0.001254
364 3640.000000 6.097522 -70.469909 -64.372387 10028.360040 -64.372387 0.001253
365 3650.000000 6.132237 -70.495690 -64.363453 10085.454698 -64.363453 0.001255
366 3660.000000 6.283466 -70.514636 -64.231170 10334.175134 -64.231170 0.001263
367 3670.000000 6.278940 -70.522492 -64.243552 10326.732076 -64.243552 0.001275
368 3680.000000 6.388329 -70.522703 -64.134374 10506.638892 -64.134374 0.001293
369 3690.000000 6.430774 -70.516685 -64.085910 10576.447613 -64.085910 0.001313
370 3700.000000 6.260778 -70.498285 -64.237507 10296.861621 -64.237507 0.001337
371 3710.000000 6.453628 -70.483631 -64.030003 10614.033354 -64.030003 0.001366
372 3720.000000 6.230807 -70.468066 -64.237259 10247.568683 -64.237259 0.001392
373 3730.000000 6.136240 -70.466134 -64.329894 10092.038597 -64.329894 0.001411
374 3740.000000 6.126563 -70.478295 -64.351732 10076.123143 -64.351732 0.001422
375 3750.000000 6.359298 -70.470467 -64.111170 10458.892326 -64.111170 0.001431
376 3760.000000 6.150482 -70.444831 -64.294349 10115.461539 -64.294349 0.001438
377 3770.000000 6.201105 -70.419254 -64.218149 10198.719840 -64.218149 0.001440
378 3780.000000 6.432794 -70.397480 -63.964686 10579.769215 -63.964686 0.001438
379 3790.000000 6.178764 -70.380131 -64.201367 10161.976030 -64.201367 0.001434
380 3800.000000 5.935043 -70.398226 -64.463183 9761.137020 -64.463183 0.001422
381 3810.000000 6.118139 -70.450811 -64.332671 10062.268832 -64.332671 0.001404
382 3820.000000 6.038925 -70.484841 -64.445916 9931.988044 -64.445916 0.001391
383 3830.000000 5.947889 -70.503119 -64.555230 9782.264129 -64.555230 0.001384
384 3840.000000 5.708885 -70.504947 -64.796062 9389.184043 -64.796062 0.001386
385 3850.000000 5.788465 -70.472309 -64.683844 9520.065915 -64.683844 0.001401
386 3860.000000 6.033011 -70.421899 -64.388888 9922.261951 -64.388888 0.001420
387 3870.000000 6.027702 -70.390348 -64.362646 9913.529289 -64.362646 0.001435
388 3880.000000 6.154370 -70.411179 -64.256810 10121.855556 -64.256810 0.001445
389 3890.000000 5.876138 -70.450259 -64.574121 9664.258619 -64.574121 0.001450
390 3900.000000 5.951430 -70.466133 -64.514702 9788.088556 -64.514702 0.001462
391 3910.000000 5.850170 -70.447160 -64.596990 9621.550043 -64.596990 0.001481
392 3920.000000 6.092170 -70.432569 -64.340399 10019.557811 -64.340399 0.001500
393 3930.000000 6.280435 -70.424695 -64.144260 10329.190141 -64.144260 0.001516
394 3940.000000 6.257578 -70.391094 -64.133516 10291.597786 -64.133516 0.001532
395 3950.000000 6.265335 -70.348806 -64.083471 10304.356336 -64.083471 0.001546
396 3960.000000 6.279881 -70.299810 -64.019928 10328.279268 -64.019928 0.001559
397 3970.000000 6.185653 -70.259018 -64.073365 10173.306560 -64.073365 0.001561
398 3980.000000 6.207937 -70.230468 -64.022532 10209.955142 -64.022532 0.001552
399 3990.000000 6.285421 -70.218842 -63.933420 10337.390980 -63.933420 0.001536
400 4000.000000 6.023090 -70.209467 -64.186377 9905.944879 -64.186377 0.001521
401 4010.000000 5.780341 -70.207534 -64.427193 9506.704546 -64.427193 0.001505
402 4020.000000 5.763763 -70.214360 -64.450597 9479.439841 -64.450597 0.001489
403 4030.000000 5.755698 -70.212798 -64.457100 9466.175813 -64.457100 0.001475
404 4040.000000 5.752199 -70.205730 -64.453531 9460.420360 -64.453531 0.001467
405 4050.000000 5.719114 -70.226960 -64.507847 9406.006576 -64.507847 0.001455
406 4060.000000 5.753180 -70.265635 -64.512455 9462.033482 -64.512455 0.001442
407 4070.000000 5.883900 -70.295730 -64.411830 9677.023924 -64.411830 0.001438
408 4080.000000 6.141481 -70.321244 -64.179762 10100.658376 -64.179762 0.001436
409 4090.000000 6.034337 -70.339154 -64.304817 9924.443012 -64.304817 0.001442
410 4100.000000 6.135605 -70.344555 -64.208950 10090.993323 -64.208950 0.001455
411 4110.000000 6.012899 -70.348735 -64.335836 9889.183395 -64.335836 0.001473
412 4120.000000 6.258470 -70.363422 -64.104952 10293.065410 -64.104952 0.001489
413 4130.000000 6.089329 -70.337509 -64.248180 10014.886286 -64.248180 0.001510
414 4140.000000 6.157207 -70.286951 -64.129744 10126.521938 -64.129744 0.001527
415 4150.000000 6.141308 -70.248245 -64.106938 10100.372702 -64.106938 0.001537
416 4160.000000 6.322061 -70.249537 -63.927475 10397.650982 -63.927475 0.001535
417 4170.000000 6.044133 -70.279462 -64.235329 9940.552966 -64.235329 0.001520
418 4180.000000 6.118033 -70.334066 -64.216032 10062.094600 -64.216032 0.001496
419 4190.000000 6.195657 -70.386476 -64.190819 10189.758741 -64.190819 0.001469
420 4200.000000 6.211544 -70.405717 -64.194173 10215.888253 -64.194173 0.001446
421 4210.000000 6.498416 -70.415794 -63.917378 10687.694828 -63.917378 0.001419
422 4220.000000 6.469399 -70.414269 -63.944869 10639.972773 -63.944869 0.001395
423 4230.000000 6.424150 -70.417698 -63.993549 10565.552226 -63.993549 0.001368
424 4240.000000 6.291684 -70.424491 -64.132807 10347.690849 -64.132807 0.001339
425 4250.000000 6.189835 -70.430616 -64.240782 10180.183622 -64.240782 0.001317
426 4260.000000 6.196421 -70.455767 -64.259346 10191.014971 -64.259346 0.001292
427 4270.000000 6.315798 -70.486406 -64.170608 10387.350042 -64.170608 0.001266
428 4280.000000 6.379114 -70.512494 -64.133380 10491.483452 -64.133380 0.001243
429 4290.000000 6.139620 -70.532668 -64.393048 10097.596942 -64.393048 0.001231
430 4300.000000 6.473049 -70.537489 -64.064440 10645.974435 -64.064440 0.001226
431 4310.000000 6.344037 -70.535389 -64.191352 10433.793482 -64.191352 0.001229
432 4320.000000 6.466458 -70.531229 -64.064771 10635.134950 -64.064771 0.001234
433 4330.000000 6.316469 -70.527499 -64.211030 10388.453942 -64.211030 0.001246
434 4340.000000 6.468086 -70.524366 -64.056280 10637.812129 -64.056280 0.001259
435 4350.000000 5.970705 -70.519946 -64.549241 9819.789524 -64.549241 0.001274
436 4360.000000 6.024261 -70.513745 -64.489484 9907.870930 -64.489484 0.001294
437 4370.000000 5.939439 -70.495233 -64.555794 9768.366448 -64.555794 0.001317
438 4380.000000 5.589406 -70.471908 -64.882501 9192.681862 -64.882501 0.001342
439 4390.000000 5.672764 -70.436473 -64.763709 9329.777740 -64.763709 0.001368
440 4400.000000 5.636285 -70.435446 -64.799162 9269.780784 -64.799162 0.001382
441 4410.000000 5.671907 -70.455198 -64.783290 9328.368171 -64.783290 0.001392
442 4420.000000 5.903873 -70.494883 -64.591010 9709.873619 -64.591010 0.001400
443 4430.000000 5.947564 -70.530451 -64.582887 9781.729372 -64.582887 0.001406
444 4440.000000 5.927315 -70.551811 -64.624496 9748.427514 -64.624496 0.001416
445 4450.000000 5.979569 -70.553136 -64.573567 9834.368039 -64.573567 0.001431
446 4460.000000 6.091411 -70.549029 -64.457618 10018.310151 -64.457618 0.001444
447 4470.000000 6.020321 -70.537130 -64.516809 9901.389989 -64.516809 0.001457
448 4480.000000 6.182741 -70.528653 -64.345912 10168.516270 -64.345912 0.001468
449 4490.000000 6.140841 -70.533930 -64.393089 10099.605010 -64.393089 0.001478
450 4500.000000 6.055424 -70.568870 -64.513447 9959.122915 -64.513447 0.001486
451 4510.000000 6.003375 -70.612344 -64.608968 9873.520339 -64.608968 0.001485
452 4520.000000 5.897103 -70.648433 -64.751330 9698.739011 -64.751330 0.001483
453 4530.000000 5.998442 -70.679331 -64.680889 9865.407348 -64.680889 0.001479
454 4540.000000 5.988465 -70.690356 -64.701891 9848.998669 -64.701891 0.001478
455 4550.000000 6.206075 -70.696342 -64.490267 10206.893321 -64.490267 0.001472
456 4560.000000 6.302881 -70.697423 -64.394541 10366.106973 -64.394541 0.001462
457 4570.000000 6.418932 -70.696475 -64.277543 10556.970161 -64.277543 0.001453
458 4580.000000 6.497553 -70.698920 -64.201367 10686.275825 -64.201367 0.001445
459 4590.000000 6.443078 -70.693533 -64.250455 10596.682616 -64.250455 0.001437
460 4600.000000 6.297090 -70.674450 -64.377360 10356.581420 -64.377360 0.001437
461 4610.000000 6.202810 -70.677254 -64.474444 10201.523094 -64.474444 0.001437
462 4620.000000 6.084935 -70.696999 -64.612064 10007.659045 -64.612064 0.001432
463 4630.000000 6.099707 -70.716978 -64.617270 10031.954444 -64.617270 0.001427
464 4640.000000 6.075130 -70.718799 -64.643669 9991.533347 -64.643669 0.001419
465 4650.000000 6.028618 -70.704234 -64.675617 9915.035809 -64.675617 0.001411
466 4660.000000 6.193562 -70.669648 -64.476087 10186.312694 -64.476087 0.001409
467 4670.000000 5.913387 -70.623144 -64.709757 9725.520943 -64.709757 0.001411
468 4680.000000 5.950701 -70.572463 -64.621762 9786.890173 -64.621762 0.001414
469 4690.000000 5.862478 -70.532313 -64.669835 9641.792686 -64.669835 0.001417
470 4700.000000 5.861287 -70.486339 -64.625052 9639.833885 -64.625052 0.001420
471 4710.000000 6.100779 -70.430857 -64.330078 10033.717666 -64.330078 0.001430
472 4720.000000 6.095283 -70.380718 -64.285436 10024.677241 -64.285436 0.001435
473 4730.000000 5.836986 -70.339550 -64.502563 9599.867011 -64.502563 0.001440
474 4740.000000 5.762160 -70.317959 -64.555800 9476.802942 -64.555800 0.001444
475 4750.000000 5.837637 -70.348613 -64.510976 9600.937522 -64.510976 0.001433
476 4760.000000 5.678042 -70.394868 -64.716827 9338.456806 -64.716827 0.001412
477 4770.000000 5.815221 -70.442865 -64.627644 9564.071320 -64.627644 0.001391
478 4780.000000 5.778119 -70.482324 -64.704206 9503.049618 -64.704206 0.001375
479 4790.000000 5.583325 -70.502336 -64.919011 9182.680932 -64.919011 0.001359
480 4800.000000 5.618842 -70.514528 -64.895686 9241.093699 -64.895686 0.001344
481 4810.000000 5.834377 -70.513096 -64.678719 9595.575740 -64.678719 0.001329
482 4820.000000 5.950344 -70.503484 -64.553140 9786.302212 -64.553140 0.001318
483 4830.000000 6.386755 -70.495670 -64.108915 10504.050458 -64.108915 0.001309
484 4840.000000 6.395172 -70.494066 -64.098894 10517.893472 -64.098894 0.001299
485 4850.000000 6.147634 -70.494429 -64.346795 10110.777661 -64.346795 0.001293
486 4860.000000 6.431552 -70.485427 -64.053875 10577.727270 -64.053875 0.001289
487 4870.000000 6.382381 -70.467325 -64.084944 10496.857466 -64.084944 0.001289
488 4880.000000 6.567184 -70.431377 -63.864193 10800.795158 -63.864193 0.001298
489 4890.000000 6.190909 -70.408901 -64.217992 10181.950493 -64.217992 0.001307
490 4900.000000 6.142020 -70.398640 -64.256621 10101.543866 -64.256621 0.001315
491 4910.000000 6.125670 -70.430922 -64.305252 10074.654278 -64.305252 0.001315
492 4920.000000 6.241297 -70.482007 -64.240710 10264.821993 -64.240710 0.001306
493 4930.000000 6.243766 -70.538438 -64.294672 10268.881869 -64.294672 0.001291
494 4940.000000 6.286025 -70.577046 -64.291021 10338.383079 -64.291021 0.001278
495 4950.000000 6.091526 -70.588651 -64.497125 10018.499487 -64.497125 0.001277
496 4960.000000 6.394479 -70.578201 -64.183722 10516.753376 -64.183722 0.001287
497 4970.000000 6.324374 -70.547053 -64.222679 10401.454834 -64.222679 0.001302
498 4980.000000 5.959607 -70.517035 -64.557428 9801.536758 -64.557428 0.001322
499 4990.000000 5.798971 -70.491273 -64.692301 9537.345382 -64.692301 0.001345
500 5000.000000 5.649252 -70.473584 -64.824332 9291.107804 -64.824332 0.001365
501 5010.000000 5.809760 -70.456120 -64.646361 9555.088929 -64.646361 0.001380
502 5020.000000 5.955075 -70.449721 -64.494646 9794.083045 -64.494646 0.001391
503 5030.000000 5.808789 -70.471396 -64.662607 9553.492536 -64.662607 0.001396
504 5040.000000 6.025734 -70.511866 -64.486131 9910.293690 -64.486131 0.001399
505 5050.000000 5.896122 -70.543868 -64.647746 9697.126033 -64.647746 0.001409
506 5060.000000 6.058676 -70.586219 -64.527543 9964.471507 -64.527543 0.001413
507 5070.000000 5.983577 -70.621734 -64.638156 9840.959978 -64.638156 0.001411
508 5080.000000 6.083849 -70.638626 -64.554776 10005.873519 -64.554776 0.001409
509 5090.000000 6.101331 -70.652836 -64.551505 10034.625112 -64.551505 0.001404
510 5100.000000 6.086289 -70.657902 -64.571613 10009.886236 -64.571613 0.001399
511 5110.000000 5.904894 -70.649374 -64.744480 9711.552901 -64.744480 0.001397
512 5120.000000 5.972714 -70.646838 -64.674125 9823.092658 -64.674125 0.001391
513 5130.000000 5.995135 -70.655316 -64.660181 9859.968366 -64.660181 0.001382
514 5140.000000 6.054619 -70.657874 -64.603255 9957.798629 -64.603255 0.001373
515 5150.000000 5.816713 -70.657173 -64.840460 9566.523864 -64.840460 0.001363
516 5160.000000 5.784337 -70.646453 -64.862116 9513.277076 -64.862116 0.001358
517 5170.000000 5.850079 -70.634835 -64.784756 9621.400916 -64.784756 0.001350
518 5180.000000 6.040203 -70.627175 -64.586972 9934.089305 -64.586972 0.001339
519 5190.000000 5.990888 -70.610540 -64.619652 9852.983163 -64.619652 0.001331
520 5200.000000 5.886430 -70.596373 -64.709943 9681.185508 -64.709943 0.001325
521 5210.000000 5.746538 -70.588112 -64.841574 9451.109782 -64.841574 0.001319
522 5220.000000 5.621477 -70.582823 -64.961346 9245.427636 -64.961346 0.001313
523 5230.000000 5.632262 -70.564937 -64.932675 9263.164696 -64.932675 0.001312
524 5240.000000 5.821218 -70.546304 -64.725086 9573.933095 -64.725086 0.001310
525 5250.000000 5.739581 -70.549624 -64.810044 9439.667829 -64.810044 0.001306
526 5260.000000 5.834125 -70.569006 -64.734881 9595.161139 -64.734881 0.001301
527 5270.000000 6.019445 -70.605975 -64.586530 9899.949752 -64.586530 0.001302
528 5280.000000 6.250082 -70.648598 -64.398516 10279.269843 -64.398516 0.001314
529 5290.000000 6.378246 -70.683195 -64.304949 10490.055462 -64.304949 0.001328
530 5300.000000 6.465881 -70.724275 -64.258394 10634.185481 -64.258394 0.001342
531 5310.000000 6.640512 -70.748337 -64.107825 10921.394556 -64.107825 0.001363
532 5320.000000 6.799055 -70.748247 -63.949191 11182.145104 -63.949191 0.001391
533 5330.000000 6.781362 -70.734800 -63.953438 11153.045663 -63.953438 0.001416
534 5340.000000 6.694628 -70.707917 -64.013289 11010.397925 -64.013289 0.001443
535 5350.000000 6.627179 -70.690090 -64.062911 10899.466172 -64.062911 0.001461
536 5360.000000 6.490434 -70.686149 -64.195715 10674.567803 -64.195715 0.001475
537 5370.000000 6.580109 -70.673609 -64.093499 10822.052806 -64.093499 0.001481
538 5380.000000 6.418965 -70.658458 -64.239493 10557.025754 -64.239493 0.001478
539 5390.000000 6.181239 -70.686036 -64.504797 10166.046034 -64.504797 0.001462
540 5400.000000 6.104570 -70.741888 -64.637319 10039.951765 -64.637319 0.001432
541 5410.000000 5.966862 -70.795038 -64.828175 9813.469364 -64.828175 0.001395
542 5420.000000 6.093465 -70.839391 -64.745926 10021.688376 -64.745926 0.001366
543 5430.000000 6.309017 -70.872767 -64.563750 10376.197517 -64.563750 0.001345
544 5440.000000 6.095600 -70.870068 -64.774468 10025.198771 -64.774468 0.001335
545 5450.000000 6.064317 -70.831502 -64.767185 9973.749037 -64.767185 0.001340
546 5460.000000 6.100594 -70.776209 -64.675614 10033.413313 -64.675614 0.001352
547 5470.000000 6.084604 -70.724300 -64.639696 10007.114359 -64.639696 0.001361
548 5480.000000 6.154582 -70.702911 -64.548328 10122.205337 -64.548328 0.001360
549 5490.000000 6.006564 -70.694516 -64.687952 9878.765615 -64.687952 0.001353
550 5500.000000 5.805214 -70.691352 -64.886138 9547.612560 -64.886138 0.001347
551 5510.000000 5.548375 -70.672882 -65.124506 9125.199890 -65.124506 0.001339
552 5520.000000 5.655837 -70.648607 -64.992770 9301.938417 -64.992770 0.001331
553 5530.000000 5.676996 -70.615224 -64.938228 9336.737070 -64.938228 0.001319
554 5540.000000 5.655081 -70.587146 -64.932065 9300.693959 -64.932065 0.001309
555 5550.000000 5.296487 -70.567871 -65.271384 8710.928445 -65.271384 0.001295
556 5560.000000 5.481073 -70.535801 -65.054728 9014.510041 -65.054728 0.001283
557 5570.000000 5.445411 -70.509757 -65.064346 8955.858015 -65.064346 0.001271
558 5580.000000 5.148759 -70.500295 -65.351536 8467.966200 -65.351536 0.001263
559 5590.000000 4.976923 -70.501642 -65.524719 8185.353854 -65.524719 0.001248
560 5600.000000 5.105888 -70.497371 -65.391483 8397.457142 -65.391483 0.001236
561 5610.000000 5.103562 -70.495091 -65.391529 8393.631865 -65.391529 0.001225
562 5620.000000 5.140602 -70.486415 -65.345812 8454.551385 -65.345812 0.001221
563 5630.000000 5.228082 -70.483452 -65.255370 8598.425628 -65.255370 0.001223
564 5640.000000 5.402021 -70.473871 -65.071851 8884.496029 -65.071851 0.001225
565 5650.000000 5.337432 -70.466036 -65.128605 8778.268625 -65.128605 0.001233
566 5660.000000 5.303065 -70.457927 -65.154862 8721.747930 -65.154862 0.001244
567 5670.000000 5.353707 -70.456894 -65.103187 8805.036604 -65.103187 0.001254
568 5680.000000 5.301019 -70.444780 -65.143762 8718.381621 -65.143762 0.001267
569 5690.000000 5.339492 -70.428408 -65.088915 8781.657652 -65.088915 0.001286
570 5700.000000 5.417765 -70.407632 -64.989867 8910.389475 -64.989867 0.001310
571 5710.000000 5.534720 -70.381998 -64.847279 9102.740853 -64.847279 0.001335
572 5720.000000 5.598123 -70.345711 -64.747588 9207.018340 -64.747588 0.001359
573 5730.000000 5.703250 -70.301744 -64.598494 9379.916991 -64.598494 0.001380
574 5740.000000 5.673746 -70.255557 -64.581811 9331.391695 -64.581811 0.001403
575 5750.000000 5.669769 -70.201738 -64.531968 9324.851957 -64.531968 0.001423
576 5760.000000 5.681155 -70.168128 -64.486972 9343.578221 -64.486972 0.001434
577 5770.000000 5.859151 -70.182157 -64.323007 9636.320042 -64.323007 0.001430
578 5780.000000 6.105156 -70.241701 -64.136546 10040.915370 -64.136546 0.001411
579 5790.000000 6.061730 -70.338063 -64.276333 9969.494511 -64.276333 0.001382
580 5800.000000 6.251594 -70.428344 -64.176749 10281.757268 -64.176749 0.001352
581 5810.000000 6.481943 -70.482727 -64.000784 10660.603065 -64.000784 0.001332
582 5820.000000 6.605289 -70.520154 -63.914865 10863.464362 -63.914865 0.001317
583 5830.000000 6.835932 -70.533877 -63.697945 11242.795337 -63.697945 0.001310
584 5840.000000 6.803043 -70.532201 -63.729158 11188.704148 -63.729158 0.001305
585 5850.000000 6.533847 -70.515340 -63.981494 10745.966461 -63.981494 0.001309
586 5860.000000 6.377510 -70.498155 -64.120645 10488.845258 -64.120645 0.001313
587 5870.000000 6.206905 -70.494198 -64.287293 10208.258219 -64.287293 0.001317
588 5880.000000 6.104444 -70.498324 -64.393880 10039.744575 -64.393880 0.001320
589 5890.000000 6.197888 -70.523711 -64.325823 10193.428341 -64.325823 0.001321
590 5900.000000 6.178506 -70.541524 -64.363018 10161.551214 -64.363018 0.001320
591 5910.000000 6.094318 -70.533041 -64.438723 10023.090493 -64.438723 0.001334
592 5920.000000 6.110549 -70.517117 -64.406568 10049.785514 -64.406568 0.001349
593 5930.000000 5.870472 -70.498837 -64.628365 9654.940536 -64.628365 0.001360
594 5940.000000 5.771445 -70.493047 -64.721602 9492.074147 -64.721602 0.001366
595 5950.000000 5.988380 -70.478331 -64.489951 9848.858384 -64.489951 0.001370
596 5960.000000 5.931431 -70.469321 -64.537889 9755.197502 -64.537889 0.001369
597 5970.000000 5.729055 -70.472349 -64.743294 9422.356257 -64.743294 0.001361
598 5980.000000 5.807103 -70.497315 -64.690212 9550.718669 -64.690212 0.001344
599 5990.000000 5.998027 -70.500749 -64.502722 9864.724827 -64.502722 0.001328
600 6000.000000 5.948414 -70.486458 -64.538044 9783.128707 -64.538044 0.001312
601 6010.000000 5.975829 -70.462027 -64.486198 9828.215884 -64.486198 0.001307
602 6020.000000 5.993590 -70.419399 -64.425809 9857.427014 -64.425809 0.001308
603 6030.000000 5.912459 -70.377365 -64.464907 9723.993653 -64.464907 0.001307
604 6040.000000 5.803532 -70.319236 -64.515704 9544.845897 -64.515704 0.001304
605 6050.000000 5.900577 -70.274164 -64.373587 9704.453120 -64.373587 0.001300
606 6060.000000 5.884865 -70.255569 -64.370704 9678.611349 -64.370704 0.001293
607 6070.000000 6.022212 -70.272644 -64.250432 9904.500432 -64.250432 0.001279
608 6080.000000 5.787204 -70.299307 -64.512103 9517.992929 -64.512103 0.001270
609 6090.000000 5.501503 -70.323652 -64.822149 9048.110501 -64.822149 0.001262
610 6100.000000 5.199221 -70.343127 -65.143907 8550.958329 -65.143907 0.001262
611 6110.000000 5.264074 -70.351292 -65.087218 8657.619520 -65.087218 0.001262
612 6120.000000 5.307129 -70.356502 -65.049374 8728.430937 -65.049374 0.001265
613 6130.000000 5.325822 -70.358340 -65.032518 8759.175513 -65.032518 0.001268
614 6140.000000 5.304880 -70.358671 -65.053792 8724.732165 -65.053792 0.001272
615 6150.000000 5.283456 -70.369209 -65.085753 8689.496832 -65.085753 0.001273
616 6160.000000 5.268914 -70.371494 -65.102580 8665.580726 -65.102580 0.001275
617 6170.000000 5.503503 -70.361811 -64.858308 9051.400246 -64.858308 0.001282
618 6180.000000 5.720752 -70.355291 -64.634539 9408.701826 -64.634539 0.001296
619 6190.000000 5.639343 -70.359568 -64.720225 9274.810458 -64.720225 0.001311
620 6200.000000 5.945818 -70.377609 -64.431791 9778.857859 -64.431791 0.001325
621 6210.000000 5.838254 -70.409213 -64.570959 9601.952397 -64.570959 0.001333
622 6220.000000 5.882491 -70.462506 -64.580015 9674.706921 -64.580015 0.001335
623 6230.000000 6.083521 -70.516703 -64.433181 10005.333880 -64.433181 0.001340
624 6240.000000 6.344595 -70.582728 -64.238133 10434.712117 -64.238133 0.001342
625 6250.000000 6.438741 -70.631990 -64.193249 10589.550544 -64.193249 0.001346
626 6260.000000 6.252095 -70.659628 -64.407533 10282.580519 -64.407533 0.001347
627 6270.000000 6.196645 -70.667813 -64.471168 10191.384151 -64.471168 0.001349
628 6280.000000 6.338771 -70.661836 -64.323065 10425.133031 -64.323065 0.001356
629 6290.000000 6.547596 -70.647943 -64.100347 10768.579598 -64.100347 0.001369
630 6300.000000 6.589441 -70.623311 -64.033870 10837.400423 -64.033870 0.001381
631 6310.000000 6.359137 -70.599521 -64.240384 10458.629070 -64.240384 0.001398
632 6320.000000 6.269823 -70.587693 -64.317870 10311.737773 -64.317870 0.001408
633 6330.000000 6.149880 -70.601112 -64.451232 10114.471385 -64.451232 0.001409
634 6340.000000 6.273731 -70.622351 -64.348620 10318.164925 -64.348620 0.001409
635 6350.000000 6.199316 -70.642548 -64.443231 10195.777245 -64.443231 0.001406
636 6360.000000 6.267675 -70.651299 -64.383624 10308.205094 -64.383624 0.001400
637 6370.000000 6.247170 -70.649743 -64.402573 10274.480268 -64.402573 0.001396
638 6380.000000 6.090329 -70.655946 -64.565617 10016.530351 -64.565617 0.001392
639 6390.000000 5.897595 -70.655360 -64.757766 9699.547321 -64.757766 0.001392
640 6400.000000 5.643451 -70.637328 -64.993877 9281.567463 -64.993877 0.001395
641 6410.000000 5.544118 -70.589342 -65.045223 9118.198601 -65.045223 0.001406
642 6420.000000 5.321253 -70.525659 -65.204406 8751.660529 -65.204406 0.001415
643 6430.000000 5.470594 -70.493838 -65.023244 8997.275760 -65.023244 0.001418
644 6440.000000 5.755333 -70.528912 -64.773579 9465.575436 -64.773579 0.001405
645 6450.000000 5.789591 -70.579882 -64.790290 9521.918462 -64.790290 0.001385
646 6460.000000 5.843921 -70.597811 -64.753890 9611.272987 -64.753890 0.001369
647 6470.000000 6.112735 -70.596169 -64.483434 10053.379640 -64.483434 0.001360
648 6480.000000 6.205267 -70.565884 -64.360617 10205.564507 -64.360617 0.001359
649 6490.000000 6.310298 -70.529272 -64.218974 10378.305388 -64.218974 0.001366
650 6500.000000 6.428337 -70.519594 -64.091258 10572.438611 -64.091258 0.001373
651 6510.000000 6.341884 -70.513364 -64.171480 10430.253519 -64.171480 0.001376
652 6520.000000 6.279914 -70.507746 -64.227832 10328.333164 -64.227832 0.001377
653 6530.000000 6.004296 -70.496777 -64.492482 9875.034187 -64.492482 0.001378
654 6540.000000 6.040056 -70.509863 -64.469807 9933.848531 -64.469807 0.001380
655 6550.000000 6.007015 -70.569570 -64.562556 9879.506442 -64.562556 0.001376
656 6560.000000 6.028352 -70.643196 -64.614844 9914.598513 -64.614844 0.001369
657 6570.000000 6.091545 -70.696709 -64.605164 10018.530096 -64.605164 0.001361
658 6580.000000 6.092140 -70.728991 -64.636851 10019.508971 -64.636851 0.001358
659 6590.000000 6.281843 -70.742294 -64.460451 10331.505502 -64.460451 0.001364
660 6600.000000 6.164705 -70.717046 -64.552341 10138.853848 -64.552341 0.001380
661 6610.000000 6.220950 -70.645245 -64.424295 10231.357494 -64.424295 0.001405
662 6620.000000 6.150943 -70.556967 -64.406024 10116.220214 -64.406024 0.001429
663 6630.000000 6.007875 -70.505743 -64.497868 9880.921464 -64.497868 0.001444
664 6640.000000 6.155300 -70.532211 -64.376911 10123.385988 -64.376911 0.001446
665 6650.000000 6.190033 -70.591225 -64.401192 10180.509810 -64.401192 0.001441
666 6660.000000 6.150956 -70.642921 -64.491965 10116.241015 -64.491965 0.001431
667 6670.000000 6.265189 -70.684725 -64.419536 10304.115058 -64.419536 0.001414
668 6680.000000 6.121165 -70.714093 -64.592928 10067.245722 -64.592928 0.001395
669 6690.000000 5.854143 -70.707496 -64.853353 9628.083962 -64.853353 0.001387
670 6700.000000 5.964061 -70.702987 -64.738926 9808.861419 -64.738926 0.001374
671 6710.000000 6.239714 -70.701708 -64.461994 10262.218619 -64.461994 0.001357
672 6720.000000 6.266419 -70.710661 -64.444242 10306.138856 -64.444242 0.001336
673 6730.000000 6.140140 -70.734489 -64.594349 10098.452939 -64.594349 0.001312
674 6740.000000 6.277420 -70.752249 -64.474830 10324.231018 -64.474830 0.001284
675 6750.000000 6.168654 -70.757592 -64.588938 10145.348533 -64.588938 0.001263
676 6760.000000 6.086689 -70.761675 -64.674986 10010.544004 -64.674986 0.001247
677 6770.000000 6.000153 -70.764883 -64.764730 9868.221369 -64.764730 0.001234
678 6780.000000 5.868839 -70.759983 -64.891144 9652.254170 -64.891144 0.001225
679 6790.000000 6.053268 -70.734958 -64.681690 9955.577476 -64.681690 0.001224
680 6800.000000 6.036669 -70.686510 -64.649840 9928.278234 -64.649840 0.001226
681 6810.000000 5.816969 -70.625116 -64.808147 9566.945281 -64.808147 0.001229
682 6820.000000 5.784401 -70.598428 -64.814027 9513.382435 -64.814027 0.001231
683 6830.000000 5.744730 -70.602707 -64.857977 9448.136721 -64.857977 0.001227
684 6840.000000 5.546366 -70.643080 -65.096715 9121.894553 -65.096715 0.001221
685 6850.000000 5.470049 -70.677644 -65.207595 8996.380082 -65.207595 0.001223
686 6860.000000 5.586408 -70.700817 -65.114409 9187.750251 -65.114409 0.001229
687 6870.000000 5.686535 -70.724979 -65.038444 9352.425224 -65.038444 0.001232
688 6880.000000 5.890577 -70.745001 -64.854424 9688.006496 -64.854424 0.001235
689 6890.000000 6.069857 -70.759825 -64.689968 9982.861033 -64.689968 0.001240
690 6900.000000 6.256312 -70.776584 -64.520272 10289.515444 -64.520272 0.001248
691 6910.000000 6.355433 -70.791712 -64.436280 10452.535735 -64.436280 0.001253
692 6920.000000 6.597051 -70.792931 -64.195880 10849.916544 -64.195880 0.001269
693 6930.000000 6.479251 -70.782370 -64.303119 10656.174786 -64.303119 0.001296
694 6940.000000 6.716943 -70.751370 -64.034427 11047.098391 -64.034427 0.001330
695 6950.000000 6.792601 -70.701556 -63.908954 11171.529991 -63.908954 0.001363
696 6960.000000 6.776320 -70.686933 -63.910613 11144.752484 -63.910613 0.001381
697 6970.000000 6.747664 -70.714474 -63.966810 11097.623499 -63.966810 0.001395
698 6980.000000 6.493778 -70.726890 -64.233113 10680.066510 -64.233113 0.001410
699 6990.000000 6.324521 -70.704607 -64.380086 10401.697343 -64.380086 0.001425
700 7000.000000 6.489773 -70.649400 -64.159627 10673.480855 -64.159627 0.001436
701 7010.000000 6.295309 -70.578147 -64.282838 10353.652345 -64.282838 0.001446
702 7020.000000 6.410939 -70.514774 -64.103835 10543.825155 -64.103835 0.001448
703 7030.000000 6.196172 -70.467430 -64.271258 10190.605510 -64.271258 0.001439
704 7040.000000 6.360276 -70.438442 -64.078166 10460.501813 -64.078166 0.001428
705 7050.000000 6.199730 -70.449477 -64.249746 10196.458104 -64.249746 0.001407
706 7060.000000 6.289213 -70.458530 -64.169317 10343.626874 -64.169317 0.001378
707 7070.000000 6.515019 -70.476537 -63.961518 10715.001232 -63.961518 0.001343
708 7080.000000 6.219880 -70.502049 -64.282168 10229.598024 -64.282168 0.001310
709 7090.000000 6.006403 -70.509115 -64.502711 9878.500764 -64.502711 0.001278
710 7100.000000 6.005401 -70.511365 -64.505963 9876.853138 -64.505963 0.001254
711 7110.000000 6.099098 -70.503387 -64.404289 10030.951647 -64.404289 0.001236
712 7120.000000 6.257238 -70.457016 -64.199778 10291.038979 -64.199778 0.001236
713 7130.000000 6.008516 -70.377590 -64.369074 9881.975160 -64.369074 0.001248
714 7140.000000 6.336292 -70.301479 -63.965187 10421.055968 -63.965187 0.001264
715 7150.000000 6.482649 -70.252298 -63.769649 10661.763424 -63.769649 0.001281
716 7160.000000 6.772956 -70.219927 -63.446971 11139.220228 -63.446971 0.001298
717 7170.000000 6.855428 -70.192454 -63.337025 11274.859819 -63.337025 0.001306
718 7180.000000 6.855507 -70.175177 -63.319669 11274.989477 -63.319669 0.001315
719 7190.000000 6.567935 -70.146422 -63.578487 10802.029642 -63.578487 0.001324
720 7200.000000 6.586746 -70.124053 -63.537308 10832.967614 -63.537308 0.001332
721 7210.000000 6.641245 -70.128069 -63.486824 10922.600500 -63.486824 0.001329
722 7220.000000 6.510026 -70.148839 -63.638813 10706.789910 -63.638813 0.001321
723 7230.000000 6.509786 -70.189787 -63.680001 10706.395570 -63.680001 0.001309
724 7240.000000 6.598956 -70.240973 -63.642017 10853.048705 -63.642017 0.001296
725 7250.000000 6.770190 -70.272635 -63.502446 11134.671050 -63.502446 0.001291
726 7260.000000 6.631541 -70.292014 -63.660473 10906.640694 -63.660473 0.001300
727 7270.000000 6.589122 -70.300316 -63.711194 10836.876020 -63.711194 0.001324
728 7280.000000 6.393514 -70.305644 -63.912130 10515.167400 -63.912130 0.001357
729 7290.000000 6.494252 -70.290263 -63.796011 10680.847241 -63.796011 0.001395
730 7300.000000 6.797576 -70.261035 -63.463459 11179.712605 -63.463459 0.001442
731 7310.000000 6.616526 -70.230866 -63.614341 10881.945521 -63.614341 0.001487
732 7320.000000 6.584150 -70.186092 -63.601942 10828.698435 -63.601942 0.001528
733 7330.000000 6.525297 -70.148345 -63.623048 10731.906029 -63.623048 0.001560
734 7340.000000 6.148111 -70.139689 -63.991579 10111.561316 -63.991579 0.001585
735 7350.000000 6.029111 -70.139869 -64.110758 9915.846872 -64.110758 0.001596
736 7360.000000 5.938653 -70.139362 -64.200709 9767.074679 -64.200709 0.001600
737 7370.000000 6.066889 -70.177390 -64.110501 9977.979443 -64.110501 0.001590
738 7380.000000 6.161251 -70.259707 -64.098456 10133.172607 -64.098456 0.001566
739 7390.000000 6.557190 -70.394202 -63.837012 10784.358847 -63.837012 0.001524
740 7400.000000 6.766232 -70.519633 -63.753400 11128.162668 -63.753400 0.001477
741 7410.000000 6.673994 -70.616003 -63.942009 10976.461712 -63.942009 0.001436
742 7420.000000 6.835116 -70.662522 -63.827405 11241.453492 -63.827405 0.001406
743 7430.000000 7.182685 -70.672474 -63.489789 11813.086135 -63.489789 0.001384
744 7440.000000 7.106859 -70.652485 -63.545626 11688.378441 -63.545626 0.001370
745 7450.000000 7.011716 -70.635136 -63.623420 11531.899974 -63.623420 0.001355
746 7460.000000 7.151474 -70.637946 -63.486472 11761.754315 -63.486472 0.001342
747 7470.000000 6.843028 -70.652804 -63.809776 11254.465143 -63.809776 0.001330
748 7480.000000 6.839750 -70.647136 -63.807386 11249.074318 -63.807386 0.001329
749 7490.000000 6.575503 -70.622777 -64.047274 10814.476653 -64.047274 0.001336
750 7500.000000 6.320576 -70.599464 -64.278889 10395.207913 -64.278889 0.001342
751 7510.000000 6.277854 -70.594187 -64.316333 10324.945323 -64.316333 0.001342
752 7520.000000 6.511328 -70.606650 -64.095321 10708.931790 -64.095321 0.001342
753 7530.000000 6.530680 -70.616831 -64.086151 10740.758505 -64.086151 0.001342
754 7540.000000 6.624644 -70.616091 -63.991447 10895.297737 -63.991447 0.001343
755 7550.000000 6.553708 -70.631575 -64.077866 10778.632392 -64.077866 0.001334
756 7560.000000 6.833417 -70.641784 -63.808367 11238.658359 -63.808367 0.001327
757 7570.000000 6.743687 -70.638141 -63.894454 11091.083411 -63.894454 0.001321
758 7580.000000 6.880218 -70.628551 -63.748334 11315.629633 -63.748334 0.001323
759 7590.000000 6.430631 -70.632737 -64.202106 10576.211366 -64.202106 0.001328
760 7600.000000 6.422500 -70.623680 -64.201179 10562.839766 -64.201179 0.001338
761 7610.000000 6.534587 -70.581946 -64.047359 10747.183489 -64.047359 0.001354
762 7620.000000 6.425295 -70.540841 -64.115547 10567.435482 -64.115547 0.001369
763 7630.000000 6.422060 -70.591736 -64.169676 10562.115446 -64.169676 0.001368
764 7640.000000 6.509105 -70.708212 -64.199107 10705.275546 -64.199107 0.001358
765 7650.000000 6.395158 -70.781595 -64.386436 10517.871432 -64.386436 0.001355
766 7660.000000 6.174744 -70.832490 -64.657745 10155.364873 -64.657745 0.001351
767 7670.000000 6.240702 -70.883575 -64.642873 10263.842600 -64.642873 0.001344
768 7680.000000 6.269343 -70.935483 -64.666140 10310.947063 -64.666140 0.001333
769 7690.000000 6.436786 -70.970543 -64.533756 10586.335448 -64.533756 0.001330
770 7700.000000 6.270494 -70.992045 -64.721550 10312.841277 -64.721550 0.001333
771 7710.000000 6.352284 -70.991752 -64.639468 10447.357836 -64.639468 0.001349
772 7720.000000 6.162701 -70.977317 -64.814616 10135.558000 -64.814616 0.001373
773 7730.000000 5.954023 -70.948164 -64.994141 9792.353608 -64.994141 0.001404
774 7740.000000 6.048219 -70.912099 -64.863880 9947.273475 -64.863880 0.001432
775 7750.000000 6.034573 -70.922422 -64.887849 9924.830886 -64.887849 0.001443
776 7760.000000 6.035810 -70.983775 -64.947964 9926.865230 -64.947964 0.001438
777 7770.000000 6.184223 -71.061978 -64.877755 10170.954074 -64.877755 0.001429
778 7780.000000 6.015549 -71.084335 -65.068786 9893.541931 -65.068786 0.001433
779 7790.000000 5.920718 -71.075966 -65.155248 9737.576761 -65.155248 0.001441
780 7800.000000 5.885992 -71.044402 -65.158409 9680.465302 -65.158409 0.001460
781 7810.000000 6.065506 -71.013916 -64.948410 9975.704776 -64.948410 0.001477
782 7820.000000 5.838560 -70.983439 -65.144879 9602.455903 -65.144879 0.001489
783 7830.000000 5.791899 -70.973738 -65.181839 9525.713777 -65.181839 0.001495
784 7840.000000 5.955990 -70.988014 -65.032024 9795.588204 -65.032024 0.001496
785 7850.000000 5.785605 -70.998678 -65.213073 9515.362917 -65.213073 0.001499
786 7860.000000 5.671181 -71.004496 -65.333315 9327.173138 -65.333315 0.001498
787 7870.000000 5.987959 -70.988878 -65.000919 9848.166057 -65.000919 0.001495
788 7880.000000 5.932384 -70.963328 -65.030945 9756.763313 -65.030945 0.001496
789 7890.000000 5.942262 -70.926304 -64.984042 9773.009493 -64.984042 0.001498
790 7900.000000 5.654403 -70.890535 -65.236133 9299.578848 -65.236133 0.001502
791 7910.000000 5.606623 -70.862319 -65.255696 9220.996677 -65.255696 0.001501
792 7920.000000 5.828885 -70.866424 -65.037539 9586.543471 -65.037539 0.001491
793 7930.000000 5.786907 -70.889256 -65.102350 9517.503368 -65.102350 0.001468
794 7940.000000 5.781965 -70.916372 -65.134408 9509.375085 -65.134408 0.001446
795 7950.000000 5.577023 -70.927837 -65.350814 9172.315848 -65.350814 0.001427
796 7960.000000 5.464244 -70.920688 -65.456445 8986.831825 -65.456445 0.001414
797 7970.000000 5.419371 -70.885494 -65.466124 8913.030977 -65.466124 0.001408
798 7980.000000 5.139755 -70.837415 -65.697661 8453.156799 -65.697661 0.001402
799 7990.000000 5.023814 -70.767396 -65.743582 8262.474435 -65.743582 0.001395
800 8000.000000 5.034627 -70.705689 -65.671062 8280.258021 -65.671062 0.001387
801 8010.000000 5.291047 -70.682052 -65.391005 8701.981082 -65.391005 0.001367
802 8020.000000 5.386795 -70.682579 -65.295783 8859.455179 -65.295783 0.001345
803 8030.000000 5.465420 -70.687859 -65.222439 8988.766593 -65.222439 0.001320
804 8040.000000 5.396206 -70.683406 -65.287200 8874.932774 -65.287200 0.001295
805 8050.000000 5.306502 -70.675609 -65.369107 8727.399462 -65.369107 0.001275
806 8060.000000 5.561710 -70.648159 -65.086450 9147.130399 -65.086450 0.001264
807 8070.000000 5.650314 -70.602777 -64.952464 9292.853748 -64.952464 0.001257
808 8080.000000 5.702451 -70.535704 -64.833253 9378.601602 -64.833253 0.001257
809 8090.000000 5.924313 -70.474340 -64.550027 9743.489745 -64.550027 0.001256
810 8100.000000 6.132608 -70.422108 -64.289500 10086.064724 -64.289500 0.001254
811 8110.000000 6.382495 -70.387962 -64.005467 10497.044275 -64.005467 0.001255
812 8120.000000 6.655904 -70.386075 -63.730171 10946.709591 -63.730171 0.001260
813 8130.000000 6.821113 -70.402934 -63.581821 11218.421724 -63.581821 0.001269
814 8140.000000 6.861089 -70.403171 -63.542082 11284.169962 -63.542082 0.001287
815 8150.000000 6.598864 -70.390633 -63.791769 10852.897593 -63.791769 0.001304
816 8160.000000 6.398997 -70.384527 -63.985530 10524.184950 -63.985530 0.001320
817 8170.000000 6.393591 -70.396584 -64.002994 10515.292869 -64.002994 0.001326
818 8180.000000 6.483603 -70.393301 -63.909699 10663.332121 -63.909699 0.001333
819 8190.000000 6.629691 -70.377673 -63.747982 10903.598131 -63.747982 0.001345
820 8200.000000 6.430276 -70.339400 -63.909125 10575.627403 -63.909125 0.001363
821 8210.000000 6.328766 -70.321868 -63.993102 10408.678242 -63.993102 0.001374
822 8220.000000 6.414057 -70.312241 -63.898184 10548.952928 -63.898184 0.001388
823 8230.000000 6.474454 -70.296572 -63.822118 10648.285480 -63.822118 0.001404
824 8240.000000 6.561130 -70.284478 -63.723348 10790.838518 -63.723348 0.001411
825 8250.000000 6.410724 -70.272429 -63.861704 10543.471966 -63.861704 0.001415
826 8260.000000 6.340512 -70.255200 -63.914688 10427.996667 -63.914688 0.001419
827 8270.000000 6.372825 -70.245409 -63.872584 10481.139969 -63.872584 0.001424
828 8280.000000 6.461140 -70.259471 -63.798331 10626.389547 -63.798331 0.001417
829 8290.000000 6.223839 -70.280821 -64.056982 10236.108694 -64.056982 0.001402
830 8300.000000 6.290386 -70.301752 -64.011365 10345.556523 -64.011365 0.001386
831 8310.000000 6.436983 -70.309939 -63.872956 10586.658512 -63.872956 0.001377
832 8320.000000 6.535800 -70.297140 -63.761340 10749.178812 -63.761340 0.001369
833 8330.000000 6.629091 -70.270148 -63.641057 10902.611432 -63.641057 0.001367
834 8340.000000 6.604448 -70.219626 -63.615178 10862.082674 -63.615178 0.001369
835 8350.000000 6.646889 -70.151361 -63.504472 10931.883254 -63.504472 0.001374
836 8360.000000 6.384315 -70.105539 -63.721224 10500.037488 -63.721224 0.001373
837 8370.000000 6.291199 -70.075039 -63.783840 10346.893469 -63.783840 0.001372
838 8380.000000 6.253662 -70.049251 -63.795589 10285.157020 -63.795589 0.001369
839 8390.000000 6.043273 -70.018448 -63.975175 9939.139179 -63.975175 0.001361
840 8400.000000 5.932827 -69.989439 -64.056612 9757.493131 -64.056612 0.001356
841 8410.000000 5.925476 -69.981650 -64.056174 9745.402245 -64.056174 0.001348
842 8420.000000 5.922966 -70.012866 -64.089900 9741.275149 -64.089900 0.001332
843 8430.000000 6.085696 -70.027694 -63.941998 10008.909725 -63.941998 0.001318
844 8440.000000 6.449199 -70.042939 -63.593740 10606.749990 -63.593740 0.001300
845 8450.000000 6.594618 -70.054089 -63.459471 10845.914907 -63.459471 0.001288
846 8460.000000 6.746558 -70.063262 -63.316704 11095.804541 -63.316704 0.001279
847 8470.000000 6.615220 -70.048630 -63.433410 10879.797942 -63.433410 0.001276
848 8480.000000 6.397414 -70.035187 -63.637773 10521.580274 -63.637773 0.001273
849 8490.000000 6.028758 -70.024417 -63.995659 9915.267279 -63.995659 0.001270
850 8500.000000 6.116406 -70.033510 -63.917104 10059.418312 -63.917104 0.001265
851 8510.000000 6.068318 -70.090102 -64.021784 9980.329847 -64.021784 0.001252
852 8520.000000 6.117114 -70.164693 -64.047579 10060.582986 -64.047579 0.001245
853 8530.000000 6.182149 -70.238713 -64.056564 10167.543149 -64.056564 0.001239
854 8540.000000 6.268577 -70.301124 -64.032547 10309.687977 -64.032547 0.001239
855 8550.000000 6.306701 -70.338058 -64.031357 10372.389273 -64.031357 0.001246
856 8560.000000 6.264136 -70.334738 -64.070603 10302.383405 -64.070603 0.001264
857 8570.000000 6.473757 -70.305288 -63.831531 10647.139392 -63.831531 0.001285
858 8580.000000 6.666896 -70.259946 -63.593050 10964.787647 -63.593050 0.001309
859 8590.000000 6.327657 -70.230608 -63.902951 10406.854478 -63.902951 0.001329
860 8600.000000 6.397444 -70.247243 -63.849799 10521.630565 -63.849799 0.001335
861 8610.000000 6.478857 -70.303670 -63.824813 10655.527555 -63.824813 0.001333
862 8620.000000 6.491355 -70.379268 -63.887912 10676.082325 -63.887912 0.001323
863 8630.000000 6.551013 -70.442217 -63.891204 10774.199717 -63.891204 0.001314
864 8640.000000 6.606232 -70.480094 -63.873862 10865.015937 -63.873862 0.001311
865 8650.000000 6.761466 -70.515050 -63.753584 11120.323839 -63.753584 0.001307
866 8660.000000 6.780240 -70.535416 -63.755176 11151.199499 -63.755176 0.001305
867 8670.000000 6.580380 -70.564145 -63.983766 10822.497994 -63.983766 0.001302
868 8680.000000 6.732803 -70.596992 -63.864188 11073.183112 -63.864188 0.001299
869 8690.000000 6.917456 -70.631630 -63.714173 11376.874788 -63.714173 0.001301
870 8700.000000 6.780707 -70.680280 -63.899573 11151.968880 -63.899573 0.001300
871 8710.000000 6.585601 -70.733986 -64.148386 10831.084317 -64.148386 0.001300
872 8720.000000 6.552147 -70.779872 -64.227725 10776.064997 -64.227725 0.001306
873 8730.000000 6.366904 -70.794787 -64.427883 10471.402455 -64.427883 0.001315
874 8740.000000 6.125739 -70.773019 -64.647280 10074.767700 -64.647280 0.001330
875 8750.000000 6.163178 -70.695782 -64.532604 10136.342460 -64.532604 0.001356
876 8760.000000 6.191774 -70.561597 -64.369823 10183.372187 -64.369823 0.001392
877 8770.000000 6.239830 -70.401111 -64.161280 10262.409304 -64.161280 0.001428
878 8780.000000 6.127499 -70.279754 -64.152255 10077.662587 -64.152255 0.001450
879 8790.000000 6.119415 -70.198286 -64.078870 10064.367199 -64.078870 0.001455
880 8800.000000 6.110460 -70.167704 -64.057244 10049.638878 -64.057244 0.001442
881 8810.000000 5.833306 -70.175759 -64.342453 9593.814220 -64.342453 0.001417
882 8820.000000 6.022079 -70.217099 -64.195021 9904.281237 -64.195021 0.001382
883 8830.000000 6.036091 -70.253514 -64.217423 9927.327187 -64.217423 0.001347
884 8840.000000 6.109551 -70.289179 -64.179629 10048.143250 -64.179629 0.001308
885 8850.000000 6.143578 -70.306483 -64.162905 10104.106475 -64.162905 0.001270
886 8860.000000 6.047229 -70.322107 -64.274879 9945.644448 -64.274879 0.001235
887 8870.000000 6.069695 -70.326620 -64.256925 9982.593736 -64.256925 0.001208
888 8880.000000 6.052643 -70.317750 -64.265107 9954.549420 -64.265107 0.001189
889 8890.000000 5.990672 -70.309315 -64.318643 9852.627948 -64.318643 0.001177
890 8900.000000 6.246647 -70.297455 -64.050808 10273.620418 -64.050808 0.001176
891 8910.000000 6.136939 -70.291470 -64.154531 10093.188224 -64.154531 0.001181
892 8920.000000 5.890980 -70.278354 -64.387374 9688.669192 -64.387374 0.001194
893 8930.000000 5.713283 -70.251879 -64.538596 9396.416556 -64.538596 0.001211
894 8940.000000 5.600652 -70.213344 -64.612693 9211.176583 -64.612693 0.001237
895 8950.000000 5.589017 -70.214775 -64.625759 9192.041447 -64.625759 0.001256
896 8960.000000 6.067834 -70.222328 -64.154494 9979.533564 -64.154494 0.001271
897 8970.000000 6.331839 -70.228395 -63.896556 10413.731974 -63.896556 0.001286
898 8980.000000 6.312188 -70.220477 -63.908288 10381.413331 -63.908288 0.001306
899 8990.000000 6.310047 -70.252961 -63.942915 10377.891157 -63.942915 0.001317
900 9000.000000 6.443515 -70.346365 -63.902851 10597.401237 -63.902851 0.001310
901 9010.000000 6.647313 -70.415872 -63.768559 10932.580964 -63.768559 0.001308
902 9020.000000 6.600166 -70.449761 -63.849594 10855.040228 -63.849594 0.001316
903 9030.000000 6.700479 -70.461346 -63.760868 11020.019708 -63.760868 0.001325
904 9040.000000 6.477834 -70.445740 -63.967906 10653.845166 -63.967906 0.001340
905 9050.000000 6.290635 -70.419490 -64.128854 10345.966054 -64.128854 0.001354
906 9060.000000 6.042759 -70.399539 -64.356779 9938.293938 -64.356779 0.001370
907 9070.000000 6.170089 -70.375951 -64.205861 10147.709012 -64.205861 0.001389
908 9080.000000 6.019461 -70.367256 -64.347795 9899.976752 -64.347795 0.001398
909 9090.000000 6.226645 -70.356224 -64.129578 10240.724046 -64.129578 0.001403
910 9100.000000 6.348341 -70.356035 -64.007694 10440.872190 -64.007694 0.001402
911 9110.000000 6.376432 -70.365476 -63.989045 10487.072235 -63.989045 0.001396
912 9120.000000 6.461935 -70.366293 -63.904359 10627.695863 -63.904359 0.001389
913 9130.000000 6.500625 -70.368141 -63.867517 10691.327478 -63.867517 0.001376
914 9140.000000 6.722667 -70.380481 -63.657814 11056.512227 -63.657814 0.001359
915 9150.000000 6.698967 -70.387771 -63.688804 11017.534228 -63.688804 0.001337
916 9160.000000 6.705555 -70.374462 -63.668907 11028.368285 -63.668907 0.001318
917 9170.000000 6.701113 -70.347087 -63.645975 11021.062760 -63.645975 0.001306
918 9180.000000 6.710452 -70.316670 -63.606219 11036.421888 -63.606219 0.001296
919 9190.000000 6.767003 -70.295689 -63.528686 11129.429196 -63.528686 0.001288
920 9200.000000 6.621404 -70.277469 -63.656065 10889.968205 -63.656065 0.001286
921 9210.000000 6.656445 -70.259108 -63.602662 10947.600113 -63.602662 0.001294
922 9220.000000 6.502478 -70.230118 -63.727639 10694.376212 -63.727639 0.001309
923 9230.000000 6.383220 -70.198640 -63.815420 10498.236190 -63.815420 0.001327
924 9240.000000 6.487122 -70.183344 -63.696221 10669.120977 -63.696221 0.001344
925 9250.000000 6.616458 -70.176355 -63.559897 10881.834966 -63.559897 0.001363
926 9260.000000 6.531807 -70.169734 -63.637927 10742.612367 -63.637927 0.001379
927 9270.000000 6.465600 -70.170022 -63.704422 10633.724677 -63.704422 0.001390
928 9280.000000 6.450060 -70.194641 -63.744581 10608.166245 -63.744581 0.001395
929 9290.000000 6.422059 -70.208166 -63.786107 10562.114345 -63.786107 0.001392
930 9300.000000 6.527232 -70.221725 -63.694493 10735.088060 -63.694493 0.001393
931 9310.000000 6.220724 -70.228728 -64.008004 10230.985938 -64.008004 0.001386
932 9320.000000 6.162451 -70.248870 -64.086419 10135.146409 -64.086419 0.001377
933 9330.000000 6.368088 -70.268406 -63.900318 10473.349922 -63.900318 0.001370
934 9340.000000 6.153615 -70.283039 -64.129424 10120.614499 -64.129424 0.001368
935 9350.000000 6.157151 -70.291013 -64.133862 10126.430504 -64.133862 0.001368
936 9360.000000 5.925384 -70.298049 -64.372665 9745.251930 -64.372665 0.001372
937 9370.000000 5.988876 -70.303178 -64.314302 9849.674985 -64.314302 0.001380
938 9380.000000 5.878457 -70.309839 -64.431383 9668.072105 -64.431383 0.001392
939 9390.000000 6.128141 -70.307608 -64.179467 10078.718465 -64.179467 0.001405
940 9400.000000 5.944229 -70.315399 -64.371170 9776.244633 -64.371170 0.001416
941 9410.000000 6.133860 -70.327879 -64.194020 10088.123477 -64.194020 0.001429
942 9420.000000 6.140434 -70.391741 -64.251307 10098.936247 -64.251307 0.001428
943 9430.000000 6.279052 -70.462124 -64.183072 10326.916308 -64.183072 0.001427
944 9440.000000 6.171465 -70.505017 -64.333552 10149.971896 -64.333552 0.001431
945 9450.000000 6.302647 -70.528578 -64.225931 10365.721231 -64.225931 0.001435
946 9460.000000 6.166388 -70.536480 -64.370092 10141.621507 -64.370092 0.001436
947 9470.000000 5.839215 -70.541858 -64.702643 9603.532777 -64.702643 0.001435
948 9480.000000 5.732382 -70.520599 -64.788217 9427.829112 -64.788217 0.001436
949 9490.000000 5.759802 -70.472868 -64.713066 9472.925408 -64.713066 0.001439
950 9500.000000 5.556403 -70.433196 -64.876793 9138.402350 -64.876793 0.001436
951 9510.000000 5.624781 -70.409436 -64.784655 9250.860518 -64.784655 0.001430
952 9520.000000 5.908216 -70.415164 -64.506948 9717.016271 -64.506948 0.001415
953 9530.000000 5.797255 -70.436507 -64.639252 9534.523294 -64.639252 0.001395
954 9540.000000 5.645931 -70.473704 -64.827773 9285.645604 -64.827773 0.001371
955 9550.000000 5.815468 -70.492131 -64.676663 9564.476809 -64.676663 0.001357
956 9560.000000 6.092270 -70.501507 -64.409237 10019.722942 -64.409237 0.001352
957 9570.000000 5.978818 -70.516943 -64.538124 9833.132962 -64.538124 0.001343
958 9580.000000 6.061120 -70.518744 -64.457624 9968.490421 -64.457624 0.001336
959 9590.000000 6.031809 -70.500939 -64.469131 9920.283862 -64.469131 0.001338
960 9600.000000 5.844117 -70.475995 -64.631878 9611.594812 -64.631878 0.001345
961 9610.000000 6.082748 -70.450354 -64.367606 10004.061215 -64.367606 0.001353
962 9620.000000 5.877888 -70.422601 -64.544713 9667.136913 -64.544713 0.001364
963 9630.000000 5.850824 -70.407468 -64.556644 9622.625459 -64.556644 0.001374
964 9640.000000 5.792092 -70.395299 -64.603206 9526.031460 -64.603206 0.001380
965 9650.000000 5.743092 -70.389983 -64.646891 9445.442197 -64.646891 0.001386
966 9660.000000 5.676115 -70.376553 -64.700438 9335.288098 -64.700438 0.001399
967 9670.000000 5.385711 -70.352838 -64.967127 8857.672421 -64.967127 0.001415
968 9680.000000 5.111549 -70.319239 -65.207690 8406.767751 -65.207690 0.001433
969 9690.000000 5.411115 -70.281652 -64.870537 8899.453376 -64.870537 0.001450
970 9700.000000 5.420147 -70.259539 -64.839392 8914.307797 -64.839392 0.001463
971 9710.000000 5.352616 -70.253097 -64.900481 8803.241853 -64.900481 0.001469
972 9720.000000 5.319505 -70.255276 -64.935770 8748.786180 -64.935770 0.001470
973 9730.000000 5.189780 -70.256219 -65.066439 8535.432019 -65.066439 0.001473
974 9740.000000 5.117705 -70.253862 -65.136157 8416.893227 -65.136157 0.001473
975 9750.000000 5.307437 -70.268778 -64.961341 8728.937308 -64.961341 0.001467
976 9760.000000 5.606358 -70.288340 -64.681981 9220.562304 -64.681981 0.001463
977 9770.000000 5.792162 -70.327822 -64.535660 9526.145838 -64.535660 0.001455
978 9780.000000 5.559872 -70.357831 -64.797959 9144.108256 -64.797959 0.001449
979 9790.000000 5.587094 -70.385668 -64.798574 9188.878261 -64.798574 0.001444
980 9800.000000 5.705313 -70.433488 -64.728175 9383.309724 -64.728175 0.001435
981 9810.000000 5.846349 -70.482819 -64.636470 9615.265312 -64.636470 0.001427
982 9820.000000 6.010963 -70.558359 -64.547396 9886.000035 -64.547396 0.001415
983 9830.000000 6.160779 -70.635007 -64.474228 10132.396299 -64.474228 0.001406
984 9840.000000 5.848424 -70.688946 -64.840522 9618.678714 -64.840522 0.001397
985 9850.000000 5.798294 -70.735085 -64.936791 9536.231602 -64.936791 0.001387
986 9860.000000 5.772677 -70.758764 -64.986087 9494.100096 -64.986087 0.001378
987 9870.000000 6.134738 -70.769662 -64.634924 10089.567912 -64.634924 0.001380
988 9880.000000 5.898770 -70.773661 -64.874891 9701.479898 -64.874891 0.001391
989 9890.000000 5.751887 -70.757816 -65.005929 9459.907323 -65.005929 0.001399
990 9900.000000 5.659584 -70.748947 -65.089363 9308.100761 -65.089363 0.001411
991 9910.000000 5.690604 -70.714428 -65.023824 9359.118153 -65.023824 0.001430
992 9920.000000 5.743991 -70.675049 -64.931058 9446.920668 -64.931058 0.001449
993 9930.000000 5.598587 -70.629590 -65.031003 9207.780778 -65.031003 0.001471
994 9940.000000 5.489586 -70.591901 -65.102315 9028.510855 -65.102315 0.001487
995 9950.000000 5.582370 -70.546968 -64.964598 9181.110244 -64.964598 0.001502
996 9960.000000 5.630601 -70.519093 -64.888493 9260.432736 -64.888493 0.001512
997 9970.000000 5.578331 -70.512528 -64.934197 9174.466541 -64.934197 0.001516
998 9980.000000 5.612168 -70.514313 -64.902145 9230.116838 -64.902145 0.001517
999 9990.000000 5.820140 -70.540359 -64.720219 9572.161435 -64.720219 0.001511
1000 10000.000000 5.964273 -70.564031 -64.599758 9809.211140 -64.599758 0.001498
1001 10010.000000 6.131652 -70.578351 -64.446699 10084.492770 -64.446699 0.001482
1002 10020.000000 6.029805 -70.595443 -64.565638 9916.988321 -64.565638 0.001469
1003 10030.000000 6.063602 -70.637203 -64.573601 9972.573336 -64.573601 0.001454
1004 10040.000000 5.952042 -70.683712 -64.731669 9789.095049 -64.731669 0.001442
1005 10050.000000 6.116183 -70.735807 -64.619624 10059.050577 -64.619624 0.001437
1006 10060.000000 6.257130 -70.766359 -64.509230 10290.860698 -64.509230 0.001436
1007 10070.000000 6.293425 -70.775887 -64.482462 10350.554409 -64.482462 0.001442
1008 10080.000000 6.351505 -70.754683 -64.403178 10446.076745 -64.403178 0.001457
1009 10090.000000 6.382454 -70.701209 -64.318755 10496.976341 -64.318755 0.001476
1010 10100.000000 6.315702 -70.609471 -64.293770 10387.192183 -64.293770 0.001499
1011 10110.000000 6.153426 -70.506561 -64.353135 10120.303139 -64.353135 0.001521
1012 10120.000000 6.243486 -70.444872 -64.201386 10268.421684 -64.201386 0.001529
1013 10130.000000 6.295729 -70.454989 -64.159260 10354.344343 -64.159260 0.001516
1014 10140.000000 5.975085 -70.489372 -64.514288 9826.992214 -64.514288 0.001494
1015 10150.000000 5.965362 -70.508394 -64.543032 9811.001789 -64.543032 0.001473
1016 10160.000000 6.069791 -70.504242 -64.434452 9982.751408 -64.434452 0.001457
1017 10170.000000 5.911776 -70.496679 -64.584903 9722.871567 -64.584903 0.001437
1018 10180.000000 6.178203 -70.481310 -64.303107 10161.053359 -64.303107 0.001420
1019 10190.000000 6.105020 -70.468105 -64.363085 10040.692031 -64.363085 0.001404
1020 10200.000000 6.345015 -70.473587 -64.128572 10435.402640 -64.128572 0.001386
1021 10210.000000 6.019919 -70.471033 -64.451114 9900.729887 -64.451114 0.001367
1022 10220.000000 6.009967 -70.460294 -64.450327 9884.362154 -64.450327 0.001353
1023 10230.000000 6.143443 -70.447372 -64.303929 10103.884334 -64.303929 0.001341
1024 10240.000000 6.482200 -70.432525 -63.950325 10661.024666 -63.950325 0.001330
1025 10250.000000 6.742950 -70.424713 -63.681763 11089.870924 -63.681763 0.001321
1026 10260.000000 6.863716 -70.407190 -63.543474 11288.489724 -63.543474 0.001318
1027 10270.000000 6.595144 -70.371854 -63.776710 10846.779902 -63.776710 0.001323
1028 10280.000000 6.587052 -70.330629 -63.743577 10833.471601 -63.743577 0.001325
1029 10290.000000 6.328200 -70.270204 -63.942004 10407.748059 -63.942004 0.001330
1030 10300.000000 6.396441 -70.216040 -63.819600 10519.980128 -63.819600 0.001334
1031 10310.000000 6.387240 -70.195914 -63.808674 10504.847568 -63.808674 0.001340
1032 10320.000000 6.239602 -70.193598 -63.953995 10262.034440 -63.953995 0.001342
1033 10330.000000 6.102393 -70.206228 -64.103835 10036.371455 -64.103835 0.001340
1034 10340.000000 6.065413 -70.189510 -64.124097 9975.551806 -64.124097 0.001350
1035 10350.000000 5.736857 -70.150618 -64.413761 9435.188197 -64.413761 0.001365
1036 10360.000000 6.000999 -70.106216 -64.105217 9869.612931 -64.105217 0.001382
1037 10370.000000 5.687447 -70.049419 -64.361972 9353.925381 -64.361972 0.001406
1038 10380.000000 5.513179 -70.008685 -64.495505 9067.313768 -64.495505 0.001419
1039 10390.000000 5.608591 -69.998180 -64.389590 9224.233553 -64.389590 0.001431
1040 10400.000000 5.526861 -70.004265 -64.477404 9089.815578 -64.477404 0.001439
1041 10410.000000 5.649781 -70.013619 -64.363838 9291.977601 -64.363838 0.001445
1042 10420.000000 5.531631 -70.027639 -64.496008 9097.661117 -64.496008 0.001451
1043 10430.000000 5.657133 -70.040969 -64.383835 9304.070107 -64.383835 0.001450
1044 10440.000000 5.645217 -70.045928 -64.400711 9284.472141 -64.400711 0.001448
1045 10450.000000 5.479414 -70.043678 -64.564263 9011.782479 -64.564263 0.001447
1046 10460.000000 5.516835 -70.040306 -64.523471 9073.326807 -64.523471 0.001444
1047 10470.000000 5.821842 -70.043428 -64.221586 9574.959885 -64.221586 0.001438
1048 10480.000000 5.871491 -70.075322 -64.203831 9656.615325 -64.203831 0.001430
1049 10490.000000 5.786985 -70.137315 -64.350330 9517.631264 -64.350330 0.001413
1050 10500.000000 5.881874 -70.200410 -64.318536 9673.691471 -64.318536 0.001399
1051 10510.000000 5.781720 -70.245182 -64.463462 9508.972242 -64.463462 0.001386
1052 10520.000000 5.814926 -70.279774 -64.464849 9563.584795 -64.464849 0.001379
1053 10530.000000 5.886245 -70.289921 -64.403676 9680.881605 -64.403676 0.001378
1054 10540.000000 6.170978 -70.302530 -64.131552 10149.170580 -64.131552 0.001375
1055 10550.000000 6.181481 -70.325402 -64.143920 10166.444912 -64.143920 0.001373
1056 10560.000000 6.330803 -70.332190 -64.001388 10412.028026 -64.001388 0.001371
1057 10570.000000 6.210371 -70.351535 -64.141164 10213.958050 -64.141164 0.001368
1058 10580.000000 6.420697 -70.403443 -63.982746 10559.874032 -63.982746 0.001359
1059 10590.000000 6.451248 -70.433867 -63.982618 10610.120136 -63.982618 0.001355
1060 10600.000000 6.189477 -70.437153 -64.247676 10179.595799 -64.247676 0.001356
1061 10610.000000 6.310607 -70.420858 -64.110251 10378.812499 -64.110251 0.001359
1062 10620.000000 6.178742 -70.405196 -64.226454 10161.939693 -64.226454 0.001357
1063 10630.000000 6.008940 -70.379089 -64.370150 9882.672463 -64.370150 0.001360
1064 10640.000000 6.143721 -70.340415 -64.196693 10104.342632 -64.196693 0.001362
1065 10650.000000 6.151897 -70.307657 -64.155760 10117.789125 -64.155760 0.001362
1066 10660.000000 6.215040 -70.281252 -64.066212 10221.637256 -64.066212 0.001361
1067 10670.000000 6.119984 -70.264589 -64.144606 10065.302025 -64.144606 0.001361
1068 10680.000000 6.015100 -70.252715 -64.237615 9892.803457 -64.237615 0.001358
1069 10690.000000 6.076249 -70.243156 -64.166907 9993.373559 -64.166907 0.001354
1070 10700.000000 5.918955 -70.243714 -64.324758 9734.678508 -64.324758 0.001352
1071 10710.000000 5.965433 -70.253295 -64.287862 9811.119326 -64.287862 0.001346
