# istep , time , K , V , E , T , H_eff, P
1 10.000000 6.199895 -69.082864 -62.882969 10196.728715 -62.882969 0.001932
2 20.000000 6.197602 -69.086310 -62.888708 10192.958705 -62.888708 0.001954
3 30.000000 6.702180 -69.080172 -62.377992 11022.817343 -62.377992 0.001981
4 40.000000 6.879995 -69.076212 -62.196216 11315.264294 -62.196216 0.002005
5 50.000000 6.798122 -69.067861 -62.269739 11180.610035 -62.269739 0.002026
6 60.000000 6.993626 -69.041364 -62.047738 11502.148020 -62.047738 0.002042
7 70.000000 7.015705 -69.037461 -62.021756 11538.460955 -62.021756 0.002041
8 80.000000 7.011925 -69.090067 -62.078142 11532.243234 -62.078142 0.002029
9 90.000000 7.368242 -69.177073 -61.808831 12118.264164 -61.808831 0.002010
10 100.000000 7.409856 -69.252050 -61.842195 12186.704739 -61.842195 0.001988
11 110.000000 7.540463 -69.288332 -61.747869 12401.510660 -61.747869 0.001974
12 120.000000 7.480194 -69.277484 -61.797290 12302.388408 -61.797290 0.001975
13 130.000000 7.659137 -69.213072 -61.553935 12596.688474 -61.553935 0.001992
14 140.000000 7.513293 -69.091313 -61.578019 12356.825145 -61.578019 0.002021
15 150.000000 7.596909 -68.949446 -61.352537 12494.343949 -61.352537 0.002047
16 160.000000 7.924782 -68.805679 -60.880898 13033.583984 -60.880898 0.002064
17 170.000000 7.762916 -68.725047 -60.962131 12767.369252 -60.962131 0.002057
18 180.000000 7.538500 -68.756874 -61.218374 12398.280769 -61.218374 0.002025
19 190.000000 7.898302 -68.840663 -60.942361 12990.034013 -60.942361 0.001980
20 200.000000 8.273641 -68.923019 -60.649378 13607.339474 -60.649378 0.001935
21 210.000000 8.841715 -68.964708 -60.122994 14541.628282 -60.122994 0.001901
22 220.000000 8.989180 -68.964881 -59.975701 14784.158660 -59.975701 0.001879
23 230.000000 9.016802 -68.920186 -59.903384 14829.587401 -59.903384 0.001874
24 240.000000 9.313225 -68.856868 -59.543642 15317.103924 -59.543642 0.001879
25 250.000000 9.309433 -68.768492 -59.459060 15310.866277 -59.459060 0.001895
26 260.000000 9.527388 -68.665706 -59.138317 15669.329735 -59.138317 0.001920
27 270.000000 9.529290 -68.581188 -59.051898 15672.457974 -59.051898 0.001946
28 280.000000 9.882943 -68.504507 -58.621564 16254.097127 -58.621564 0.001975
29 290.000000 10.258937 -68.424741 -58.165805 16872.479505 -58.165805 0.002008
30 300.000000 10.414272 -68.331557 -57.917285 17127.952385 -57.917285 0.002043
31 310.000000 10.012835 -68.311784 -58.298949 16467.725215 -58.298949 0.002057
32 320.000000 10.179121 -68.373515 -58.194394 16741.209019 -58.194394 0.002049
33 330.000000 9.926125 -68.458708 -58.532583 16325.116430 -58.532583 0.002027
34 340.000000 9.786796 -68.539128 -58.752332 16095.966767 -58.752332 0.001998
35 350.000000 9.790925 -68.574468 -58.783543 16102.757564 -58.783543 0.001975
36 360.000000 9.863401 -68.591221 -58.727820 16221.957267 -58.727820 0.001952
37 370.000000 9.923738 -68.582251 -58.658513 16321.190721 -58.658513 0.001942
38 380.000000 9.836750 -68.559195 -58.722445 16178.125193 -58.722445 0.001936
39 390.000000 9.781363 -68.531106 -58.749743 16087.032483 -58.749743 0.001940
40 400.000000 9.771958 -68.504495 -58.732537 16071.564161 -58.732537 0.001949
41 410.000000 9.582818 -68.474868 -58.892051 15760.492182 -58.892051 0.001957
42 420.000000 9.683678 -68.452139 -58.768461 15926.373226 -58.768461 0.001960
43 430.000000 9.361993 -68.491632 -59.129639 15397.309811 -59.129639 0.001946
44 440.000000 9.488233 -68.582919 -59.094686 15604.932176 -59.094686 0.001925
45 450.000000 9.631524 -68.676518 -59.044993 15840.598090 -59.044993 0.001902
46 460.000000 9.614856 -68.724182 -59.109326 15813.184256 -59.109326 0.001887
47 470.000000 9.819341 -68.731317 -58.911976 16149.492850 -58.911976 0.001879
48 480.000000 10.069162 -68.711118 -58.641956 16560.363957 -58.641956 0.001872
49 490.000000 9.651914 -68.685512 -59.033598 15874.132962 -59.033598 0.001869
50 500.000000 9.675364 -68.640095 -58.964732 15912.699226 -58.964732 0.001870
51 510.000000 9.792395 -68.567162 -58.774766 16105.176477 -58.774766 0.001875
52 520.000000 10.010695 -68.504444 -58.493749 16464.206072 -58.493749 0.001875
53 530.000000 9.870168 -68.461533 -58.591364 16233.086298 -58.591364 0.001875
54 540.000000 10.000382 -68.445910 -58.445528 16447.243464 -58.445528 0.001877
55 550.000000 9.636936 -68.442364 -58.805428 15849.498526 -58.805428 0.001878
56 560.000000 9.724258 -68.461102 -58.736844 15993.114167 -58.736844 0.001874
57 570.000000 9.721923 -68.507631 -58.785708 15989.273665 -58.785708 0.001873
58 580.000000 10.142764 -68.536255 -58.393491 16681.414151 -58.393491 0.001879
59 590.000000 10.242195 -68.530910 -58.288715 16844.944749 -58.288715 0.001898
60 600.000000 10.220605 -68.514748 -58.294142 16809.437235 -58.294142 0.001932
61 610.000000 10.343796 -68.496505 -58.152708 17012.044633 -58.152708 0.001972
62 620.000000 10.290425 -68.532200 -58.241774 16924.267457 -58.241774 0.002009
63 630.000000 10.326629 -68.580211 -58.253583 16983.809755 -58.253583 0.002041
64 640.000000 10.323964 -68.641748 -58.317785 16979.426377 -58.317785 0.002057
65 650.000000 9.943568 -68.685584 -58.742016 16353.804335 -58.742016 0.002065
66 660.000000 9.760760 -68.717520 -58.956760 16053.146656 -58.956760 0.002068
67 670.000000 9.925621 -68.710429 -58.784808 16324.287869 -58.784808 0.002073
68 680.000000 9.366396 -68.693454 -59.327059 15404.551461 -59.327059 0.002068
69 690.000000 9.526588 -68.680891 -59.154303 15668.012809 -59.154303 0.002052
70 700.000000 9.573661 -68.654398 -59.080737 15745.432845 -59.080737 0.002032
71 710.000000 9.770759 -68.605200 -58.834441 16069.591792 -58.834441 0.002014
72 720.000000 10.179379 -68.565250 -58.385871 16741.633078 -58.385871 0.001995
73 730.000000 10.098634 -68.520981 -58.422347 16608.835587 -58.422347 0.001978
74 740.000000 9.864204 -68.472435 -58.608231 16223.278215 -58.608231 0.001964
75 750.000000 9.799955 -68.424460 -58.624505 16117.609141 -58.624505 0.001951
76 760.000000 9.699357 -68.387655 -58.688299 15952.159342 -58.688299 0.001937
77 770.000000 9.497852 -68.348660 -58.850808 15620.751881 -58.850808 0.001932
78 780.000000 9.697778 -68.311139 -58.613362 15949.562180 -58.613362 0.001918
79 790.000000 9.422791 -68.269135 -58.846343 15497.303137 -58.846343 0.001905
80 800.000000 9.359334 -68.209649 -58.850315 15392.937097 -58.850315 0.001896
81 810.000000 9.272904 -68.167020 -58.894116 15250.789131 -58.894116 0.001882
82 820.000000 9.246950 -68.173371 -58.926421 15208.103623 -58.926421 0.001864
83 830.000000 9.299675 -68.198701 -58.899026 15294.817604 -58.899026 0.001841
84 840.000000 9.416903 -68.200297 -58.783394 15487.617884 -58.783394 0.001826
85 850.000000 9.299455 -68.170257 -58.870802 15294.456301 -58.870802 0.001827
86 860.000000 8.644391 -68.118495 -59.474104 14217.098092 -59.474104 0.001843
87 870.000000 8.717566 -68.080888 -59.363322 14337.445216 -59.363322 0.001857
88 880.000000 8.790173 -68.080499 -59.290325 14456.860615 -59.290325 0.001870
89 890.000000 8.984610 -68.132188 -59.147578 14776.642890 -59.147578 0.001871
90 900.000000 9.410251 -68.205123 -58.794872 15476.677642 -58.794872 0.001865
91 910.000000 9.778268 -68.274482 -58.496214 16081.941627 -58.496214 0.001862
92 920.000000 9.665409 -68.331751 -58.666342 15896.327185 -58.666342 0.001868
93 930.000000 9.471576 -68.364687 -58.893111 15577.536574 -58.893111 0.001879
94 940.000000 9.628575 -68.395030 -58.766455 15835.747859 -58.766455 0.001893
95 950.000000 8.959818 -68.429429 -59.469611 14735.868171 -59.469611 0.001906
96 960.000000 9.174955 -68.472328 -59.297374 15089.695310 -59.297374 0.001920
97 970.000000 8.996869 -68.501716 -59.504846 14796.805629 -59.504846 0.001934
98 980.000000 9.116626 -68.525122 -59.408496 14993.765089 -59.408496 0.001948
99 990.000000 9.151656 -68.538528 -59.386872 15051.377157 -59.386872 0.001953
100 1000.000000 8.964579 -68.544233 -59.579654 14743.699053 -59.579654 0.001958
101 1010.000000 9.011300 -68.532802 -59.521502 14820.539640 -59.521502 0.001962
102 1020.000000 9.222647 -68.521667 -59.299020 15168.133015 -59.299020 0.001966
103 1030.000000 9.093075 -68.509602 -59.416527 14955.031455 -59.416527 0.001974
104 1040.000000 9.071710 -68.508905 -59.437195 14919.893201 -59.437195 0.001984
105 1050.000000 8.554149 -68.509035 -59.954886 14068.679856 -59.954886 0.001994
106 1060.000000 8.695142 -68.504217 -59.809074 14300.566370 -59.809074 0.001999
107 1070.000000 8.409230 -68.502317 -60.093087 13830.337535 -60.093087 0.002001
108 1080.000000 8.590662 -68.505985 -59.915323 14128.732434 -59.915323 0.001992
109 1090.000000 8.377145 -68.512618 -60.135473 13777.568599 -60.135473 0.001983
110 1100.000000 8.236218 -68.536885 -60.300667 13545.791752 -60.300667 0.001977
111 1110.000000 8.347281 -68.555923 -60.208642 13728.452330 -60.208642 0.001977
112 1120.000000 8.588434 -68.559745 -59.971311 14125.066984 -59.971311 0.001985
113 1130.000000 8.390447 -68.552567 -60.162120 13799.446404 -60.162120 0.002000
114 1140.000000 8.036725 -68.544072 -60.507347 13217.692095 -60.507347 0.002014
115 1150.000000 8.056546 -68.567954 -60.511409 13250.291194 -60.511409 0.002017
116 1160.000000 8.426885 -68.586923 -60.160039 13859.373551 -60.160039 0.002022
117 1170.000000 8.655634 -68.663017 -60.007384 14235.588212 -60.007384 0.002014
118 1180.000000 8.719640 -68.751716 -60.032076 14340.856859 -60.032076 0.002000
119 1190.000000 8.671083 -68.777929 -60.106845 14260.997804 -60.106845 0.001988
120 1200.000000 8.730079 -68.751518 -60.021440 14358.025360 -60.021440 0.001991
121 1210.000000 8.727132 -68.732362 -60.005230 14353.179069 -60.005230 0.001995
122 1220.000000 8.980425 -68.753265 -59.772839 14769.760530 -59.772839 0.001987
123 1230.000000 9.049338 -68.767779 -59.718441 14883.098675 -59.718441 0.001980
124 1240.000000 9.259504 -68.795231 -59.535727 15228.750162 -59.535727 0.001964
125 1250.000000 9.553383 -68.846306 -59.292923 15712.082258 -59.292923 0.001942
126 1260.000000 9.613428 -68.870816 -59.257388 15810.836300 -59.257388 0.001928
127 1270.000000 9.241151 -68.865155 -59.624004 15198.565589 -59.624004 0.001924
128 1280.000000 9.150164 -68.829826 -59.679662 15048.923617 -59.679662 0.001926
129 1290.000000 9.521449 -68.752695 -59.231246 15659.561508 -59.231246 0.001936
130 1300.000000 9.379288 -68.657035 -59.277747 15425.754601 -59.277747 0.001952
131 1310.000000 9.436120 -68.560714 -59.124594 15519.223627 -59.124594 0.001964
132 1320.000000 9.858451 -68.464655 -58.606205 16213.815399 -58.606205 0.001974
133 1330.000000 9.686399 -68.370863 -58.684463 15930.849021 -58.684463 0.001993
134 1340.000000 9.449829 -68.282784 -58.832956 15541.770058 -58.832956 0.002011
135 1350.000000 9.603699 -68.183041 -58.579342 15794.834585 -58.579342 0.002032
136 1360.000000 9.483555 -68.099648 -58.616093 15597.239015 -58.616093 0.002052
137 1370.000000 9.369196 -68.060842 -58.691647 15409.156071 -58.691647 0.002062
138 1380.000000 9.321391 -68.050261 -58.728870 15330.534294 -58.728870 0.002065
139 1390.000000 9.266232 -68.055073 -58.788841 15239.815920 -58.788841 0.002071
140 1400.000000 9.087840 -68.058281 -58.970441 14946.421911 -58.970441 0.002077
141 1410.000000 9.078129 -68.038367 -58.960239 14930.449975 -58.960239 0.002087
142 1420.000000 8.639612 -68.039745 -59.400133 14209.238569 -59.400133 0.002092
143 1430.000000 8.390452 -68.061248 -59.670796 13799.454613 -59.670796 0.002093
144 1440.000000 8.528261 -68.095259 -59.566998 14026.102963 -59.566998 0.002090
145 1450.000000 8.273753 -68.133360 -59.859607 13607.523344 -59.859607 0.002085
146 1460.000000 8.399955 -68.171136 -59.771181 13815.083688 -59.771181 0.002077
147 1470.000000 8.347535 -68.206774 -59.859239 13728.870456 -59.859239 0.002071
148 1480.000000 8.240801 -68.242131 -60.001330 13553.328587 -60.001330 0.002061
149 1490.000000 7.933217 -68.259986 -60.326769 13047.456791 -60.326769 0.002049
150 1500.000000 7.897195 -68.266729 -60.369533 12988.213868 -60.369533 0.002044
151 1510.000000 8.212068 -68.291445 -60.079377 13506.072762 -60.079377 0.002034
152 1520.000000 8.116371 -68.332130 -60.215759 13348.683586 -60.215759 0.002020
153 1530.000000 8.201846 -68.417710 -60.215864 13489.260615 -60.215864 0.002001
154 1540.000000 8.335955 -68.507665 -60.171709 13709.825169 -60.171709 0.001977
155 1550.000000 8.619466 -68.558799 -59.939333 14176.104668 -59.939333 0.001961
156 1560.000000 8.232987 -68.590814 -60.357827 13540.477197 -60.357827 0.001953
157 1570.000000 8.082320 -68.600301 -60.517981 13292.680821 -60.517981 0.001952
158 1580.000000 8.245724 -68.569843 -60.324119 13561.424912 -60.324119 0.001956
159 1590.000000 8.132749 -68.495067 -60.362318 13375.620011 -60.362318 0.001972
160 1600.000000 8.162909 -68.415433 -60.252524 13425.223154 -60.252524 0.001990
161 1610.000000 8.429405 -68.396904 -59.967499 13863.517831 -59.967499 0.001994
162 1620.000000 8.698673 -68.449559 -59.750886 14306.373640 -59.750886 0.001978
163 1630.000000 8.922356 -68.537542 -59.615186 14674.256038 -59.615186 0.001955
164 1640.000000 9.140329 -68.621954 -59.481625 15032.748160 -59.481625 0.001929
165 1650.000000 8.867167 -68.667818 -59.800651 14583.488535 -59.800651 0.001918
166 1660.000000 8.773591 -68.689674 -59.916083 14429.588066 -59.916083 0.001914
167 1670.000000 8.793404 -68.734599 -59.941195 14462.173243 -59.941195 0.001904
168 1680.000000 8.648513 -68.769175 -60.120661 14223.877620 -60.120661 0.001893
169 1690.000000 8.897570 -68.777749 -59.880179 14633.490826 -59.880179 0.001886
170 1700.000000 9.046036 -68.747350 -59.701315 14877.667553 -59.701315 0.001886
171 1710.000000 9.226791 -68.687719 -59.460928 15174.949120 -59.460928 0.001896
172 1720.000000 8.936091 -68.629668 -59.693577 14696.845203 -59.693577 0.001906
173 1730.000000 8.929401 -68.588863 -59.659462 14685.842279 -59.659462 0.001912
174 1740.000000 8.893497 -68.590702 -59.697204 14626.793364 -59.697204 0.001920
175 1750.000000 8.846266 -68.617649 -59.771383 14549.113079 -59.771383 0.001931
176 1760.000000 8.854362 -68.636848 -59.782486 14562.429414 -59.782486 0.001943
177 1770.000000 8.989297 -68.645699 -59.656402 14784.351716 -59.656402 0.001955
178 1780.000000 9.126746 -68.641302 -59.514556 15010.407971 -59.514556 0.001973
179 1790.000000 8.876791 -68.616882 -59.740091 14599.316769 -59.740091 0.001990
180 1800.000000 8.965986 -68.584127 -59.618141 14746.013129 -59.618141 0.002007
181 1810.000000 8.519479 -68.555410 -60.035931 14011.660506 -60.035931 0.002014
182 1820.000000 8.470360 -68.535901 -60.065542 13930.875443 -60.065542 0.002010
183 1830.000000 8.771177 -68.509751 -59.738574 14425.617252 -59.738574 0.002008
184 1840.000000 8.708691 -68.495816 -59.787125 14322.849051 -59.787125 0.002007
185 1850.000000 8.690718 -68.477180 -59.786461 14293.290782 -59.786461 0.002001
186 1860.000000 8.980000 -68.484366 -59.504366 14769.061377 -59.504366 0.001993
187 1870.000000 9.245612 -68.509770 -59.264158 15205.903313 -59.264158 0.001985
188 1880.000000 9.421454 -68.548036 -59.126581 15495.104041 -59.126581 0.001976
189 1890.000000 9.523897 -68.571263 -59.047366 15663.586872 -59.047366 0.001970
190 1900.000000 9.361352 -68.591804 -59.230451 15396.256579 -59.230451 0.001956
191 1910.000000 9.536100 -68.637755 -59.101655 15683.657465 -59.101655 0.001932
192 1920.000000 9.359895 -68.689905 -59.330011 15393.859209 -59.330011 0.001910
193 1930.000000 9.695383 -68.711450 -59.016067 15945.624506 -59.016067 0.001895
194 1940.000000 9.653272 -68.724574 -59.071302 15876.365193 -59.071302 0.001882
195 1950.000000 10.074892 -68.729342 -58.654449 16569.788617 -58.654449 0.001869
196 1960.000000 10.168508 -68.724361 -58.555853 16723.754150 -58.555853 0.001860
197 1970.000000 10.219244 -68.722671 -58.503427 16807.198690 -58.503427 0.001856
198 1980.000000 10.434191 -68.711863 -58.277672 17160.712669 -58.277672 0.001862
199 1990.000000 10.296139 -68.673072 -58.376933 16933.663739 -58.376933 0.001874
200 2000.000000 10.053964 -68.603999 -58.550035 16535.368699 -58.550035 0.001899
201 2010.000000 10.324424 -68.510907 -58.186483 16980.183342 -58.186483 0.001927
202 2020.000000 9.946763 -68.443794 -58.497031 16359.059088 -58.497031 0.001956
203 2030.000000 10.337634 -68.458689 -58.121055 17001.909716 -58.121055 0.001971
204 2040.000000 10.179728 -68.531727 -58.351999 16742.207513 -58.351999 0.001980
205 2050.000000 9.991091 -68.572883 -58.581792 16431.963787 -58.581792 0.001990
206 2060.000000 9.780353 -68.579597 -58.799244 16085.371552 -58.799244 0.002001
207 2070.000000 9.624375 -68.627606 -59.003231 15828.840275 -59.003231 0.001995
208 2080.000000 9.714577 -68.720925 -59.006348 15977.192188 -59.006348 0.001977
209 2090.000000 9.905309 -68.757509 -58.852200 16290.881247 -58.852200 0.001974
210 2100.000000 9.798748 -68.768668 -58.969919 16115.625138 -58.969919 0.001972
211 2110.000000 9.592824 -68.785797 -59.192973 15776.949835 -59.192973 0.001972
212 2120.000000 9.091037 -68.805381 -59.714345 14951.678621 -59.714345 0.001981
213 2130.000000 9.428304 -68.818798 -59.390494 15506.368894 -59.390494 0.001987
214 2140.000000 9.251774 -68.811799 -59.560025 15216.037106 -59.560025 0.002004
215 2150.000000 9.414920 -68.769011 -59.354091 15484.357377 -59.354091 0.002033
216 2160.000000 9.660893 -68.711610 -59.050718 15888.898797 -59.050718 0.002061
217 2170.000000 9.668390 -68.630365 -58.961975 15901.229710 -58.961975 0.002082
218 2180.000000 9.448805 -68.575824 -59.127018 15540.087404 -59.127018 0.002092
219 2190.000000 9.147507 -68.567317 -59.419810 15044.553589 -59.419810 0.002092
220 2200.000000 9.631533 -68.543482 -58.911949 15840.612656 -58.911949 0.002089
221 2210.000000 9.829100 -68.585350 -58.756250 16165.542581 -58.756250 0.002062
222 2220.000000 9.943672 -68.647827 -58.704154 16353.976136 -58.704154 0.002028
223 2230.000000 10.174981 -68.720788 -58.545807 16734.400522 -58.545807 0.001988
224 2240.000000 10.260296 -68.731258 -58.470962 16874.714921 -58.470962 0.001958
225 2250.000000 10.127477 -68.653140 -58.525663 16656.273221 -58.525663 0.001937
226 2260.000000 10.186213 -68.548467 -58.362255 16752.873091 -58.362255 0.001917
227 2270.000000 9.777448 -68.563486 -58.786038 16080.592417 -58.786038 0.001883
228 2280.000000 9.714620 -68.648662 -58.934042 15977.262256 -58.934042 0.001836
229 2290.000000 9.304970 -68.705929 -59.400959 15303.527256 -59.400959 0.001801
230 2300.000000 9.583796 -68.735372 -59.151576 15762.100660 -59.151576 0.001778
231 2310.000000 9.902431 -68.713270 -58.810839 16286.148216 -58.810839 0.001772
232 2320.000000 9.653457 -68.613197 -58.959740 15876.669974 -58.959740 0.001788
233 2330.000000 9.093672 -68.471322 -59.377650 14956.013829 -59.377650 0.001821
234 2340.000000 8.746555 -68.352423 -59.605868 14385.123503 -59.605868 0.001847
235 2350.000000 8.560954 -68.374496 -59.813542 14079.871439 -59.813542 0.001852
236 2360.000000 8.653162 -68.410108 -59.756946 14231.523287 -59.756946 0.001847
237 2370.000000 8.528048 -68.410330 -59.882282 14025.752304 -59.882282 0.001845
238 2380.000000 8.401537 -68.376326 -59.974789 13817.685988 -59.974789 0.001847
239 2390.000000 8.394616 -68.365211 -59.970595 13806.302902 -59.970595 0.001845
240 2400.000000 8.255432 -68.393133 -60.137700 13577.392405 -60.137700 0.001835
241 2410.000000 8.561528 -68.450081 -59.888553 14080.816091 -59.888553 0.001820
242 2420.000000 8.593170 -68.501195 -59.908025 14132.856689 -59.908025 0.001805
243 2430.000000 8.918756 -68.534124 -59.615368 14668.335422 -59.615368 0.001793
244 2440.000000 8.831293 -68.561910 -59.730617 14524.488033 -59.730617 0.001787
245 2450.000000 8.953310 -68.581320 -59.628010 14725.164950 -59.628010 0.001783
246 2460.000000 9.137799 -68.584826 -59.447027 15028.586625 -59.447027 0.001786
247 2470.000000 8.936593 -68.586252 -59.649659 14697.670418 -59.649659 0.001802
248 2480.000000 9.053070 -68.571605 -59.518534 14889.237132 -59.518534 0.001822
249 2490.000000 8.869213 -68.550877 -59.681664 14586.854658 -59.681664 0.001843
250 2500.000000 8.809103 -68.537990 -59.728888 14487.993047 -59.728888 0.001866
251 2510.000000 8.879420 -68.548104 -59.668685 14603.640775 -59.668685 0.001889
252 2520.000000 9.172253 -68.568286 -59.396033 15085.252009 -59.396033 0.001900
253 2530.000000 9.967101 -68.621657 -58.654556 16392.507402 -58.654556 0.001898
254 2540.000000 10.179259 -68.667195 -58.487936 16741.436740 -58.487936 0.001891
255 2550.000000 10.224063 -68.698875 -58.474812 16815.122956 -58.474812 0.001890
256 2560.000000 10.463214 -68.707932 -58.244719 17208.445617 -58.244719 0.001900
257 2570.000000 10.021000 -68.684551 -58.663551 16481.153573 -58.663551 0.001912
258 2580.000000 9.618826 -68.627034 -59.008208 15819.714189 -59.008208 0.001931
259 2590.000000 9.227616 -68.579436 -59.351820 15176.305015 -59.351820 0.001950
260 2600.000000 9.449625 -68.543855 -59.094230 15541.435973 -59.094230 0.001971
261 2610.000000 9.338410 -68.530291 -59.191882 15358.524002 -59.191882 0.001981
262 2620.000000 8.866271 -68.516087 -59.649817 14582.014549 -59.649817 0.001994
263 2630.000000 9.296539 -68.503580 -59.207041 15289.660320 -59.207041 0.002004
264 2640.000000 9.621999 -68.499005 -58.877007 15824.931475 -58.877007 0.002013
265 2650.000000 9.581232 -68.522873 -58.941642 15757.883690 -58.941642 0.002015
266 2660.000000 9.635880 -68.555369 -58.919489 15847.761939 -58.919489 0.002012
267 2670.000000 9.667365 -68.579526 -58.912161 15899.543204 -58.912161 0.002011
268 2680.000000 9.416129 -68.575361 -59.159232 15486.345682 -59.159232 0.002018
269 2690.000000 9.533616 -68.560191 -59.026575 15679.571849 -59.026575 0.002027
270 2700.000000 9.742190 -68.539377 -58.797187 16022.605782 -58.797187 0.002036
271 2710.000000 9.530016 -68.508449 -58.978433 15673.651811 -58.978433 0.002045
272 2720.000000 9.288469 -68.435900 -59.147431 15276.388246 -59.147431 0.002063
273 2730.000000 9.162209 -68.359335 -59.197126 15068.733698 -59.197126 0.002081
274 2740.000000 9.229823 -68.319970 -59.090147 15179.935519 -59.090147 0.002098
275 2750.000000 9.164298 -68.377116 -59.212817 15072.169167 -59.212817 0.002095
276 2760.000000 9.127411 -68.448302 -59.320891 15011.501849 -59.320891 0.002082
277 2770.000000 8.769086 -68.491059 -59.721973 14422.178239 -59.721973 0.002073
278 2780.000000 8.738294 -68.517613 -59.779319 14371.536022 -59.779319 0.002060
279 2790.000000 8.829612 -68.539011 -59.709398 14521.724464 -59.709398 0.002047
280 2800.000000 8.629132 -68.563991 -59.934859 14192.001379 -59.934859 0.002027
281 2810.000000 9.029060 -68.582223 -59.553163 14849.748971 -59.553163 0.002008
282 2820.000000 8.868804 -68.653399 -59.784595 14586.181713 -59.784595 0.001985
283 2830.000000 8.608738 -68.746336 -60.137597 14158.461285 -60.137597 0.001957
284 2840.000000 8.826139 -68.805849 -59.979710 14516.011156 -59.979710 0.001933
285 2850.000000 9.262676 -68.835644 -59.572968 15233.967454 -59.572968 0.001918
286 2860.000000 9.548606 -68.856878 -59.308272 15704.225310 -59.308272 0.001911
287 2870.000000 9.798481 -68.875547 -59.077066 16115.184536 -59.077066 0.001906
288 2880.000000 9.161289 -68.888078 -59.726789 15067.220802 -59.726789 0.001897
289 2890.000000 9.305195 -68.882581 -59.577385 15303.897485 -59.577385 0.001893
290 2900.000000 9.501381 -68.860633 -59.359252 15626.556652 -59.359252 0.001894
291 2910.000000 9.390387 -68.788199 -59.397812 15444.009257 -59.397812 0.001903
292 2920.000000 9.466691 -68.705093 -59.238402 15569.503381 -59.238402 0.001912
293 2930.000000 9.288812 -68.676665 -59.387853 15276.951506 -59.387853 0.001918
294 2940.000000 9.212237 -68.702534 -59.490297 15151.012872 -59.490297 0.001920
295 2950.000000 9.618740 -68.759463 -59.140722 15819.572821 -59.140722 0.001915
296 2960.000000 9.300591 -68.792526 -59.491935 15296.324918 -59.491935 0.001924
297 2970.000000 9.480712 -68.807843 -59.327130 15592.563253 -59.327130 0.001938
298 2980.000000 9.494619 -68.798378 -59.303759 15615.434556 -59.303759 0.001958
299 2990.000000 9.215726 -68.799057 -59.583330 15156.750959 -59.583330 0.001977
300 3000.000000 9.220997 -68.804781 -59.583784 15165.419528 -59.583784 0.001995
301 3010.000000 9.103996 -68.817302 -59.713305 14972.992872 -59.713305 0.002010
302 3020.000000 9.483349 -68.817441 -59.334092 15596.899600 -59.334092 0.002021
303 3030.000000 9.453083 -68.814099 -59.361016 15547.121906 -59.361016 0.002027
304 3040.000000 9.973688 -68.787159 -58.813471 16403.341394 -58.813471 0.002034
305 3050.000000 9.988610 -68.748216 -58.759606 16427.883834 -58.759606 0.002039
306 3060.000000 10.244174 -68.743557 -58.499383 16848.198882 -58.499383 0.002038
307 3070.000000 9.936916 -68.748111 -58.811195 16342.864220 -58.811195 0.002033
308 3080.000000 10.391063 -68.752155 -58.361092 17089.781385 -58.361092 0.002039
309 3090.000000 10.102782 -68.745368 -58.642586 16615.657803 -58.642586 0.002042
310 3100.000000 10.069124 -68.710205 -58.641082 16560.301236 -58.641082 0.002054
311 3110.000000 9.733565 -68.676214 -58.942649 16008.419847 -58.942649 0.002063
312 3120.000000 9.507660 -68.647132 -59.139472 15636.883239 -59.139472 0.002068
313 3130.000000 9.481244 -68.618244 -59.137000 15593.437673 -59.137000 0.002072
314 3140.000000 9.520841 -68.610415 -59.089574 15658.562171 -59.089574 0.002071
315 3150.000000 9.537285 -68.629266 -59.091980 15685.606995 -59.091980 0.002067
316 3160.000000 9.725784 -68.670196 -58.944411 15995.624151 -58.944411 0.002054
317 3170.000000 9.982702 -68.768564 -58.785862 16418.166735 -58.785862 0.002033
318 3180.000000 9.930448 -68.903311 -58.972863 16332.225748 -58.972863 0.002009
319 3190.000000 9.818682 -69.012664 -59.193982 16148.409461 -59.193982 0.001984
320 3200.000000 9.589732 -69.057062 -59.467330 15771.863101 -59.467330 0.001960
321 3210.000000 9.556045 -69.047663 -59.491618 15716.459408 -59.491618 0.001945
322 3220.000000 9.632285 -68.991819 -59.359534 15841.849812 -59.359534 0.001936
323 3230.000000 9.640237 -68.886784 -59.246547 15854.927067 -59.246547 0.001934
324 3240.000000 9.114970 -68.770430 -59.655460 14991.041567 -59.655460 0.001934
325 3250.000000 8.846755 -68.677280 -59.830524 14549.918547 -59.830524 0.001934
326 3260.000000 8.825032 -68.619848 -59.794816 14514.191346 -59.794816 0.001926
327 3270.000000 8.848975 -68.571235 -59.722260 14553.568575 -59.722260 0.001921
328 3280.000000 8.832314 -68.518396 -59.686081 14526.168293 -59.686081 0.001923
329 3290.000000 9.051200 -68.467720 -59.416520 14886.161120 -59.416520 0.001925
330 3300.000000 9.051493 -68.429605 -59.378112 14886.642613 -59.378112 0.001923
331 3310.000000 8.896028 -68.403623 -59.507596 14630.955108 -59.507596 0.001922
332 3320.000000 8.858534 -68.410396 -59.551862 14569.289801 -59.551862 0.001915
333 3330.000000 9.018660 -68.454465 -59.435805 14832.642965 -59.435805 0.001902
334 3340.000000 9.136405 -68.499900 -59.363495 15026.293882 -59.363495 0.001890
335 3350.000000 9.223503 -68.529813 -59.306311 15169.540627 -59.306311 0.001882
336 3360.000000 9.088678 -68.573108 -59.484430 14947.800187 -59.484430 0.001878
337 3370.000000 8.850345 -68.621062 -59.770718 14555.822005 -59.770718 0.001875
338 3380.000000 8.662188 -68.666888 -60.004700 14246.367341 -60.004700 0.001878
339 3390.000000 8.612289 -68.706843 -60.094555 14164.300694 -60.094555 0.001882
340 3400.000000 8.880222 -68.744719 -59.864496 14604.960559 -59.864496 0.001883
341 3410.000000 8.973545 -68.757817 -59.784273 14758.444109 -59.784273 0.001881
342 3420.000000 8.982650 -68.765007 -59.782357 14773.419716 -59.782357 0.001877
343 3430.000000 8.898044 -68.753597 -59.855553 14634.271597 -59.855553 0.001880
344 3440.000000 8.716046 -68.729268 -60.013222 14334.946056 -60.013222 0.001886
345 3450.000000 8.686090 -68.688790 -60.002699 14285.679182 -60.002699 0.001891
346 3460.000000 8.481310 -68.651590 -60.170280 13948.884781 -60.170280 0.001897
347 3470.000000 8.728984 -68.639595 -59.910610 14356.224937 -59.910610 0.001896
348 3480.000000 8.554307 -68.630821 -60.076514 14068.939387 -60.076514 0.001904
349 3490.000000 8.651136 -68.612530 -59.961394 14228.190854 -59.961394 0.001915
350 3500.000000 8.839593 -68.583245 -59.743651 14538.139516 -59.743651 0.001929
351 3510.000000 8.831351 -68.552823 -59.721472 14524.584201 -59.721472 0.001947
352 3520.000000 8.806410 -68.498112 -59.691703 14483.563505 -59.691703 0.001969
353 3530.000000 9.259792 -68.464914 -59.205122 15229.224657 -59.205122 0.001983
354 3540.000000 9.481560 -68.450454 -58.968894 15593.957531 -58.968894 0.001997
355 3550.000000 9.647587 -68.430106 -58.782519 15867.016425 -58.782519 0.002012
356 3560.000000 9.601421 -68.401372 -58.799951 15791.088785 -58.799951 0.002025
357 3570.000000 9.534058 -68.392108 -58.858050 15680.298781 -58.858050 0.002033
358 3580.000000 10.277368 -68.415486 -58.138118 16902.792847 -58.138118 0.002032
359 3590.000000 10.230392 -68.475787 -58.245395 16825.532780 -58.245395 0.002018
360 3600.000000 10.551714 -68.524751 -57.973037 17353.998539 -57.973037 0.002002
361 3610.000000 10.603917 -68.586967 -57.983049 17439.855693 -57.983049 0.001979
362 3620.000000 10.626014 -68.627676 -58.001662 17476.196312 -58.001662 0.001961
363 3630.000000 10.452849 -68.640533 -58.187684 17191.399267 -58.187684 0.001940
364 3640.000000 10.193935 -68.631654 -58.437719 16765.572954 -58.437719 0.001925
365 3650.000000 9.850732 -68.625099 -58.774368 16201.120414 -58.774368 0.001911
366 3660.000000 9.804924 -68.625336 -58.820412 16125.782573 -58.820412 0.001895
367 3670.000000 9.848947 -68.634008 -58.785061 16198.184097 -58.785061 0.001873
368 3680.000000 9.519826 -68.646290 -59.126464 15656.892763 -59.126464 0.001854
369 3690.000000 9.279094 -68.645454 -59.366360 15260.969983 -59.366360 0.001848
370 3700.000000 8.648032 -68.647974 -59.999942 14223.086415 -59.999942 0.001853
371 3710.000000 8.721485 -68.661589 -59.940105 14343.890656 -59.940105 0.001862
372 3720.000000 8.614194 -68.678875 -60.064681 14167.434690 -60.064681 0.001874
373 3730.000000 8.590863 -68.693777 -60.102914 14129.062177 -60.102914 0.001889
374 3740.000000 8.718638 -68.677819 -59.959181 14339.209770 -59.959181 0.001907
375 3750.000000 9.032915 -68.663138 -59.630222 14856.089081 -59.630222 0.001922
376 3760.000000 8.887002 -68.635138 -59.748136 14616.110605 -59.748136 0.001943
377 3770.000000 8.873732 -68.614127 -59.740395 14594.285640 -59.740395 0.001956
378 3780.000000 9.063754 -68.600480 -59.536726 14906.808620 -59.536726 0.001966
379 3790.000000 8.881858 -68.593262 -59.711404 14607.651415 -59.711404 0.001971
380 3800.000000 8.678128 -68.596767 -59.918639 14272.584149 -59.918639 0.001972
381 3810.000000 8.576736 -68.604355 -60.027618 14105.828491 -60.027618 0.001969
382 3820.000000 8.248367 -68.605938 -60.357572 13565.771784 -60.357572 0.001962
383 3830.000000 8.179686 -68.595022 -60.415336 13452.815738 -60.415336 0.001958
384 3840.000000 8.227945 -68.567870 -60.339925 13532.184779 -60.339925 0.001954
385 3850.000000 8.063322 -68.541849 -60.478527 13261.435992 -60.478527 0.001951
386 3860.000000 7.925818 -68.521796 -60.595978 13035.289168 -60.595978 0.001950
387 3870.000000 8.288353 -68.511450 -60.223097 13631.535945 -60.223097 0.001948
388 3880.000000 8.761760 -68.502378 -59.740618 14410.129933 -59.740618 0.001946
389 3890.000000 9.180681 -68.483609 -59.302928 15099.113217 -59.302928 0.001946
390 3900.000000 9.388258 -68.444509 -59.056251 15440.506608 -59.056251 0.001951
391 3910.000000 9.170627 -68.421746 -59.251119 15082.577678 -59.251119 0.001956
392 3920.000000 9.187655 -68.443315 -59.255659 15110.583810 -59.255659 0.001948
393 3930.000000 9.255834 -68.525097 -59.269263 15222.714835 -59.269263 0.001936
394 3940.000000 9.365674 -68.599369 -59.233695 15403.364226 -59.233695 0.001930
395 3950.000000 9.256786 -68.623615 -59.366829 15224.280029 -59.366829 0.001936
396 3960.000000 9.172478 -68.600817 -59.428340 15085.621939 -59.428340 0.001950
397 3970.000000 8.723625 -68.549575 -59.825950 14347.410913 -59.825950 0.001968
398 3980.000000 8.337693 -68.511336 -60.173643 13712.683879 -60.173643 0.001981
399 3990.000000 8.035946 -68.504097 -60.468151 13216.411250 -60.468151 0.001980
400 4000.000000 8.088760 -68.521128 -60.432368 13303.272436 -60.432368 0.001980
401 4010.000000 8.238926 -68.565440 -60.326514 13550.245699 -60.326514 0.001978
402 4020.000000 8.341905 -68.607150 -60.265245 13719.611076 -60.265245 0.001980
403 4030.000000 8.281578 -68.627973 -60.346395 13620.393761 -60.346395 0.001984
404 4040.000000 8.348214 -68.610350 -60.262135 13729.987416 -60.262135 0.001993
405 4050.000000 8.538457 -68.598951 -60.060494 14042.872702 -60.060494 0.001993
406 4060.000000 8.845472 -68.601429 -59.755957 14547.808665 -59.755957 0.001986
407 4070.000000 8.883748 -68.634293 -59.750546 14610.758526 -59.750546 0.001969
408 4080.000000 8.625938 -68.678890 -60.052952 14186.748570 -60.052952 0.001949
409 4090.000000 8.748869 -68.736183 -59.987314 14388.929455 -59.987314 0.001930
410 4100.000000 9.110082 -68.780122 -59.670040 14983.002304 -59.670040 0.001915
411 4110.000000 8.986980 -68.774101 -59.787121 14780.541571 -59.787121 0.001908
412 4120.000000 8.878619 -68.692327 -59.813708 14602.324015 -59.813708 0.001914
413 4130.000000 9.236432 -68.529367 -59.292936 15190.804124 -59.292936 0.001929
414 4140.000000 9.070760 -68.466366 -59.395605 14918.330856 -59.395605 0.001932
415 4150.000000 8.951873 -68.568531 -59.616657 14722.802227 -59.616657 0.001917
416 4160.000000 9.189980 -68.685648 -59.495668 15114.406935 -59.495668 0.001897
417 4170.000000 8.739019 -68.753451 -60.014432 14372.728066 -60.014432 0.001887
418 4180.000000 8.468872 -68.774269 -60.305396 13928.428974 -60.305396 0.001883
419 4190.000000 8.624491 -68.769363 -60.144872 14184.369045 -60.144872 0.001886
420 4200.000000 8.836001 -68.754709 -59.918708 14532.232246 -59.918708 0.001892
421 4210.000000 8.878714 -68.727180 -59.848466 14602.480205 -59.848466 0.001912
422 4220.000000 8.815442 -68.678204 -59.862762 14498.419270 -59.862762 0.001936
423 4230.000000 8.753226 -68.629717 -59.876491 14396.094441 -59.876491 0.001962
424 4240.000000 8.639865 -68.608992 -59.969127 14209.654625 -59.969127 0.001979
425 4250.000000 8.770217 -68.597609 -59.827392 14424.038215 -59.827392 0.001995
426 4260.000000 8.549244 -68.574598 -60.025354 14060.613854 -60.025354 0.002017
427 4270.000000 8.582033 -68.574775 -59.992742 14114.539804 -59.992742 0.002029
428 4280.000000 8.883059 -68.594137 -59.711078 14609.626225 -59.711078 0.002037
429 4290.000000 8.915424 -68.625718 -59.710294 14662.855949 -59.710294 0.002032
430 4300.000000 9.104330 -68.679991 -59.575661 14973.541771 -59.575661 0.002018
431 4310.000000 9.218419 -68.733118 -59.514700 15161.178949 -59.514700 0.002003
432 4320.000000 9.531038 -68.782244 -59.251206 15675.332555 -59.251206 0.001983
433 4330.000000 9.496983 -68.804600 -59.307617 15619.323845 -59.307617 0.001968
434 4340.000000 9.654330 -68.823696 -59.169366 15878.105389 -59.169366 0.001946
435 4350.000000 9.528545 -68.851385 -59.322840 15671.232125 -59.322840 0.001921
436 4360.000000 9.520415 -68.855250 -59.334835 15657.860901 -59.334835 0.001906
437 4370.000000 9.777716 -68.839579 -59.061863 16081.033961 -59.061863 0.001902
438 4380.000000 9.920779 -68.791259 -58.870480 16316.324608 -58.870480 0.001914
439 4390.000000 9.806495 -68.727713 -58.921218 16128.365334 -58.921218 0.001930
440 4400.000000 9.933980 -68.676077 -58.742097 16338.035184 -58.742097 0.001938
441 4410.000000 9.921937 -68.624118 -58.702182 16318.228082 -58.702182 0.001945
442 4420.000000 10.017036 -68.590833 -58.573796 16474.634987 -58.573796 0.001956
443 4430.000000 10.017454 -68.593912 -58.576458 16475.322586 -58.576458 0.001962
444 4440.000000 9.949406 -68.606974 -58.657568 16363.405747 -58.657568 0.001970
445 4450.000000 9.647016 -68.578639 -58.931623 15866.076314 -58.931623 0.001985
446 4460.000000 9.338563 -68.506251 -59.167687 15358.776328 -59.167687 0.002014
447 4470.000000 8.894949 -68.421116 -59.526168 14629.180732 -59.526168 0.002049
448 4480.000000 8.711208 -68.356186 -59.644978 14326.989229 -59.644978 0.002080
449 4490.000000 8.589389 -68.325852 -59.736462 14126.638937 -59.736462 0.002103
450 4500.000000 8.514003 -68.284168 -59.770165 14002.654330 -59.770165 0.002117
451 4510.000000 8.223859 -68.259600 -60.035741 13525.465633 -60.035741 0.002119
452 4520.000000 8.078706 -68.233349 -60.154643 13286.736741 -60.154643 0.002114
453 4530.000000 8.178892 -68.239169 -60.060277 13451.509384 -60.060277 0.002094
454 4540.000000 8.272847 -68.276469 -60.003622 13606.033369 -60.003622 0.002065
455 4550.000000 8.262025 -68.341800 -60.079775 13588.235906 -60.079775 0.002023
456 4560.000000 8.498029 -68.415340 -59.917310 13976.382373 -59.917310 0.001978
457 4570.000000 8.544819 -68.479508 -59.934690 14053.335301 -59.934690 0.001941
458 4580.000000 8.450949 -68.514548 -60.063599 13898.951947 -60.063599 0.001919
459 4590.000000 8.335214 -68.531935 -60.196721 13708.605878 -60.196721 0.001910
460 4600.000000 8.235332 -68.552811 -60.317479 13544.334320 -60.317479 0.001907
461 4610.000000 7.842365 -68.581532 -60.739167 12898.036670 -60.739167 0.001911
462 4620.000000 7.824381 -68.625902 -60.801521 12868.458943 -60.801521 0.001919
463 4630.000000 8.178866 -68.684343 -60.505476 13451.466784 -60.505476 0.001935
464 4640.000000 8.393471 -68.742705 -60.349234 13804.418842 -60.349234 0.001954
465 4650.000000 8.131045 -68.798488 -60.667443 13372.817618 -60.667443 0.001971
466 4660.000000 8.692539 -68.866727 -60.174188 14296.285571 -60.174188 0.001980
467 4670.000000 8.938349 -68.929573 -59.991224 14700.558485 -59.991224 0.001992
468 4680.000000 9.237291 -69.004299 -59.767009 15192.216956 -59.767009 0.001998
469 4690.000000 9.452536 -69.067304 -59.614768 15546.222627 -59.614768 0.002001
470 4700.000000 9.309178 -69.086756 -59.777578 15310.447795 -59.777578 0.002011
471 4710.000000 9.261654 -69.070268 -59.808614 15232.286507 -59.808614 0.002022
472 4720.000000 9.431188 -69.037884 -59.606696 15511.113084 -59.606696 0.002029
473 4730.000000 8.853471 -68.995181 -60.141711 14560.963133 -60.141711 0.002030
474 4740.000000 9.123269 -68.958485 -59.835216 15004.690781 -59.835216 0.002023
475 4750.000000 9.253598 -68.937309 -59.683711 15219.037898 -59.683711 0.002009
476 4760.000000 9.372579 -68.941436 -59.568857 15414.721286 -59.568857 0.001982
477 4770.000000 8.932458 -68.971766 -60.039308 14690.870733 -60.039308 0.001960
478 4780.000000 9.180156 -68.993656 -59.813501 15098.249371 -59.813501 0.001943
479 4790.000000 9.433517 -68.993298 -59.559780 15514.943564 -59.559780 0.001940
480 4800.000000 9.616946 -68.963114 -59.346168 15816.622018 -59.346168 0.001932
481 4810.000000 9.624452 -68.904722 -59.280270 15828.966342 -59.280270 0.001937
482 4820.000000 9.484372 -68.846301 -59.361929 15598.582560 -59.361929 0.001946
483 4830.000000 9.089628 -68.791296 -59.701668 14949.362568 -59.701668 0.001953
484 4840.000000 8.518229 -68.757807 -60.239578 14009.604093 -60.239578 0.001960
485 4850.000000 8.401809 -68.751709 -60.349900 13818.132678 -60.349900 0.001964
486 4860.000000 8.504672 -68.759064 -60.254392 13987.307039 -60.254392 0.001967
487 4870.000000 8.709511 -68.789099 -60.079588 14324.198525 -60.079588 0.001958
488 4880.000000 8.820709 -68.796835 -59.976126 14507.080777 -59.976126 0.001950
489 4890.000000 8.840233 -68.774068 -59.933836 14539.190841 -59.933836 0.001953
490 4900.000000 9.089682 -68.724772 -59.635091 14949.450434 -59.635091 0.001962
491 4910.000000 9.150423 -68.677489 -59.527066 15049.349025 -59.527066 0.001972
492 4920.000000 9.469846 -68.682644 -59.212799 15574.691166 -59.212799 0.001972
493 4930.000000 9.607463 -68.766106 -59.158643 15801.024565 -59.158643 0.001960
494 4940.000000 9.799204 -68.843189 -59.043985 16116.374448 -59.043985 0.001949
495 4950.000000 9.718254 -68.872534 -59.154280 15983.239127 -59.154280 0.001943
496 4960.000000 9.724396 -68.842528 -59.118132 15993.340237 -59.118132 0.001949
497 4970.000000 9.470016 -68.776703 -59.306687 15574.971260 -59.306687 0.001960
498 4980.000000 8.958921 -68.701395 -59.742473 14734.393730 -59.742473 0.001973
499 4990.000000 9.225208 -68.652232 -59.427024 15172.345466 -59.427024 0.001979
500 5000.000000 9.189230 -68.604307 -59.415076 15113.174258 -59.415076 0.001981
501 5010.000000 9.009118 -68.571389 -59.562271 14816.949788 -59.562271 0.001985
502 5020.000000 8.654372 -68.545125 -59.890752 14233.513678 -59.890752 0.001988
503 5030.000000 8.979751 -68.518889 -59.539138 14768.651656 -59.539138 0.001994
504 5040.000000 9.044732 -68.518861 -59.474129 14875.524044 -59.474129 0.002002
505 5050.000000 9.637585 -68.520248 -58.882663 15850.566437 -58.882663 0.002011
506 5060.000000 9.800356 -68.517670 -58.717315 16118.268908 -58.717315 0.002019
507 5070.000000 9.875661 -68.528092 -58.652431 16242.119572 -58.652431 0.002023
508 5080.000000 9.702390 -68.546247 -58.843857 15957.148619 -58.843857 0.002015
509 5090.000000 9.446845 -68.557354 -59.110509 15536.863013 -59.110509 0.002008
510 5100.000000 9.314934 -68.522378 -59.207445 15319.913556 -59.207445 0.002007
511 5110.000000 9.104859 -68.451772 -59.346913 14974.412651 -59.346913 0.002018
512 5120.000000 9.201180 -68.333468 -59.132288 15132.826558 -59.132288 0.002035
513 5130.000000 9.377944 -68.185642 -58.807698 15423.544599 -58.807698 0.002056
514 5140.000000 9.413941 -68.120316 -58.706374 15482.747748 -58.706374 0.002060
515 5150.000000 9.441426 -68.199567 -58.758141 15527.950757 -58.758141 0.002039
516 5160.000000 9.175686 -68.304987 -59.129301 15090.898498 -59.129301 0.002003
517 5170.000000 9.712130 -68.412591 -58.700461 15973.167599 -58.700461 0.001964
518 5180.000000 9.641354 -68.465529 -58.824175 15856.764584 -58.824175 0.001942
519 5190.000000 9.761151 -68.468346 -58.707195 16053.790409 -58.707195 0.001933
520 5200.000000 9.623940 -68.437212 -58.813272 15828.124487 -58.813272 0.001933
521 5210.000000 9.544791 -68.396918 -58.852127 15697.950697 -58.852127 0.001942
522 5220.000000 9.696465 -68.354109 -58.657644 15947.403489 -58.657644 0.001954
523 5230.000000 9.273086 -68.339561 -59.066475 15251.087840 -59.066475 0.001966
524 5240.000000 9.326734 -68.347589 -59.020856 15339.320367 -59.020856 0.001975
525 5250.000000 9.375249 -68.389443 -59.014194 15419.112404 -59.014194 0.001976
526 5260.000000 9.101303 -68.449979 -59.348676 14968.564034 -59.348676 0.001974
527 5270.000000 9.427350 -68.512101 -59.084750 15504.801219 -59.084750 0.001970
528 5280.000000 9.395541 -68.557488 -59.161947 15452.485271 -59.161947 0.001961
529 5290.000000 9.594147 -68.605199 -59.011052 15779.124606 -59.011052 0.001951
530 5300.000000 9.443771 -68.643913 -59.200142 15531.806847 -59.200142 0.001940
531 5310.000000 9.544916 -68.684719 -59.139803 15698.156002 -59.139803 0.001928
532 5320.000000 9.583135 -68.732548 -59.149413 15761.014277 -59.149413 0.001917
533 5330.000000 9.627268 -68.783821 -59.156553 15833.597638 -59.156553 0.001915
534 5340.000000 9.603440 -68.801210 -59.197770 15794.408805 -59.197770 0.001922
535 5350.000000 9.125727 -68.799300 -59.673574 15008.732541 -59.673574 0.001932
536 5360.000000 9.172287 -68.777694 -59.605407 15085.307336 -59.605407 0.001948
537 5370.000000 9.173779 -68.741787 -59.568009 15087.761647 -59.568009 0.001963
538 5380.000000 9.226564 -68.694985 -59.468421 15174.575824 -59.468421 0.001968
539 5390.000000 9.085763 -68.662797 -59.577034 14943.005955 -59.577034 0.001968
540 5400.000000 8.909332 -68.662113 -59.752781 14652.835682 -59.752781 0.001957
541 5410.000000 8.962096 -68.665164 -59.703069 14739.614288 -59.703069 0.001945
542 5420.000000 8.824628 -68.677987 -59.853359 14513.526220 -59.853359 0.001931
543 5430.000000 8.568238 -68.694175 -60.125937 14091.851986 -60.125937 0.001918
544 5440.000000 8.212991 -68.708401 -60.495410 13507.591324 -60.495410 0.001902
545 5450.000000 8.036880 -68.741359 -60.704479 13217.948556 -60.704479 0.001884
546 5460.000000 8.282015 -68.770844 -60.488829 13621.111827 -60.488829 0.001860
547 5470.000000 7.968556 -68.781586 -60.813030 13105.578033 -60.813030 0.001838
548 5480.000000 7.640486 -68.781640 -61.141153 12566.014440 -61.141153 0.001825
549 5490.000000 7.844972 -68.769573 -60.924601 12902.324531 -60.924601 0.001815
550 5500.000000 7.919403 -68.759371 -60.839968 13024.738134 -60.839968 0.001812
551 5510.000000 8.033911 -68.752877 -60.718966 13213.064546 -60.718966 0.001815
552 5520.000000 8.001004 -68.758881 -60.757877 13158.944237 -60.757877 0.001822
553 5530.000000 7.942467 -68.775455 -60.832988 13062.670185 -60.832988 0.001835
554 5540.000000 7.853457 -68.799098 -60.945641 12916.278629 -60.945641 0.001846
555 5550.000000 8.002837 -68.820977 -60.818140 13161.957839 -60.818140 0.001857
556 5560.000000 7.960679 -68.822645 -60.861966 13092.622999 -60.861966 0.001861
557 5570.000000 7.691186 -68.821699 -61.130514 12649.397659 -61.130514 0.001869
558 5580.000000 7.769746 -68.814297 -61.044550 12778.603463 -61.044550 0.001877
559 5590.000000 7.586821 -68.789166 -61.202345 12477.752832 -61.202345 0.001889
560 5600.000000 7.631421 -68.748092 -61.116671 12551.104665 -61.116671 0.001904
561 5610.000000 7.602041 -68.693914 -61.091874 12502.784657 -61.091874 0.001921
562 5620.000000 7.959568 -68.655607 -60.696039 13090.795429 -60.696039 0.001943
563 5630.000000 7.793982 -68.636107 -60.842125 12818.463490 -60.842125 0.001957
564 5640.000000 7.835160 -68.618677 -60.783517 12886.186003 -60.783517 0.001969
565 5650.000000 8.039650 -68.638566 -60.598916 13222.503336 -60.598916 0.001969
566 5660.000000 8.168111 -68.738743 -60.570631 13433.779174 -60.570631 0.001949
567 5670.000000 8.861493 -68.900324 -60.038831 14574.157026 -60.038831 0.001914
568 5680.000000 8.846416 -69.034171 -60.187755 14549.360375 -60.187755 0.001882
569 5690.000000 9.101588 -69.119229 -60.017641 14969.031993 -60.017641 0.001864
570 5700.000000 9.438051 -69.162654 -59.724603 15522.399476 -59.724603 0.001858
571 5710.000000 9.568754 -69.180016 -59.611262 15737.361813 -59.611262 0.001868
572 5720.000000 9.804976 -69.162443 -59.357467 16125.868137 -59.357467 0.001894
573 5730.000000 9.753653 -69.099083 -59.345430 16041.457983 -59.345430 0.001932
574 5740.000000 9.376451 -69.015294 -59.638844 15421.088437 -59.638844 0.001966
575 5750.000000 9.663403 -68.991730 -59.328327 15893.027530 -59.328327 0.001983
576 5760.000000 9.381043 -69.030186 -59.649143 15428.641530 -59.649143 0.001985
577 5770.000000 9.259678 -69.058687 -59.799008 15229.037460 -59.799008 0.001982
578 5780.000000 9.212383 -69.052697 -59.840314 15151.252950 -59.840314 0.001978
579 5790.000000 9.288354 -69.018354 -59.730001 15276.198650 -59.730001 0.001984
580 5800.000000 9.573880 -68.960977 -59.387097 15745.793072 -59.387097 0.001996
581 5810.000000 9.558346 -68.919938 -59.361592 15720.244118 -59.361592 0.002002
582 5820.000000 9.206392 -68.911182 -59.704790 15141.398725 -59.704790 0.001996
583 5830.000000 9.316976 -68.885575 -59.568599 15323.272010 -59.568599 0.001984
584 5840.000000 9.225395 -68.847515 -59.622119 15172.653441 -59.622119 0.001979
585 5850.000000 9.059306 -68.813063 -59.753758 14899.491799 -59.753758 0.001968
586 5860.000000 9.000115 -68.786470 -59.786355 14802.143294 -59.786355 0.001955
587 5870.000000 9.323201 -68.758373 -59.435172 15333.510635 -59.435172 0.001950
588 5880.000000 9.324107 -68.765208 -59.441101 15335.000005 -59.441101 0.001933
589 5890.000000 9.414531 -68.787814 -59.373282 15483.718094 -59.373282 0.001921
590 5900.000000 9.376953 -68.820502 -59.443549 15421.914409 -59.443549 0.001902
591 5910.000000 8.821810 -68.831845 -60.010035 14508.891554 -60.010035 0.001891
592 5920.000000 8.567404 -68.845240 -60.277836 14090.480857 -60.277836 0.001874
593 5930.000000 9.014421 -68.848024 -59.833604 14825.671339 -59.833604 0.001862
594 5940.000000 8.797371 -68.829827 -60.032455 14468.698666 -60.032455 0.001860
595 5950.000000 9.285295 -68.793625 -59.508331 15271.167610 -59.508331 0.001860
596 5960.000000 9.306414 -68.758926 -59.452512 15305.901781 -59.452512 0.001864
597 5970.000000 9.431212 -68.727283 -59.296072 15511.151589 -59.296072 0.001864
598 5980.000000 9.357800 -68.697165 -59.339365 15390.414547 -59.339365 0.001860
599 5990.000000 9.429609 -68.664331 -59.234722 15508.515542 -59.234722 0.001848
600 6000.000000 8.952710 -68.636954 -59.684244 14724.177852 -59.684244 0.001844
601 6010.000000 8.720063 -68.605116 -59.885054 14341.552150 -59.885054 0.001844
602 6020.000000 8.504772 -68.556545 -60.051772 13987.472546 -60.051772 0.001848
603 6030.000000 8.810096 -68.515126 -59.705029 14489.627164 -59.705029 0.001852
604 6040.000000 8.810680 -68.481672 -59.670992 14490.586841 -59.670992 0.001856
605 6050.000000 8.775249 -68.466314 -59.691064 14432.315100 -59.691064 0.001866
606 6060.000000 9.105489 -68.492381 -59.386891 14975.448426 -59.386891 0.001875
607 6070.000000 9.011509 -68.533745 -59.522236 14820.883391 -59.522236 0.001887
608 6080.000000 8.825359 -68.572382 -59.747023 14514.729229 -59.747023 0.001897
609 6090.000000 8.684359 -68.596569 -59.912210 14282.830921 -59.912210 0.001915
610 6100.000000 8.982708 -68.621304 -59.638596 14773.514675 -59.638596 0.001940
611 6110.000000 8.620929 -68.638149 -60.017219 14178.511533 -60.017219 0.001972
612 6120.000000 8.995332 -68.615611 -59.620279 14794.277190 -59.620279 0.002020
613 6130.000000 8.647995 -68.581320 -59.933325 14223.025897 -59.933325 0.002068
614 6140.000000 8.844463 -68.594937 -59.750474 14546.148134 -59.750474 0.002099
615 6150.000000 8.802313 -68.639717 -59.837404 14476.825854 -59.837404 0.002114
616 6160.000000 8.840471 -68.698583 -59.858112 14539.582328 -59.858112 0.002116
617 6170.000000 9.093604 -68.765055 -59.671450 14955.901884 -59.671450 0.002105
618 6180.000000 8.898047 -68.788796 -59.890749 14634.275987 -59.890749 0.002091
619 6190.000000 8.949286 -68.759108 -59.809822 14718.547729 -59.809822 0.002081
620 6200.000000 9.191168 -68.662498 -59.471330 15116.361342 -59.471330 0.002075
621 6210.000000 9.346159 -68.608980 -59.262821 15371.267999 -59.262821 0.002048
622 6220.000000 9.691965 -68.642597 -58.950632 15940.002970 -58.950632 0.002003
623 6230.000000 9.865824 -68.731428 -58.865603 16225.942299 -58.865603 0.001947
624 6240.000000 9.824838 -68.787009 -58.962170 16158.534065 -58.962170 0.001894
625 6250.000000 9.895216 -68.803633 -58.908416 16274.282104 -58.908416 0.001853
626 6260.000000 10.004260 -68.793036 -58.788776 16453.622061 -58.788776 0.001820
627 6270.000000 10.218260 -68.762754 -58.544494 16805.578980 -58.544494 0.001805
628 6280.000000 10.490481 -68.714907 -58.224426 17253.290902 -58.224426 0.001797
629 6290.000000 9.881566 -68.667004 -58.785437 16251.832458 -58.785437 0.001801
630 6300.000000 9.886436 -68.624268 -58.737832 16259.842254 -58.737832 0.001812
631 6310.000000 9.625008 -68.593905 -58.968898 15829.880301 -58.968898 0.001825
632 6320.000000 9.679456 -68.580836 -58.901380 15919.429574 -58.901380 0.001837
633 6330.000000 9.575552 -68.588484 -59.012932 15748.542621 -59.012932 0.001851
634 6340.000000 9.526972 -68.605934 -59.078962 15668.644812 -59.078962 0.001865
635 6350.000000 9.602833 -68.621566 -59.018732 15793.411176 -59.018732 0.001880
636 6360.000000 9.973010 -68.616117 -58.643106 16402.227210 -58.643106 0.001893
637 6370.000000 9.996421 -68.602154 -58.605733 16440.730184 -58.605733 0.001903
638 6380.000000 9.959827 -68.594768 -58.634941 16380.545273 -58.634941 0.001907
639 6390.000000 9.575209 -68.632787 -59.057578 15747.978834 -59.057578 0.001895
640 6400.000000 9.668004 -68.684008 -59.016004 15900.594060 -59.016004 0.001884
641 6410.000000 9.770780 -68.723601 -58.952821 16069.625894 -58.952821 0.001876
642 6420.000000 9.831977 -68.747525 -58.915548 16170.275202 -58.915548 0.001875
643 6430.000000 9.569515 -68.742992 -59.173477 15738.613631 -59.173477 0.001883
644 6440.000000 9.452684 -68.734903 -59.282219 15546.466277 -59.282219 0.001891
645 6450.000000 9.527422 -68.721406 -59.193984 15669.384424 -59.193984 0.001894
646 6460.000000 9.685565 -68.709679 -59.024113 15929.476930 -59.024113 0.001895
647 6470.000000 9.678735 -68.697547 -59.018812 15918.244423 -59.018812 0.001895
648 6480.000000 9.612721 -68.686022 -59.073301 15809.673313 -59.073301 0.001894
649 6490.000000 9.936601 -68.657904 -58.721303 16342.346296 -58.721303 0.001899
650 6500.000000 10.366788 -68.625612 -58.258824 17049.857642 -58.258824 0.001902
651 6510.000000 10.492614 -68.592983 -58.100368 17256.799759 -58.100368 0.001898
652 6520.000000 10.465369 -68.562737 -58.097369 17211.989934 -58.097369 0.001891
653 6530.000000 10.339115 -68.524927 -58.185812 17004.344631 -58.185812 0.001889
654 6540.000000 10.646367 -68.510263 -57.863896 17509.671400 -57.863896 0.001885
655 6550.000000 10.431953 -68.520157 -58.088204 17157.032297 -58.088204 0.001880
656 6560.000000 10.607747 -68.527362 -57.919616 17446.153303 -57.919616 0.001883
657 6570.000000 10.785340 -68.532206 -57.746866 17738.233820 -57.746866 0.001890
658 6580.000000 10.850617 -68.548825 -57.698208 17845.593646 -57.698208 0.001897
659 6590.000000 11.103973 -68.559514 -57.455541 18262.278594 -57.455541 0.001906
660 6600.000000 11.115189 -68.563790 -57.448602 18280.723714 -57.448602 0.001926
661 6610.000000 11.243173 -68.556441 -57.313268 18491.214974 -57.313268 0.001954
662 6620.000000 11.309034 -68.553802 -57.244768 18599.533868 -57.244768 0.001985
663 6630.000000 11.577309 -68.565428 -56.988120 19040.755077 -56.988120 0.002010
664 6640.000000 11.792057 -68.604314 -56.812258 19393.942686 -56.812258 0.002026
665 6650.000000 11.845163 -68.651622 -56.806459 19481.284304 -56.806459 0.002034
666 6660.000000 11.912200 -68.685487 -56.773287 19591.537689 -56.773287 0.002041
667 6670.000000 11.643553 -68.691007 -57.047454 19149.704404 -57.047454 0.002051
668 6680.000000 11.501362 -68.665949 -57.164587 18915.849078 -57.164587 0.002073
669 6690.000000 10.886929 -68.618472 -57.731542 17905.314176 -57.731542 0.002091
670 6700.000000 10.607390 -68.569787 -57.962397 17445.567193 -57.962397 0.002100
671 6710.000000 10.381450 -68.535166 -58.153717 17073.971308 -58.153717 0.002097
672 6720.000000 9.850889 -68.532098 -58.681209 16201.377919 -58.681209 0.002079
673 6730.000000 10.047537 -68.530639 -58.483102 16524.797758 -58.483102 0.002051
674 6740.000000 10.193880 -68.525330 -58.331450 16765.483663 -58.331450 0.002016
675 6750.000000 9.754826 -68.491910 -58.737083 16043.387924 -58.737083 0.001990
676 6760.000000 9.792080 -68.446608 -58.654528 16104.658266 -58.654528 0.001967
677 6770.000000 10.248982 -68.389981 -58.140999 16856.106913 -58.140999 0.001954
678 6780.000000 9.954467 -68.332295 -58.377828 16371.729370 -58.377828 0.001946
679 6790.000000 10.016964 -68.277185 -58.260222 16474.515141 -58.260222 0.001942
680 6800.000000 9.889057 -68.225082 -58.336025 16264.151930 -58.336025 0.001940
681 6810.000000 10.145211 -68.135198 -57.989987 16685.438929 -57.989987 0.001948
682 6820.000000 9.833176 -67.974510 -58.141334 16172.246864 -58.141334 0.001965
683 6830.000000 9.306626 -67.802825 -58.496199 15306.250803 -58.496199 0.001980
684 6840.000000 9.578529 -67.892260 -58.313731 15753.438264 -58.313731 0.001959
685 6850.000000 9.624229 -68.079401 -58.455172 15828.600073 -58.455172 0.001921
686 6860.000000 9.526714 -68.188052 -58.661338 15668.220669 -58.661338 0.001894
687 6870.000000 9.584019 -68.255498 -58.671479 15762.467567 -58.671479 0.001877
688 6880.000000 9.326725 -68.316639 -58.989914 15339.307013 -58.989914 0.001859
689 6890.000000 9.334739 -68.374353 -59.039614 15352.486516 -59.039614 0.001845
690 6900.000000 9.366773 -68.421989 -59.055216 15405.171532 -59.055216 0.001838
691 6910.000000 9.593427 -68.425184 -58.831757 15777.941231 -58.831757 0.001841
692 6920.000000 9.540159 -68.396930 -58.856771 15690.332279 -58.856771 0.001845
693 6930.000000 9.327229 -68.359963 -59.032734 15340.135467 -59.032734 0.001850
694 6940.000000 9.217765 -68.347640 -59.129876 15160.103531 -59.129876 0.001854
695 6950.000000 9.265982 -68.358357 -59.092376 15239.403990 -59.092376 0.001849
696 6960.000000 8.945487 -68.367043 -59.421556 14712.298378 -59.421556 0.001840
697 6970.000000 8.861414 -68.363979 -59.502565 14574.027412 -59.502565 0.001825
698 6980.000000 8.970361 -68.355751 -59.385390 14753.208841 -59.385390 0.001811
699 6990.000000 9.220715 -68.352346 -59.131631 15164.956477 -59.131631 0.001799
700 7000.000000 9.096540 -68.350656 -59.254116 14960.730266 -59.254116 0.001794
701 7010.000000 8.809626 -68.353737 -59.544110 14488.853707 -59.544110 0.001791
702 7020.000000 8.514776 -68.364657 -59.849881 14003.925788 -59.849881 0.001792
703 7030.000000 8.751166 -68.364051 -59.612884 14392.707308 -59.612884 0.001795
704 7040.000000 8.991331 -68.373136 -59.381805 14787.696815 -59.381805 0.001797
705 7050.000000 9.093349 -68.403444 -59.310095 14955.481383 -59.310095 0.001805
706 7060.000000 9.200699 -68.445465 -59.244766 15132.035613 -59.244766 0.001824
707 7070.000000 9.151861 -68.495569 -59.343708 15051.714000 -59.343708 0.001842
708 7080.000000 9.049697 -68.549750 -59.500053 14883.689766 -59.500053 0.001867
709 7090.000000 8.474841 -68.569941 -60.095100 13938.244813 -60.095100 0.001901
710 7100.000000 8.186441 -68.537698 -60.351257 13463.924762 -60.351257 0.001939
711 7110.000000 8.293568 -68.465347 -60.171779 13640.112815 -60.171779 0.001982
712 7120.000000 8.356714 -68.402375 -60.045661 13743.966293 -60.045661 0.002018
713 7130.000000 8.672811 -68.341509 -59.668698 14263.839636 -59.668698 0.002054
714 7140.000000 8.598836 -68.301169 -59.702333 14142.174859 -59.702333 0.002077
715 7150.000000 8.449699 -68.283958 -59.834258 13896.895891 -59.834258 0.002091
716 7160.000000 8.601212 -68.272504 -59.671292 14146.083263 -59.671292 0.002095
717 7170.000000 8.301683 -68.251326 -59.949643 13653.458467 -59.949643 0.002094
718 7180.000000 8.377696 -68.292293 -59.914596 13778.475536 -59.914596 0.002074
719 7190.000000 8.500114 -68.359334 -59.859221 13979.810949 -59.859221 0.002044
720 7200.000000 9.052483 -68.369293 -59.316810 14888.271722 -59.316810 0.002025
721 7210.000000 9.264552 -68.354332 -59.089780 15237.053469 -59.089780 0.002007
722 7220.000000 9.107408 -68.334368 -59.226960 14978.604876 -59.226960 0.001995
723 7230.000000 9.237192 -68.320649 -59.083458 15192.054039 -59.083458 0.001981
724 7240.000000 9.281588 -68.309948 -59.028360 15265.071575 -59.028360 0.001964
725 7250.000000 9.217320 -68.289382 -59.072062 15159.372472 -59.072062 0.001954
726 7260.000000 9.269010 -68.263792 -58.994782 15244.385242 -58.994782 0.001947
727 7270.000000 9.140301 -68.241886 -59.101585 15032.702160 -59.101585 0.001944
728 7280.000000 8.711439 -68.213006 -59.501567 14327.368385 -59.501567 0.001946
729 7290.000000 8.773131 -68.167676 -59.394544 14428.832207 -59.394544 0.001955
730 7300.000000 8.641692 -68.110251 -59.468559 14212.659014 -59.468559 0.001972
731 7310.000000 8.705425 -68.055727 -59.350302 14317.478065 -59.350302 0.001994
732 7320.000000 8.701256 -67.994212 -59.292956 14310.622089 -59.292956 0.002017
733 7330.000000 8.831711 -67.931007 -59.099296 14525.176165 -59.099296 0.002039
734 7340.000000 8.868441 -67.904256 -59.035815 14585.585026 -59.035815 0.002048
735 7350.000000 8.944367 -67.895267 -58.950900 14710.456538 -58.950900 0.002050
736 7360.000000 8.744961 -67.968798 -59.223836 14382.501777 -59.223836 0.002037
737 7370.000000 9.054519 -68.035454 -58.980936 14891.619020 -58.980936 0.002020
738 7380.000000 9.264570 -68.114150 -58.849580 15237.082054 -58.849580 0.002003
739 7390.000000 9.232992 -68.261268 -59.028275 15185.147869 -59.028275 0.001981
740 7400.000000 9.544501 -68.405457 -58.860957 15697.473357 -58.860957 0.001960
741 7410.000000 9.424723 -68.500244 -59.075521 15500.480638 -59.075521 0.001946
742 7420.000000 9.276773 -68.588531 -59.311757 15257.152739 -59.311757 0.001943
743 7430.000000 9.261353 -68.660160 -59.398807 15231.790921 -59.398807 0.001944
744 7440.000000 9.561994 -68.711349 -59.149354 15726.244401 -59.149354 0.001946
745 7450.000000 9.519261 -68.723643 -59.204382 15655.963263 -59.204382 0.001950
746 7460.000000 9.341760 -68.734741 -59.392981 15364.033161 -59.392981 0.001949
747 7470.000000 9.354343 -68.776883 -59.422540 15384.728772 -59.422540 0.001947
748 7480.000000 9.316974 -68.828385 -59.511411 15323.269280 -59.511411 0.001935
749 7490.000000 8.806793 -68.864844 -60.058051 14484.194146 -60.058051 0.001928
750 7500.000000 8.814599 -68.878502 -60.063902 14497.032693 -60.063902 0.001922
751 7510.000000 8.906177 -68.866250 -59.960073 14647.647440 -59.960073 0.001919
752 7520.000000 8.769915 -68.829974 -60.060060 14423.541657 -60.060060 0.001921
753 7530.000000 8.771950 -68.775651 -60.003701 14426.889868 -60.003701 0.001931
754 7540.000000 8.698326 -68.700884 -60.002557 14305.803053 -60.002557 0.001945
755 7550.000000 8.569148 -68.628176 -60.059028 14093.348377 -60.059028 0.001954
756 7560.000000 8.991927 -68.573468 -59.581541 14788.676400 -59.581541 0.001960
757 7570.000000 8.813814 -68.521014 -59.707200 14495.741574 -59.707200 0.001965
758 7580.000000 8.886783 -68.485518 -59.598735 14615.750057 -59.598735 0.001965
759 7590.000000 8.780912 -68.467928 -59.687016 14441.628583 -59.687016 0.001965
760 7600.000000 9.238294 -68.456944 -59.218650 15193.866641 -59.218650 0.001962
761 7610.000000 9.320717 -68.440860 -59.120144 15329.424947 -59.120144 0.001958
762 7620.000000 9.131429 -68.435133 -59.303704 15018.110368 -59.303704 0.001955
763 7630.000000 8.957699 -68.435835 -59.478136 14732.384008 -59.478136 0.001944
764 7640.000000 9.125036 -68.419890 -59.294854 15007.595561 -59.294854 0.001930
765 7650.000000 8.744818 -68.412088 -59.667270 14382.266405 -59.667270 0.001915
766 7660.000000 8.803232 -68.396669 -59.593437 14478.337925 -59.593437 0.001903
767 7670.000000 9.077741 -68.363805 -59.286063 14929.812709 -59.286063 0.001898
768 7680.000000 9.179405 -68.325628 -59.146223 15097.014217 -59.146223 0.001903
769 7690.000000 8.812712 -68.274429 -59.461717 14493.928556 -59.461717 0.001911
770 7700.000000 8.971435 -68.225633 -59.254197 14754.975129 -59.254197 0.001921
771 7710.000000 8.990067 -68.208526 -59.218459 14785.618591 -59.218459 0.001929
772 7720.000000 9.059879 -68.200956 -59.141078 14900.434399 -59.141078 0.001942
773 7730.000000 9.051299 -68.175510 -59.124211 14886.323880 -59.124211 0.001965
774 7740.000000 9.124695 -68.147423 -59.022728 15007.035467 -59.022728 0.001987
775 7750.000000 9.160881 -68.153692 -58.992811 15066.549447 -58.992811 0.002004
776 7760.000000 9.119622 -68.223471 -59.103849 14998.691267 -59.103849 0.002011
777 7770.000000 9.690390 -68.314022 -58.623632 15937.411905 -58.623632 0.002014
778 7780.000000 10.178935 -68.363510 -58.184575 16740.904069 -58.184575 0.002027
779 7790.000000 10.204688 -68.366932 -58.162244 16783.258199 -58.162244 0.002045
780 7800.000000 10.150447 -68.347990 -58.197543 16694.049789 -58.197543 0.002061
781 7810.000000 10.218783 -68.337335 -58.118552 16806.439846 -58.118552 0.002068
782 7820.000000 10.271790 -68.371895 -58.100104 16893.619069 -58.100104 0.002056
783 7830.000000 10.240362 -68.454973 -58.214610 16841.930536 -58.214610 0.002032
784 7840.000000 10.710523 -68.516259 -57.805736 17615.186333 -57.805736 0.002014
785 7850.000000 10.613988 -68.524261 -57.910273 17456.418719 -57.910273 0.002008
786 7860.000000 10.376345 -68.459462 -58.083117 17065.575769 -58.083117 0.002008
787 7870.000000 9.947409 -68.360556 -58.413147 16360.121872 -58.413147 0.002021
788 7880.000000 10.215742 -68.265294 -58.049552 16801.438455 -58.049552 0.002035
789 7890.000000 10.125318 -68.159649 -58.034330 16652.722373 -58.034330 0.002051
790 7900.000000 9.869233 -68.096451 -58.227219 16231.547720 -58.227219 0.002052
791 7910.000000 9.991781 -68.121288 -58.129507 16433.099170 -58.129507 0.002037
792 7920.000000 9.953989 -68.180584 -58.226595 16370.943783 -58.226595 0.002016
793 7930.000000 10.007764 -68.220150 -58.212386 16459.384855 -58.212386 0.001985
794 7940.000000 9.886761 -68.236564 -58.349804 16260.375598 -58.349804 0.001960
795 7950.000000 9.731195 -68.228400 -58.497205 16004.522309 -58.497205 0.001949
796 7960.000000 9.602788 -68.188219 -58.585431 15793.336728 -58.585431 0.001949
797 7970.000000 9.687635 -68.133266 -58.445632 15932.880458 -58.445632 0.001958
798 7980.000000 9.689045 -68.082455 -58.393411 15935.200025 -58.393411 0.001972
799 7990.000000 9.630291 -68.052629 -58.422337 15838.570146 -58.422337 0.001983
800 8000.000000 9.644636 -68.060036 -58.415400 15862.161755 -58.415400 0.001984
801 8010.000000 9.844581 -68.081364 -58.236783 16191.004050 -58.236783 0.001986
802 8020.000000 9.461716 -68.121772 -58.660056 15561.320766 -58.660056 0.001990
803 8030.000000 9.428962 -68.144404 -58.715442 15507.451459 -58.715442 0.001998
804 8040.000000 9.449035 -68.161748 -58.712713 15540.465403 -58.712713 0.002011
805 8050.000000 9.961146 -68.171887 -58.210741 16382.714174 -58.210741 0.002029
806 8060.000000 10.132189 -68.169972 -58.037783 16664.021684 -58.037783 0.002053
807 8070.000000 9.938076 -68.176021 -58.237944 16344.772522 -58.237944 0.002074
808 8080.000000 9.680626 -68.187730 -58.507103 15921.354470 -58.507103 0.002093
809 8090.000000 10.042518 -68.216579 -58.174061 16516.543652 -58.174061 0.002104
810 8100.000000 10.089613 -68.246377 -58.156764 16593.998628 -58.156764 0.002111
811 8110.000000 10.221941 -68.265124 -58.043183 16811.634038 -58.043183 0.002112
812 8120.000000 9.749692 -68.277471 -58.527779 16034.943853 -58.527779 0.002108
813 8130.000000 9.892179 -68.295615 -58.403436 16269.286609 -58.403436 0.002096
814 8140.000000 9.676589 -68.289790 -58.613201 15914.715008 -58.613201 0.002081
815 8150.000000 10.076832 -68.291056 -58.214224 16572.978348 -58.214224 0.002061
816 8160.000000 10.035469 -68.291680 -58.256211 16504.949996 -58.256211 0.002038
817 8170.000000 9.834297 -68.313007 -58.478710 16174.090088 -58.478710 0.002008
818 8180.000000 9.655592 -68.317745 -58.662153 15880.181800 -58.662153 0.001982
819 8190.000000 9.558628 -68.275584 -58.716955 15720.709034 -58.716955 0.001970
820 8200.000000 9.890114 -68.190107 -58.299993 16265.890006 -58.299993 0.001974
821 8210.000000 10.111082 -68.110829 -57.999746 16629.308839 -57.999746 0.001978
822 8220.000000 10.052503 -68.095533 -58.043031 16532.964743 -58.043031 0.001977
823 8230.000000 9.783191 -68.169593 -58.386402 16090.039040 -58.386402 0.001962
824 8240.000000 9.776982 -68.286673 -58.509690 16079.827490 -58.509690 0.001943
825 8250.000000 9.566823 -68.409897 -58.843074 15734.186666 -58.843074 0.001926
826 8260.000000 9.251532 -68.501934 -59.250402 15215.638996 -59.250402 0.001917
827 8270.000000 9.551447 -68.561854 -59.010407 15708.898648 -59.010407 0.001921
828 8280.000000 10.065158 -68.577481 -58.512323 16553.778718 -58.512323 0.001933
829 8290.000000 10.002000 -68.562524 -58.560525 16449.905008 -58.560525 0.001951
830 8300.000000 9.877222 -68.544734 -58.667512 16244.688013 -58.667512 0.001965
831 8310.000000 10.030851 -68.523831 -58.492980 16497.355510 -58.492980 0.001976
832 8320.000000 10.023142 -68.531761 -58.508619 16484.676204 -58.508619 0.001977
833 8330.000000 9.475231 -68.552990 -59.077759 15583.548685 -59.077759 0.001969
834 8340.000000 9.821655 -68.568794 -58.747139 16153.298842 -58.747139 0.001957
835 8350.000000 10.026330 -68.572691 -58.546361 16489.919116 -58.546361 0.001949
836 8360.000000 10.025739 -68.571645 -58.545906 16488.947341 -58.545906 0.001946
837 8370.000000 10.030095 -68.577999 -58.547904 16496.111736 -58.547904 0.001945
838 8380.000000 9.948358 -68.604540 -58.656183 16361.681925 -58.656183 0.001942
839 8390.000000 9.916341 -68.633564 -58.717223 16309.025198 -58.717223 0.001938
840 8400.000000 9.855892 -68.662048 -58.806156 16209.606450 -58.806156 0.001934
841 8410.000000 9.906340 -68.671988 -58.765648 16292.576751 -58.765648 0.001937
842 8420.000000 9.305890 -68.660191 -59.354301 15305.039607 -59.354301 0.001945
843 8430.000000 9.480636 -68.636910 -59.156274 15592.438161 -59.156274 0.001954
844 8440.000000 9.172534 -68.619984 -59.447450 15085.714111 -59.447450 0.001959
