# istep , time , K , V , E , T , H_eff, P
1 10.000000 6.133537 -69.124607 -62.991069 10087.593239 -62.991069 0.001739
2 20.000000 6.321412 -69.107749 -62.786337 10396.582825 -62.786337 0.001765
3 30.000000 6.198868 -69.082846 -62.883979 10195.039657 -62.883979 0.001791
4 40.000000 6.323799 -69.058604 -62.734806 10400.509243 -62.734806 0.001816
5 50.000000 6.296591 -69.028110 -62.731519 10355.760860 -62.731519 0.001840
6 60.000000 6.517971 -68.976153 -62.458182 10719.856241 -62.458182 0.001863
7 70.000000 7.053330 -68.942933 -61.889603 11600.340290 -61.889603 0.001883
8 80.000000 7.229037 -68.967779 -61.738742 11889.319115 -61.738742 0.001875
9 90.000000 7.672725 -69.022464 -61.349739 12619.036148 -61.349739 0.001858
10 100.000000 7.249197 -69.073176 -61.823979 11922.475698 -61.823979 0.001838
11 110.000000 7.363644 -69.066440 -61.702796 12110.703056 -61.702796 0.001830
12 120.000000 7.413922 -69.018476 -61.604553 12193.393439 -61.604553 0.001828
13 130.000000 7.523239 -68.953008 -61.429769 12373.181988 -61.429769 0.001822
14 140.000000 7.552150 -68.968886 -61.416736 12420.731515 -61.416736 0.001802
15 150.000000 7.779142 -69.015972 -61.236830 12794.056239 -61.236830 0.001767
16 160.000000 7.616955 -69.048424 -61.431469 12527.312843 -61.431469 0.001738
17 170.000000 7.347366 -69.045123 -61.697757 12083.931039 -61.697757 0.001723
18 180.000000 7.382639 -69.029422 -61.646783 12141.943439 -61.646783 0.001715
19 190.000000 7.387090 -69.003951 -61.616862 12149.262692 -61.616862 0.001709
20 200.000000 7.596876 -68.970133 -61.373257 12494.290147 -61.373257 0.001711
21 210.000000 7.714133 -68.937298 -61.223164 12687.138813 -61.223164 0.001717
22 220.000000 7.669900 -68.914928 -61.245028 12614.390551 -61.245028 0.001725
23 230.000000 7.745416 -68.887977 -61.142561 12738.588342 -61.142561 0.001742
24 240.000000 7.774951 -68.864183 -61.089232 12787.163049 -61.089232 0.001761
25 250.000000 8.220037 -68.831113 -60.611076 13519.179025 -60.611076 0.001780
26 260.000000 8.139057 -68.819248 -60.680191 13385.994376 -60.680191 0.001794
27 270.000000 8.342150 -68.828320 -60.486170 13720.014263 -60.486170 0.001808
28 280.000000 8.560634 -68.883256 -60.322622 14079.345473 -60.322622 0.001805
29 290.000000 8.516746 -68.943268 -60.426523 14007.164377 -60.426523 0.001797
30 300.000000 8.312216 -68.976468 -60.664252 13670.781975 -60.664252 0.001788
31 310.000000 8.426072 -68.978056 -60.551984 13858.037598 -60.551984 0.001786
32 320.000000 8.155587 -68.958559 -60.802971 13413.181295 -60.802971 0.001790
33 330.000000 8.152600 -68.909944 -60.757344 13408.268060 -60.757344 0.001799
34 340.000000 8.295698 -68.833374 -60.537677 13643.615688 -60.537677 0.001809
35 350.000000 8.133685 -68.767677 -60.633992 13377.158968 -60.633992 0.001821
36 360.000000 7.718266 -68.727066 -61.008799 12693.936167 -61.008799 0.001825
37 370.000000 7.893621 -68.697365 -60.803745 12982.334445 -60.803745 0.001824
38 380.000000 7.848276 -68.668681 -60.820405 12907.758557 -60.820405 0.001820
39 390.000000 8.013101 -68.640585 -60.627484 13178.839214 -60.627484 0.001809
40 400.000000 8.218908 -68.632651 -60.413743 13517.321970 -60.413743 0.001793
41 410.000000 8.391260 -68.620751 -60.229491 13800.782607 -60.229491 0.001772
42 420.000000 8.599377 -68.605020 -60.005643 14143.064758 -60.005643 0.001758
43 430.000000 8.886927 -68.593999 -59.707072 14615.987455 -59.707072 0.001750
44 440.000000 8.614063 -68.564986 -59.950922 14167.219115 -59.950922 0.001750
45 450.000000 8.544536 -68.532812 -59.988276 14052.870473 -59.988276 0.001753
46 460.000000 8.451562 -68.492869 -60.041307 13899.959817 -60.041307 0.001765
47 470.000000 8.193834 -68.462600 -60.268767 13476.083548 -60.268767 0.001777
48 480.000000 7.644817 -68.453955 -60.809138 12573.136478 -60.809138 0.001793
49 490.000000 8.141204 -68.452525 -60.311321 13389.525209 -60.311321 0.001805
50 500.000000 8.508835 -68.467381 -59.958546 13994.153463 -59.958546 0.001812
51 510.000000 8.659268 -68.505790 -59.846523 14241.564824 -59.846523 0.001814
52 520.000000 8.583804 -68.537456 -59.953652 14117.452805 -59.953652 0.001815
53 530.000000 8.726491 -68.578091 -59.851600 14352.124037 -59.851600 0.001813
54 540.000000 8.955762 -68.620303 -59.664541 14729.197748 -59.664541 0.001809
55 550.000000 9.098574 -68.684365 -59.585791 14964.075647 -59.585791 0.001801
56 560.000000 9.235685 -68.739238 -59.503553 15189.575964 -59.503553 0.001795
57 570.000000 9.192207 -68.776294 -59.584088 15118.069717 -59.584088 0.001782
58 580.000000 9.057090 -68.782347 -59.725257 14895.847704 -59.725257 0.001772
59 590.000000 9.218627 -68.782418 -59.563791 15161.521226 -59.563791 0.001762
60 600.000000 9.106421 -68.760716 -59.654296 14976.980469 -59.654296 0.001753
61 610.000000 8.978221 -68.734493 -59.756271 14766.135979 -59.756271 0.001750
62 620.000000 9.065965 -68.696104 -59.630139 14910.444662 -59.630139 0.001753
63 630.000000 9.105995 -68.665812 -59.559817 14976.280968 -59.559817 0.001759
64 640.000000 8.705065 -68.660745 -59.955680 14316.886154 -59.955680 0.001768
65 650.000000 8.642654 -68.653011 -60.010357 14214.241216 -60.010357 0.001773
66 660.000000 8.810584 -68.651644 -59.841060 14490.428935 -59.841060 0.001781
67 670.000000 8.967858 -68.641314 -59.673457 14749.091156 -59.673457 0.001790
68 680.000000 8.815313 -68.628917 -59.813604 14498.205903 -59.813604 0.001794
69 690.000000 8.946572 -68.617805 -59.671233 14714.083141 -59.671233 0.001798
70 700.000000 9.106802 -68.601473 -59.494672 14977.607041 -59.494672 0.001802
71 710.000000 9.055844 -68.561615 -59.505771 14893.799492 -59.505771 0.001816
72 720.000000 8.810620 -68.520703 -59.710083 14490.488280 -59.710083 0.001824
73 730.000000 8.897301 -68.497484 -59.600184 14633.048562 -59.600184 0.001831
74 740.000000 8.856154 -68.507215 -59.651061 14565.376751 -59.651061 0.001832
75 750.000000 8.968488 -68.542302 -59.573813 14750.128103 -59.573813 0.001824
76 760.000000 8.793681 -68.593411 -59.799731 14462.629038 -59.799731 0.001805
77 770.000000 9.037507 -68.632625 -59.595118 14863.640406 -59.595118 0.001791
78 780.000000 9.156187 -68.677090 -59.520903 15058.828452 -59.520903 0.001773
79 790.000000 9.322972 -68.690849 -59.367877 15333.134605 -59.367877 0.001763
80 800.000000 9.340329 -68.696126 -59.355797 15361.680675 -59.355797 0.001755
81 810.000000 9.140826 -68.693226 -59.552400 15033.565272 -59.552400 0.001749
82 820.000000 9.371850 -68.684223 -59.312373 15413.522132 -59.312373 0.001746
83 830.000000 9.764554 -68.685122 -58.920568 16059.386665 -58.920568 0.001748
84 840.000000 9.980519 -68.701048 -58.720528 16414.576653 -58.720528 0.001753
85 850.000000 10.236589 -68.719941 -58.483352 16835.725396 -58.483352 0.001758
86 860.000000 10.566748 -68.747643 -58.180895 17378.724497 -58.180895 0.001762
87 870.000000 10.267841 -68.776655 -58.508814 16887.123687 -58.508814 0.001762
88 880.000000 9.923526 -68.804951 -58.881424 16320.842829 -58.881424 0.001767
89 890.000000 9.891464 -68.856622 -58.965158 16268.110208 -58.965158 0.001763
90 900.000000 9.863817 -68.939160 -59.075343 16222.640925 -59.075343 0.001752
91 910.000000 10.170299 -69.026312 -58.856013 16726.699759 -58.856013 0.001735
92 920.000000 10.381606 -69.086435 -58.704828 17074.229310 -58.704828 0.001721
93 930.000000 9.995918 -69.111226 -59.115308 16439.902120 -59.115308 0.001719
94 940.000000 9.811534 -69.103160 -59.291626 16136.653465 -59.291626 0.001729
95 950.000000 9.933437 -69.050928 -59.117491 16337.142724 -59.117491 0.001751
96 960.000000 9.954572 -68.963731 -59.009159 16371.902985 -59.009159 0.001781
97 970.000000 9.584252 -68.858384 -59.274132 15762.850600 -59.274132 0.001812
98 980.000000 9.173786 -68.784058 -59.610272 15087.773323 -59.610272 0.001837
99 990.000000 8.932630 -68.755638 -59.823008 14691.154033 -59.823008 0.001850
100 1000.000000 8.797993 -68.794798 -59.996806 14469.720440 -59.996806 0.001852
101 1010.000000 9.096236 -68.850540 -59.754304 14960.229610 -59.754304 0.001840
102 1020.000000 9.085770 -68.859714 -59.773945 14943.016224 -59.773945 0.001829
103 1030.000000 9.417772 -68.845698 -59.427926 15489.048035 -59.427926 0.001817
104 1040.000000 9.730369 -68.811350 -59.080981 16003.164355 -59.080981 0.001815
105 1050.000000 9.606579 -68.780656 -59.174078 15799.571013 -59.174078 0.001814
106 1060.000000 9.660805 -68.739562 -59.078757 15888.755505 -59.078757 0.001814
107 1070.000000 9.837455 -68.689599 -58.852143 16179.284864 -58.852143 0.001820
108 1080.000000 9.954743 -68.665913 -58.711171 16372.182664 -58.711171 0.001824
109 1090.000000 9.947600 -68.636839 -58.689239 16360.435428 -58.689239 0.001836
110 1100.000000 10.042706 -68.563985 -58.521280 16516.852121 -58.521280 0.001855
111 1110.000000 9.977372 -68.445633 -58.468261 16409.399658 -58.468261 0.001881
112 1120.000000 10.105689 -68.364351 -58.258661 16620.439159 -58.258661 0.001902
113 1130.000000 9.884188 -68.356586 -58.472397 16256.145109 -58.472397 0.001908
114 1140.000000 10.100603 -68.401783 -58.301181 16612.073121 -58.301181 0.001899
115 1150.000000 9.422290 -68.465017 -59.042727 15496.477770 -59.042727 0.001876
116 1160.000000 9.393144 -68.550553 -59.157409 15448.543806 -59.157409 0.001845
117 1170.000000 9.397484 -68.632978 -59.235494 15455.681250 -59.235494 0.001808
118 1180.000000 9.605869 -68.655895 -59.050026 15798.403421 -59.050026 0.001789
119 1190.000000 9.539163 -68.630507 -59.091345 15688.694506 -59.091345 0.001777
120 1200.000000 9.618686 -68.560167 -58.941481 15819.483015 -58.941481 0.001778
121 1210.000000 9.527824 -68.459322 -58.931499 15670.045701 -58.931499 0.001782
122 1220.000000 9.461275 -68.380873 -58.919598 15560.596127 -58.919598 0.001785
123 1230.000000 9.572886 -68.360915 -58.788029 15744.157609 -58.788029 0.001787
124 1240.000000 9.347894 -68.397293 -59.049400 15374.121719 -59.049400 0.001791
125 1250.000000 9.443746 -68.478536 -59.034790 15531.766221 -59.034790 0.001786
126 1260.000000 9.376654 -68.556332 -59.179678 15421.423395 -59.179678 0.001784
127 1270.000000 9.549091 -68.609936 -59.060845 15705.022445 -59.060845 0.001791
128 1280.000000 9.676669 -68.634561 -58.957892 15914.845718 -58.957892 0.001803
129 1290.000000 9.483284 -68.627729 -59.144445 15596.792655 -59.144445 0.001821
130 1300.000000 9.392701 -68.591478 -59.198776 15447.814947 -59.198776 0.001847
131 1310.000000 9.541518 -68.509759 -58.968241 15692.567367 -58.968241 0.001868
132 1320.000000 9.554794 -68.391810 -58.837016 15714.403081 -58.837016 0.001890
133 1330.000000 9.301089 -68.385461 -59.084372 15297.143461 -59.084372 0.001892
134 1340.000000 9.443607 -68.497717 -59.054110 15531.538195 -59.054110 0.001877
135 1350.000000 9.757399 -68.607272 -58.849874 16047.618687 -58.849874 0.001855
136 1360.000000 9.516505 -68.639214 -59.122709 15651.430431 -59.122709 0.001849
137 1370.000000 9.812061 -68.628214 -58.816153 16137.520026 -58.816153 0.001845
138 1380.000000 9.577090 -68.614092 -59.037002 15751.071691 -59.037002 0.001832
139 1390.000000 9.637733 -68.604141 -58.966408 15850.809835 -58.966408 0.001820
140 1400.000000 9.750262 -68.592808 -58.842545 16035.882016 -58.842545 0.001810
141 1410.000000 9.638381 -68.598046 -58.959665 15851.875151 -58.959665 0.001797
142 1420.000000 9.672800 -68.621350 -58.948550 15908.482232 -58.948550 0.001782
143 1430.000000 9.803012 -68.646528 -58.843517 16122.636704 -58.843517 0.001772
144 1440.000000 9.700298 -68.640129 -58.939831 15953.707096 -58.939831 0.001774
145 1450.000000 9.648728 -68.610147 -58.961418 15868.893095 -58.961418 0.001777
146 1460.000000 9.672940 -68.555649 -58.882709 15908.712653 -58.882709 0.001789
147 1470.000000 9.351258 -68.479851 -59.128593 15379.654579 -59.128593 0.001803
148 1480.000000 9.524827 -68.388962 -58.864135 15665.117373 -58.864135 0.001818
149 1490.000000 9.350624 -68.347889 -58.997265 15378.612384 -58.997265 0.001822
150 1500.000000 9.615706 -68.350015 -58.734310 15814.581723 -58.734310 0.001810
151 1510.000000 9.845025 -68.377639 -58.532613 16191.735204 -58.532613 0.001794
152 1520.000000 10.397942 -68.422084 -58.024142 17101.095978 -58.024142 0.001773
153 1530.000000 10.056772 -68.411879 -58.355107 16539.986454 -58.355107 0.001768
154 1540.000000 9.863160 -68.396943 -58.533783 16221.559680 -58.533783 0.001764
155 1550.000000 10.062852 -68.392855 -58.330003 16549.985900 -58.330003 0.001760
156 1560.000000 9.693827 -68.413660 -58.719832 15943.065672 -58.719832 0.001754
157 1570.000000 9.545491 -68.424439 -58.878948 15699.102412 -58.878948 0.001753
158 1580.000000 9.798022 -68.423605 -58.625583 16114.429691 -58.625583 0.001759
159 1590.000000 10.015496 -68.416896 -58.401400 16472.101831 -58.401400 0.001768
160 1600.000000 10.155402 -68.392119 -58.236716 16702.200180 -58.236716 0.001787
161 1610.000000 10.193697 -68.372092 -58.178395 16765.181372 -58.178395 0.001813
162 1620.000000 10.545716 -68.384602 -57.838886 17344.134097 -57.838886 0.001830
163 1630.000000 9.905699 -68.437699 -58.532000 16291.522731 -58.532000 0.001829
164 1640.000000 9.945257 -68.509661 -58.564403 16356.582793 -58.564403 0.001820
165 1650.000000 10.088591 -68.582536 -58.493945 16592.318231 -58.493945 0.001803
166 1660.000000 10.198147 -68.627189 -58.429042 16772.501026 -58.429042 0.001793
167 1670.000000 10.143454 -68.641994 -58.498541 16682.548525 -58.498541 0.001785
168 1680.000000 9.985438 -68.641879 -58.656441 16422.665981 -58.656441 0.001781
169 1690.000000 9.989790 -68.629217 -58.639427 16429.824384 -58.639427 0.001785
170 1700.000000 9.730467 -68.607018 -58.876550 16003.325524 -58.876550 0.001792
171 1710.000000 9.864553 -68.557626 -58.693073 16223.851350 -58.693073 0.001802
172 1720.000000 9.580867 -68.504473 -58.923606 15757.284518 -58.923606 0.001805
173 1730.000000 9.215301 -68.460030 -59.244729 15156.051790 -59.244729 0.001799
174 1740.000000 9.441055 -68.413253 -58.972198 15527.340129 -58.972198 0.001791
175 1750.000000 9.149870 -68.375130 -59.225260 15048.439881 -59.225260 0.001781
176 1760.000000 8.974381 -68.336925 -59.362545 14759.818968 -59.362545 0.001767
177 1770.000000 9.114593 -68.300559 -59.185966 14990.421693 -59.185966 0.001756
178 1780.000000 8.931666 -68.263914 -59.332249 14689.567321 -59.332249 0.001749
179 1790.000000 8.997709 -68.238697 -59.240987 14798.186910 -59.240987 0.001744
180 1800.000000 9.295453 -68.216813 -58.921360 15287.874955 -58.921360 0.001740
181 1810.000000 9.054279 -68.209992 -59.155713 14891.224743 -59.155713 0.001740
182 1820.000000 8.899919 -68.217352 -59.317433 14637.355548 -59.317433 0.001742
183 1830.000000 8.786910 -68.228121 -59.441212 14451.493214 -59.441212 0.001748
184 1840.000000 8.599262 -68.228887 -59.629625 14142.875785 -59.629625 0.001762
185 1850.000000 8.587604 -68.219890 -59.632285 14123.702964 -59.632285 0.001785
186 1860.000000 8.674838 -68.171833 -59.496995 14267.173007 -59.496995 0.001817
187 1870.000000 8.133467 -68.119653 -59.986185 13376.801543 -59.986185 0.001845
188 1880.000000 7.963022 -68.103856 -60.140834 13096.476167 -60.140834 0.001856
189 1890.000000 7.931675 -68.120928 -60.189253 13044.921337 -60.189253 0.001850
190 1900.000000 8.315883 -68.220548 -59.904665 13676.813401 -59.904665 0.001818
191 1910.000000 8.415682 -68.402587 -59.986905 13840.949241 -59.986905 0.001765
192 1920.000000 8.871782 -68.558610 -59.686828 14591.079515 -59.686828 0.001717
193 1930.000000 8.664578 -68.642156 -59.977578 14250.298333 -59.977578 0.001683
194 1940.000000 8.556222 -68.672253 -60.116031 14072.089734 -60.116031 0.001657
195 1950.000000 8.462415 -68.665810 -60.203395 13917.809512 -60.203395 0.001641
196 1960.000000 8.429569 -68.658851 -60.229282 13863.787830 -60.229282 0.001631
197 1970.000000 8.300042 -68.646200 -60.346158 13650.760425 -60.346158 0.001627
198 1980.000000 8.445793 -68.650506 -60.204713 13890.471437 -60.204713 0.001627
199 1990.000000 8.727360 -68.653677 -59.926316 14353.554542 -59.926316 0.001626
200 2000.000000 8.637366 -68.667358 -60.029991 14205.544652 -60.029991 0.001627
201 2010.000000 8.605012 -68.666304 -60.061293 14152.331884 -60.061293 0.001635
202 2020.000000 8.811502 -68.660690 -59.849189 14491.938335 -59.849189 0.001653
203 2030.000000 8.567542 -68.626225 -60.058684 14090.706658 -60.058684 0.001677
204 2040.000000 8.508761 -68.591168 -60.082408 13994.031704 -60.082408 0.001705
205 2050.000000 8.716731 -68.587497 -59.870766 14336.072218 -59.870766 0.001727
206 2060.000000 8.270363 -68.632552 -60.362189 13601.947983 -60.362189 0.001743
207 2070.000000 8.249989 -68.711490 -60.461501 13568.439817 -60.461501 0.001763
208 2080.000000 8.421223 -68.768361 -60.347138 13850.062058 -60.347138 0.001788
209 2090.000000 8.166667 -68.786861 -60.620195 13431.402747 -60.620195 0.001812
210 2100.000000 8.276841 -68.798232 -60.521391 13612.602026 -60.521391 0.001825
211 2110.000000 8.686327 -68.795615 -60.109288 14286.068305 -60.109288 0.001841
212 2120.000000 8.593243 -68.786091 -60.192849 14132.975928 -60.192849 0.001860
213 2130.000000 8.349044 -68.781310 -60.432266 13731.352249 -60.432266 0.001871
214 2140.000000 8.249857 -68.804893 -60.555036 13568.222671 -60.555036 0.001875
215 2150.000000 8.138497 -68.877070 -60.738572 13385.073989 -60.738572 0.001868
216 2160.000000 8.271842 -68.986213 -60.714371 13604.380550 -60.714371 0.001848
217 2170.000000 8.787058 -69.062063 -60.275005 14451.736481 -60.275005 0.001827
218 2180.000000 8.557259 -69.105696 -60.548438 14073.795113 -60.548438 0.001812
219 2190.000000 8.642467 -69.130692 -60.488225 14213.934047 -60.488225 0.001800
220 2200.000000 8.363015 -69.140702 -60.777687 13754.329529 -60.777687 0.001797
221 2210.000000 8.410449 -69.140826 -60.730377 13832.342993 -60.730377 0.001798
222 2220.000000 8.535199 -69.111677 -60.576479 14037.513453 -60.576479 0.001808
223 2230.000000 8.838622 -69.075771 -60.237150 14536.541357 -60.237150 0.001816
224 2240.000000 8.921664 -69.036027 -60.114363 14673.117660 -60.114363 0.001830
225 2250.000000 9.125099 -69.027260 -59.902161 15007.700107 -59.902161 0.001834
226 2260.000000 9.066472 -69.029553 -59.963081 14911.278076 -59.963081 0.001834
227 2270.000000 9.209093 -69.013174 -59.804081 15145.840829 -59.804081 0.001832
228 2280.000000 8.788446 -68.970495 -60.182049 14454.018830 -60.182049 0.001830
229 2290.000000 8.922512 -68.902487 -59.979975 14674.512297 -59.979975 0.001831
230 2300.000000 8.814322 -68.822820 -60.008498 14496.576596 -60.008498 0.001831
231 2310.000000 8.616569 -68.757246 -60.140677 14171.340450 -60.140677 0.001822
232 2320.000000 8.456256 -68.692065 -60.235809 13907.679105 -60.235809 0.001809
233 2330.000000 8.782174 -68.613712 -59.831537 14443.705051 -59.831537 0.001798
234 2340.000000 8.691160 -68.554627 -59.863467 14294.016575 -59.863467 0.001783
235 2350.000000 8.787063 -68.509158 -59.722096 14451.744304 -59.722096 0.001770
236 2360.000000 9.134703 -68.477550 -59.342847 15023.494974 -59.342847 0.001754
237 2370.000000 9.018123 -68.454736 -59.436613 14831.760126 -59.436613 0.001742
238 2380.000000 9.025529 -68.433827 -59.408298 14843.940488 -59.408298 0.001730
239 2390.000000 8.526370 -68.419541 -59.893170 14022.993961 -59.893170 0.001720
240 2400.000000 8.517096 -68.421774 -59.904678 14007.740369 -59.904678 0.001718
241 2410.000000 8.689691 -68.424832 -59.735141 14291.601697 -59.735141 0.001722
242 2420.000000 8.908235 -68.441721 -59.533486 14651.031321 -59.533486 0.001731
243 2430.000000 8.980295 -68.460236 -59.479941 14769.546408 -59.479941 0.001745
244 2440.000000 9.006773 -68.483889 -59.477116 14813.093689 -59.477116 0.001759
245 2450.000000 9.043956 -68.487435 -59.443479 14874.247600 -59.443479 0.001775
246 2460.000000 9.275869 -68.475391 -59.199522 15255.665241 -59.199522 0.001791
247 2470.000000 9.441535 -68.454138 -59.012602 15528.130687 -59.012602 0.001805
248 2480.000000 9.924996 -68.443270 -58.518274 16323.259973 -58.518274 0.001811
249 2490.000000 10.204363 -68.466569 -58.262206 16782.723225 -58.262206 0.001805
250 2500.000000 10.225396 -68.522071 -58.296675 16817.315883 -58.296675 0.001793
251 2510.000000 10.419245 -68.596835 -58.177590 17136.132646 -58.177590 0.001780
252 2520.000000 10.590557 -68.635297 -58.044740 17417.881962 -58.044740 0.001776
253 2530.000000 10.088601 -68.621453 -58.532852 16592.334528 -58.532852 0.001783
254 2540.000000 9.327382 -68.564704 -59.237322 15340.386563 -59.237322 0.001797
255 2550.000000 9.145435 -68.530168 -59.384734 15041.145278 -59.384734 0.001807
256 2560.000000 8.953540 -68.500712 -59.547173 14725.542572 -59.547173 0.001824
257 2570.000000 9.015249 -68.475791 -59.460543 14827.033408 -59.460543 0.001834
258 2580.000000 8.590080 -68.420554 -59.830474 14127.774867 -59.830474 0.001847
259 2590.000000 8.418311 -68.365568 -59.947258 13845.272171 -59.947258 0.001857
260 2600.000000 8.466066 -68.330813 -59.864747 13923.813142 -59.864747 0.001860
261 2610.000000 8.681510 -68.354816 -59.673306 14278.145998 -59.673306 0.001850
262 2620.000000 8.730195 -68.445335 -59.715140 14358.216016 -59.715140 0.001832
263 2630.000000 8.723401 -68.547738 -59.824337 14347.042744 -59.824337 0.001815
264 2640.000000 8.751627 -68.624840 -59.873212 14393.465381 -59.873212 0.001802
265 2650.000000 8.921117 -68.642351 -59.721234 14672.219019 -59.721234 0.001805
266 2660.000000 8.864250 -68.599201 -59.734951 14578.691173 -59.734951 0.001816
267 2670.000000 8.665411 -68.490620 -59.825208 14251.669200 -59.825208 0.001836
268 2680.000000 8.574141 -68.391502 -59.817361 14101.559911 -59.817361 0.001856
269 2690.000000 8.392681 -68.281250 -59.888569 13803.120051 -59.888569 0.001869
270 2700.000000 8.393857 -68.195628 -59.801771 13805.054389 -59.801771 0.001871
271 2710.000000 8.653330 -68.212015 -59.558685 14231.800062 -59.558685 0.001849
272 2720.000000 8.413194 -68.289835 -59.876640 13836.857330 -59.876640 0.001819
273 2730.000000 8.122678 -68.372417 -60.249739 13359.057300 -60.249739 0.001788
274 2740.000000 8.220211 -68.403644 -60.183432 13519.465971 -60.183432 0.001767
275 2750.000000 8.804276 -68.377129 -59.572853 14480.053750 -59.572853 0.001760
276 2760.000000 8.811607 -68.338864 -59.527256 14492.112201 -59.527256 0.001758
277 2770.000000 8.545959 -68.329146 -59.783187 14055.210208 -59.783187 0.001751
278 2780.000000 8.100799 -68.330657 -60.229858 13323.073364 -60.229858 0.001739
279 2790.000000 8.379619 -68.342753 -59.963134 13781.636775 -59.963134 0.001729
280 2800.000000 8.364427 -68.375477 -60.011051 13756.650998 -60.011051 0.001723
281 2810.000000 8.778935 -68.421130 -59.642194 14438.377868 -59.642194 0.001720
282 2820.000000 8.842320 -68.470933 -59.628613 14542.624048 -59.628613 0.001722
283 2830.000000 8.343255 -68.513157 -60.169902 13721.830465 -60.169902 0.001729
284 2840.000000 8.133375 -68.547765 -60.414390 13376.649728 -60.414390 0.001741
285 2850.000000 8.222997 -68.568614 -60.345617 13524.047795 -60.345617 0.001760
286 2860.000000 8.536413 -68.547028 -60.010615 14039.509934 -60.010615 0.001786
287 2870.000000 8.517077 -68.500234 -59.983157 14007.710166 -59.983157 0.001812
288 2880.000000 8.309737 -68.512846 -60.203109 13666.705961 -60.203109 0.001818
289 2890.000000 8.516756 -68.667436 -60.150680 14007.180654 -60.150680 0.001801
290 2900.000000 8.435688 -68.860393 -60.424705 13873.851701 -60.424705 0.001777
291 2910.000000 8.371914 -68.998906 -60.626992 13768.965248 -60.626992 0.001766
292 2920.000000 8.447128 -69.071869 -60.624740 13892.666984 -60.624740 0.001774
293 2930.000000 8.460924 -69.086984 -60.626060 13915.356507 -60.626060 0.001792
294 2940.000000 8.505461 -69.071179 -60.565718 13988.605065 -60.565718 0.001819
295 2950.000000 8.426292 -69.062107 -60.635815 13858.398521 -60.635815 0.001846
296 2960.000000 8.319356 -69.063435 -60.744080 13682.524629 -60.744080 0.001870
297 2970.000000 7.930145 -69.102245 -61.172100 13042.405372 -61.172100 0.001884
298 2980.000000 7.943605 -69.137612 -61.194007 13064.541714 -61.194007 0.001891
299 2990.000000 8.386110 -69.169574 -60.783464 13792.312998 -60.783464 0.001893
300 3000.000000 8.421820 -69.177234 -60.755415 13851.043186 -60.755415 0.001895
301 3010.000000 8.553535 -69.154513 -60.600979 14067.669855 -60.600979 0.001904
302 3020.000000 8.603528 -69.136224 -60.532696 14149.891468 -60.532696 0.001906
303 3030.000000 8.838282 -69.127285 -60.289003 14535.983302 -60.289003 0.001896
304 3040.000000 9.191790 -69.102205 -59.910414 15117.384495 -59.910414 0.001889
305 3050.000000 8.943651 -69.096353 -60.152702 14709.278675 -60.152702 0.001878
306 3060.000000 9.087320 -69.105193 -60.017873 14945.566002 -60.017873 0.001866
307 3070.000000 9.029268 -69.111536 -60.082268 14850.090555 -60.082268 0.001854
308 3080.000000 8.861245 -69.135943 -60.274698 14573.749182 -60.274698 0.001844
309 3090.000000 8.425139 -69.155128 -60.729989 13856.502338 -60.729989 0.001840
310 3100.000000 8.473856 -69.176952 -60.703096 13936.625420 -60.703096 0.001837
311 3110.000000 8.121807 -69.201692 -61.079885 13357.623285 -61.079885 0.001836
312 3120.000000 8.363727 -69.225898 -60.862170 13755.501221 -60.862170 0.001841
313 3130.000000 8.283278 -69.241054 -60.957776 13623.189496 -60.957776 0.001848
314 3140.000000 8.066820 -69.238325 -61.171504 13267.189804 -61.171504 0.001855
315 3150.000000 8.102080 -69.218179 -61.116099 13325.180159 -61.116099 0.001867
316 3160.000000 8.302017 -69.186542 -60.884525 13654.008436 -60.884525 0.001881
317 3170.000000 8.635818 -69.149168 -60.513351 14202.997638 -60.513351 0.001890
318 3180.000000 8.993483 -69.123688 -60.130205 14791.236049 -60.130205 0.001892
319 3190.000000 9.217727 -69.125291 -59.907564 15160.041569 -59.907564 0.001881
320 3200.000000 9.443419 -69.153171 -59.709752 15531.228805 -59.709752 0.001864
321 3210.000000 9.387984 -69.170040 -59.782056 15440.056130 -59.782056 0.001852
322 3220.000000 9.094294 -69.152339 -60.058045 14957.036301 -60.058045 0.001848
323 3230.000000 8.975002 -69.124414 -60.149412 14760.840927 -60.149412 0.001848
324 3240.000000 8.832494 -69.093602 -60.261108 14526.463315 -60.261108 0.001849
325 3250.000000 8.987823 -69.065285 -60.077462 14781.926755 -60.077462 0.001855
326 3260.000000 8.849409 -69.052110 -60.202701 14554.283347 -60.202701 0.001864
327 3270.000000 8.465414 -69.057047 -60.591632 13922.741370 -60.591632 0.001870
328 3280.000000 8.509208 -69.072237 -60.563029 13994.767798 -60.563029 0.001875
329 3290.000000 8.337369 -69.080518 -60.743149 13712.151078 -60.743149 0.001885
330 3300.000000 8.189947 -69.077557 -60.887610 13469.691788 -60.887610 0.001896
331 3310.000000 8.687452 -69.064714 -60.377262 14287.918510 -60.377262 0.001919
332 3320.000000 8.347375 -69.051356 -60.703982 13728.606291 -60.703982 0.001940
333 3330.000000 8.341091 -69.016143 -60.675053 13718.271250 -60.675053 0.001960
334 3340.000000 8.272648 -68.963762 -60.691114 13605.706519 -60.691114 0.001976
335 3350.000000 8.533921 -68.899407 -60.365486 14035.411799 -60.365486 0.001984
336 3360.000000 8.560261 -68.834527 -60.274266 14078.731926 -60.274266 0.001982
337 3370.000000 8.354770 -68.783189 -60.428419 13740.769726 -60.428419 0.001970
338 3380.000000 8.258801 -68.725400 -60.466599 13582.932176 -60.466599 0.001950
339 3390.000000 8.065878 -68.709022 -60.643145 13265.639111 -60.643145 0.001919
340 3400.000000 8.325286 -68.714098 -60.388812 13692.277930 -60.388812 0.001882
341 3410.000000 8.616206 -68.715964 -60.099758 14170.742508 -60.099758 0.001837
342 3420.000000 9.079101 -68.696425 -59.617324 14932.048137 -59.617324 0.001800
343 3430.000000 9.161035 -68.666332 -59.505297 15066.801669 -59.505297 0.001768
344 3440.000000 9.421341 -68.635490 -59.214149 15494.917532 -59.214149 0.001738
345 3450.000000 9.234711 -68.617160 -59.382450 15187.973650 -59.382450 0.001719
346 3460.000000 9.172712 -68.606000 -59.433288 15086.006616 -59.433288 0.001706
347 3470.000000 8.759944 -68.588970 -59.829026 14407.142954 -59.829026 0.001697
348 3480.000000 8.797545 -68.582501 -59.784956 14468.984363 -59.784956 0.001689
349 3490.000000 8.686028 -68.588620 -59.902592 14285.576106 -59.902592 0.001694
350 3500.000000 8.852371 -68.597332 -59.744961 14559.155319 -59.744961 0.001703
351 3510.000000 9.276928 -68.606566 -59.329638 15257.407532 -59.329638 0.001718
352 3520.000000 9.423377 -68.585770 -59.162393 15498.266403 -59.162393 0.001744
353 3530.000000 9.328710 -68.532151 -59.203441 15342.571554 -59.203441 0.001777
354 3540.000000 9.180333 -68.471370 -59.291037 15098.540713 -59.291037 0.001808
355 3550.000000 8.561196 -68.426619 -59.865423 14080.270650 -59.865423 0.001828
356 3560.000000 8.386433 -68.395268 -60.008836 13792.843699 -60.008836 0.001843
357 3570.000000 8.798967 -68.388584 -59.589617 14471.323300 -59.589617 0.001854
358 3580.000000 8.681358 -68.382709 -59.701350 14277.896716 -59.701350 0.001866
359 3590.000000 8.728828 -68.397016 -59.668188 14355.968652 -59.668188 0.001866
360 3600.000000 8.630263 -68.406876 -59.776613 14193.862517 -59.776613 0.001864
361 3610.000000 8.642706 -68.425001 -59.782295 14214.326146 -59.782295 0.001861
362 3620.000000 8.397642 -68.437624 -60.039982 13811.278531 -60.039982 0.001857
363 3630.000000 8.433643 -68.461239 -60.027596 13870.489327 -60.027596 0.001852
364 3640.000000 8.541077 -68.503111 -59.962034 14047.181329 -59.962034 0.001846
365 3650.000000 8.705901 -68.571045 -59.865144 14318.260640 -59.865144 0.001833
366 3660.000000 9.053530 -68.633916 -59.580386 14889.993735 -59.580386 0.001823
367 3670.000000 8.843720 -68.687984 -59.844264 14544.926315 -59.844264 0.001813
368 3680.000000 9.475336 -68.738837 -59.263501 15583.720712 -59.263501 0.001804
369 3690.000000 9.224709 -68.770013 -59.545304 15171.525271 -59.545304 0.001798
370 3700.000000 8.971841 -68.786286 -59.814445 14755.642375 -59.814445 0.001794
371 3710.000000 9.050418 -68.806080 -59.755662 14884.874977 -59.755662 0.001787
372 3720.000000 9.224865 -68.833644 -59.608780 15171.780357 -59.608780 0.001772
373 3730.000000 9.426515 -68.845736 -59.419222 15503.426838 -59.419222 0.001758
374 3740.000000 9.307739 -68.826985 -59.519246 15308.080684 -59.519246 0.001749
375 3750.000000 9.349668 -68.784810 -59.435143 15377.039118 -59.435143 0.001744
376 3760.000000 9.034143 -68.732892 -59.698749 14858.108401 -59.698749 0.001740
377 3770.000000 8.729545 -68.622080 -59.892535 14357.146963 -59.892535 0.001743
378 3780.000000 9.065113 -68.506183 -59.441071 14909.042801 -59.441071 0.001743
379 3790.000000 8.888539 -68.505390 -59.616851 14618.638258 -59.616851 0.001720
380 3800.000000 9.150432 -68.552735 -59.402303 15049.364839 -59.402303 0.001695
381 3810.000000 9.699684 -68.581718 -58.882034 15952.697397 -58.882034 0.001682
382 3820.000000 9.787754 -68.590980 -58.803226 16097.542951 -58.803226 0.001685
383 3830.000000 9.396409 -68.585110 -59.188702 15453.912282 -59.188702 0.001699
384 3840.000000 9.454062 -68.586994 -59.132933 15548.732296 -59.132933 0.001718
385 3850.000000 9.141949 -68.591625 -59.449675 15035.413022 -59.449675 0.001739
386 3860.000000 9.295669 -68.585150 -59.289482 15288.229241 -59.289482 0.001759
387 3870.000000 9.065785 -68.570529 -59.504745 14910.147547 -59.504745 0.001777
388 3880.000000 9.299123 -68.539580 -59.240457 15293.910890 -59.240457 0.001800
389 3890.000000 9.101901 -68.488402 -59.386501 14969.547093 -59.386501 0.001824
390 3900.000000 9.095328 -68.446473 -59.351145 14958.735895 -59.351145 0.001842
391 3910.000000 9.394323 -68.418842 -59.024520 15450.482008 -59.024520 0.001853
392 3920.000000 9.726739 -68.402156 -58.675417 15997.193676 -58.675417 0.001860
393 3930.000000 9.888094 -68.413707 -58.525613 16262.568666 -58.525613 0.001858
394 3940.000000 10.331714 -68.433843 -58.102129 16992.172690 -58.102129 0.001856
395 3950.000000 10.019872 -68.463936 -58.444064 16479.298099 -58.444064 0.001851
396 3960.000000 9.947676 -68.481427 -58.533751 16360.559946 -58.533751 0.001843
397 3970.000000 9.652047 -68.522453 -58.870406 15874.351575 -58.870406 0.001829
398 3980.000000 9.690237 -68.546437 -58.856200 15937.160706 -58.856200 0.001817
399 3990.000000 9.307309 -68.547548 -59.240239 15307.373745 -59.240239 0.001806
400 4000.000000 9.235534 -68.539438 -59.303904 15189.327699 -59.303904 0.001799
401 4010.000000 9.243810 -68.508011 -59.264201 15202.939957 -59.264201 0.001799
402 4020.000000 8.730353 -68.473674 -59.743321 14358.476531 -59.743321 0.001800
403 4030.000000 8.301808 -68.444278 -60.142471 13653.664134 -60.142471 0.001801
404 4040.000000 8.691694 -68.419617 -59.727923 14294.895295 -59.727923 0.001807
405 4050.000000 8.777372 -68.385507 -59.608135 14435.806181 -59.608135 0.001817
406 4060.000000 8.914156 -68.340443 -59.426287 14660.769837 -59.426287 0.001821
407 4070.000000 8.802418 -68.289966 -59.487548 14476.999051 -59.487548 0.001826
408 4080.000000 8.808735 -68.272976 -59.464242 14487.387472 -59.464242 0.001826
409 4090.000000 8.454251 -68.288959 -59.834707 13904.382499 -59.834707 0.001815
410 4100.000000 8.514913 -68.303098 -59.788185 14004.150990 -59.788185 0.001811
411 4110.000000 8.384968 -68.332404 -59.947436 13790.434007 -59.947436 0.001806
412 4120.000000 8.236136 -68.360066 -60.123929 13545.657160 -60.123929 0.001800
413 4130.000000 8.316898 -68.400109 -60.083210 13678.483282 -60.083210 0.001791
414 4140.000000 7.829544 -68.452858 -60.623314 12876.950348 -60.623314 0.001777
415 4150.000000 8.283773 -68.537098 -60.253325 13624.003014 -60.253325 0.001761
416 4160.000000 8.559181 -68.597923 -60.038742 14076.956146 -60.038742 0.001750
417 4170.000000 8.342156 -68.597610 -60.255454 13720.022979 -60.255454 0.001746
418 4180.000000 8.390877 -68.587417 -60.196540 13800.152682 -60.196540 0.001735
419 4190.000000 8.044799 -68.571850 -60.527051 13230.971144 -60.527051 0.001721
420 4200.000000 7.909714 -68.573635 -60.663921 13008.803295 -60.663921 0.001706
421 4210.000000 8.017897 -68.578258 -60.560360 13186.727889 -60.560360 0.001693
422 4220.000000 8.057943 -68.570998 -60.513054 13252.589877 -60.513054 0.001687
423 4230.000000 8.053941 -68.557466 -60.503525 13246.007802 -60.503525 0.001682
424 4240.000000 8.129442 -68.540920 -60.411479 13370.180567 -60.411479 0.001676
425 4250.000000 8.097528 -68.526901 -60.429374 13317.692832 -60.429374 0.001684
426 4260.000000 8.089879 -68.512382 -60.422503 13305.113797 -60.422503 0.001698
427 4270.000000 7.955200 -68.517546 -60.562346 13083.612541 -60.562346 0.001708
428 4280.000000 7.956549 -68.529101 -60.572552 13085.830778 -60.572552 0.001717
429 4290.000000 7.778018 -68.567530 -60.789512 12792.207581 -60.789512 0.001719
430 4300.000000 8.137048 -68.609578 -60.472531 13382.689490 -60.472531 0.001724
431 4310.000000 8.370967 -68.633503 -60.262536 13767.408525 -60.262536 0.001739
432 4320.000000 8.325937 -68.632260 -60.306323 13693.348885 -60.306323 0.001754
433 4330.000000 8.522112 -68.617929 -60.095817 14015.990483 -60.095817 0.001769
434 4340.000000 8.610128 -68.645549 -60.035421 14160.747428 -60.035421 0.001778
435 4350.000000 8.676245 -68.670456 -59.994211 14269.487197 -59.994211 0.001778
436 4360.000000 8.650912 -68.652153 -60.001241 14227.822418 -60.001241 0.001777
437 4370.000000 8.361093 -68.640044 -60.278951 13751.168043 -60.278951 0.001778
438 4380.000000 8.147426 -68.622233 -60.474807 13399.757986 -60.474807 0.001776
439 4390.000000 8.119611 -68.583044 -60.463433 13354.012991 -60.463433 0.001781
440 4400.000000 8.285764 -68.533782 -60.248017 13627.278321 -60.248017 0.001793
441 4410.000000 8.066145 -68.485958 -60.419813 13266.079342 -60.419813 0.001805
442 4420.000000 7.822368 -68.429108 -60.606740 12865.148371 -60.606740 0.001822
443 4430.000000 7.865043 -68.367574 -60.502531 12935.333988 -60.502531 0.001841
444 4440.000000 8.297460 -68.332475 -60.035016 13646.512933 -60.035016 0.001853
445 4450.000000 8.622872 -68.336368 -59.713496 14181.706298 -59.713496 0.001860
446 4460.000000 9.122700 -68.368740 -59.246039 15003.755076 -59.246039 0.001856
447 4470.000000 8.976607 -68.401344 -59.424738 14763.480204 -59.424738 0.001845
448 4480.000000 8.832181 -68.409806 -59.577625 14525.949210 -59.577625 0.001838
449 4490.000000 8.614815 -68.409716 -59.794901 14168.455979 -59.794901 0.001830
450 4500.000000 8.701797 -68.404732 -59.702935 14311.511380 -59.702935 0.001820
451 4510.000000 8.846345 -68.407120 -59.560776 14549.243348 -59.560776 0.001804
452 4520.000000 9.298674 -68.409988 -59.111315 15293.171171 -59.111315 0.001785
453 4530.000000 9.161319 -68.436725 -59.275406 15067.269814 -59.275406 0.001763
454 4540.000000 9.132567 -68.459417 -59.326850 15019.982108 -59.326850 0.001747
455 4550.000000 8.911225 -68.474631 -59.563406 14655.948640 -59.563406 0.001732
456 4560.000000 8.628462 -68.478595 -59.850133 14190.899601 -59.850133 0.001724
457 4570.000000 8.979399 -68.475507 -59.496108 14768.072009 -59.496108 0.001720
458 4580.000000 8.875806 -68.471437 -59.595631 14597.697638 -59.595631 0.001723
459 4590.000000 8.906601 -68.468628 -59.562027 14648.344780 -59.562027 0.001739
460 4600.000000 8.795739 -68.457394 -59.661654 14466.014865 -59.661654 0.001758
461 4610.000000 8.740569 -68.443949 -59.703380 14375.277509 -59.703380 0.001779
462 4620.000000 8.251120 -68.416061 -60.164941 13570.300519 -60.164941 0.001805
463 4630.000000 7.956524 -68.397523 -60.440999 13085.789745 -60.440999 0.001826
464 4640.000000 7.595549 -68.361994 -60.766445 12492.107487 -60.766445 0.001851
465 4650.000000 7.895367 -68.345530 -60.450164 12985.206464 -60.450164 0.001874
466 4660.000000 8.147393 -68.349906 -60.202513 13399.704427 -60.202513 0.001890
467 4670.000000 7.926169 -68.375180 -60.449011 13035.865218 -60.449011 0.001902
468 4680.000000 7.599138 -68.382882 -60.783744 12498.009945 -60.783744 0.001917
469 4690.000000 8.017498 -68.366361 -60.348863 13186.071725 -60.348863 0.001935
470 4700.000000 7.828331 -68.336833 -60.508501 12874.955406 -60.508501 0.001950
471 4710.000000 8.045498 -68.370863 -60.325365 13232.120942 -60.325365 0.001949
472 4720.000000 8.243153 -68.494295 -60.251143 13557.196851 -60.251143 0.001925
473 4730.000000 8.230501 -68.630817 -60.400316 13536.389202 -60.400316 0.001898
474 4740.000000 8.283368 -68.721072 -60.437704 13623.337023 -60.437704 0.001869
475 4750.000000 8.430076 -68.763471 -60.333395 13864.622996 -60.333395 0.001847
476 4760.000000 8.631512 -68.755602 -60.124090 14195.916537 -60.124090 0.001831
477 4770.000000 8.610741 -68.721834 -60.111093 14161.754718 -60.111093 0.001826
478 4780.000000 8.487755 -68.692233 -60.204478 13959.485090 -60.204478 0.001829
479 4790.000000 8.413355 -68.697588 -60.284233 13837.122105 -60.284233 0.001826
480 4800.000000 8.701197 -68.746250 -60.045053 14310.524344 -60.045053 0.001818
481 4810.000000 8.896424 -68.800592 -59.904169 14631.606248 -59.904169 0.001815
482 4820.000000 8.981123 -68.836455 -59.855332 14770.908242 -59.855332 0.001814
483 4830.000000 9.077064 -68.875098 -59.798034 14928.698609 -59.798034 0.001818
484 4840.000000 8.986071 -68.915995 -59.929924 14779.045487 -59.929924 0.001816
485 4850.000000 8.968120 -68.949715 -59.981595 14749.521843 -59.981595 0.001807
486 4860.000000 9.338044 -68.983331 -59.645287 15357.922210 -59.645287 0.001805
487 4870.000000 9.721334 -68.995496 -59.274161 15988.305378 -59.274161 0.001807
488 4880.000000 9.951945 -68.992926 -59.040982 16367.580950 -59.040982 0.001808
489 4890.000000 9.757589 -68.981646 -59.224057 16047.931225 -59.224057 0.001811
490 4900.000000 10.144293 -68.968420 -58.824127 16683.928881 -58.824127 0.001807
491 4910.000000 10.389015 -68.951832 -58.562817 17086.413368 -58.562817 0.001804
492 4920.000000 10.253613 -68.930229 -58.676616 16863.723138 -58.676616 0.001803
493 4930.000000 10.430877 -68.904808 -58.473932 17155.262262 -58.473932 0.001796
494 4940.000000 10.010013 -68.872114 -58.862101 16463.083960 -58.862101 0.001789
495 4950.000000 9.644847 -68.834959 -59.190112 15862.510061 -59.190112 0.001783
496 4960.000000 9.507610 -68.775149 -59.267540 15636.800457 -59.267540 0.001777
497 4970.000000 9.336620 -68.710618 -59.373998 15355.580950 -59.373998 0.001773
498 4980.000000 8.744098 -68.653571 -59.909473 14381.082030 -59.909473 0.001765
499 4990.000000 9.098380 -68.601205 -59.502825 14963.755727 -59.502825 0.001760
500 5000.000000 8.992029 -68.572562 -59.580533 14788.844872 -59.580533 0.001747
501 5010.000000 8.981154 -68.548901 -59.567747 14770.959606 -59.567747 0.001739
502 5020.000000 9.245439 -68.543365 -59.297925 15205.618749 -59.297925 0.001735
503 5030.000000 9.343211 -68.556629 -59.213418 15366.419832 -59.213418 0.001729
504 5040.000000 9.290669 -68.570825 -59.280156 15280.006570 -59.280156 0.001730
505 5050.000000 9.531840 -68.565291 -59.033451 15676.651473 -59.033451 0.001734
506 5060.000000 9.893333 -68.528735 -58.635401 16271.185395 -58.635401 0.001741
507 5070.000000 9.530837 -68.482829 -58.951991 15675.001789 -58.951991 0.001751
508 5080.000000 9.143882 -68.430968 -59.287086 15038.592304 -59.287086 0.001769
509 5090.000000 8.728056 -68.443836 -59.715779 14354.698865 -59.715779 0.001778
510 5100.000000 8.552028 -68.464651 -59.912623 14065.192315 -59.912623 0.001784
511 5110.000000 8.780473 -68.470040 -59.689567 14440.907330 -59.689567 0.001795
512 5120.000000 8.996851 -68.480761 -59.483910 14796.775414 -59.483910 0.001806
513 5130.000000 8.912128 -68.533473 -59.621346 14657.434077 -59.621346 0.001804
514 5140.000000 9.349848 -68.551695 -59.201847 15377.336294 -59.201847 0.001804
515 5150.000000 9.099034 -68.538885 -59.439851 14964.831757 -59.439851 0.001813
516 5160.000000 9.437935 -68.479941 -59.042006 15522.209646 -59.042006 0.001834
517 5170.000000 9.078637 -68.383248 -59.304612 14931.285320 -59.304612 0.001854
518 5180.000000 9.225280 -68.333933 -59.108653 15172.463057 -59.108653 0.001859
519 5190.000000 9.561419 -68.349285 -58.787866 15725.298755 -58.787866 0.001842
520 5200.000000 9.601611 -68.402486 -58.800875 15791.400907 -58.800875 0.001811
521 5210.000000 9.506210 -68.463894 -58.957684 15634.498794 -58.957684 0.001774
522 5220.000000 9.768169 -68.517313 -58.749144 16065.331857 -58.749144 0.001735
523 5230.000000 10.089173 -68.555187 -58.466014 16593.275497 -58.466014 0.001700
524 5240.000000 10.081395 -68.578299 -58.496904 16580.483428 -58.496904 0.001671
525 5250.000000 10.152773 -68.599481 -58.446707 16697.876390 -58.446707 0.001644
526 5260.000000 10.199867 -68.613425 -58.413559 16775.328914 -58.413559 0.001617
527 5270.000000 10.067895 -68.615364 -58.547469 16558.279551 -58.547469 0.001595
528 5280.000000 9.955943 -68.600754 -58.644811 16374.156772 -58.644811 0.001585
529 5290.000000 10.236735 -68.550727 -58.313992 16835.964608 -58.313992 0.001584
530 5300.000000 10.182800 -68.515099 -58.332298 16747.260791 -58.332298 0.001583
531 5310.000000 9.575968 -68.486190 -58.910222 15749.227115 -58.910222 0.001583
532 5320.000000 9.388922 -68.471037 -59.082115 15441.599861 -59.082115 0.001585
533 5330.000000 9.550320 -68.471558 -58.921238 15707.044990 -58.921238 0.001591
534 5340.000000 9.542120 -68.517185 -58.975066 15693.557722 -58.975066 0.001592
535 5350.000000 9.343440 -68.572742 -59.229302 15366.796544 -59.229302 0.001598
536 5360.000000 9.590872 -68.604991 -59.014120 15773.738118 -59.014120 0.001614
537 5370.000000 9.826103 -68.620690 -58.794587 16160.614210 -58.794587 0.001637
538 5380.000000 9.676387 -68.619196 -58.942809 15914.382604 -58.942809 0.001664
539 5390.000000 9.402033 -68.608315 -59.206282 15463.161879 -59.206282 0.001697
540 5400.000000 9.268199 -68.578058 -59.309859 15243.050661 -59.309859 0.001729
541 5410.000000 9.407399 -68.532748 -59.125348 15471.988387 -59.125348 0.001768
542 5420.000000 9.161101 -68.490849 -59.329748 15066.910786 -59.329748 0.001801
543 5430.000000 9.142972 -68.489675 -59.346703 15037.095577 -59.346703 0.001819
544 5440.000000 9.028833 -68.550315 -59.521481 14849.375039 -59.521481 0.001824
545 5450.000000 8.956074 -68.613044 -59.656969 14729.711064 -59.656969 0.001823
546 5460.000000 8.876401 -68.674959 -59.798558 14598.676181 -59.798558 0.001822
547 5470.000000 8.798662 -68.704563 -59.905901 14470.820835 -59.905901 0.001827
548 5480.000000 9.031612 -68.712332 -59.680720 14853.945037 -59.680720 0.001837
549 5490.000000 9.081152 -68.710937 -59.629784 14935.422232 -59.629784 0.001849
550 5500.000000 8.956135 -68.709515 -59.753380 14729.811356 -59.753380 0.001860
551 5510.000000 8.836570 -68.711539 -59.874969 14533.166951 -59.874969 0.001876
552 5520.000000 8.797180 -68.729811 -59.932631 14468.383925 -59.932631 0.001888
553 5530.000000 8.918824 -68.773824 -59.855000 14668.447429 -59.855000 0.001889
554 5540.000000 9.297124 -68.832991 -59.535867 15290.622796 -59.535867 0.001884
555 5550.000000 9.644620 -68.891745 -59.247124 15862.136513 -59.247124 0.001881
556 5560.000000 9.589794 -68.907474 -59.317680 15771.965264 -59.317680 0.001884
557 5570.000000 9.578117 -68.895422 -59.317305 15752.761607 -59.317305 0.001886
558 5580.000000 10.220531 -68.868038 -58.647506 16809.314991 -58.647506 0.001895
559 5590.000000 9.888890 -68.817780 -58.928890 16263.877353 -58.928890 0.001907
560 5600.000000 9.401323 -68.766549 -59.365226 15461.994271 -59.365226 0.001923
561 5610.000000 9.066434 -68.726780 -59.660345 14911.216519 -59.660345 0.001938
562 5620.000000 8.665752 -68.695775 -60.030023 14252.229338 -60.030023 0.001950
563 5630.000000 8.762357 -68.665874 -59.903517 14411.111379 -59.903517 0.001956
564 5640.000000 8.483715 -68.607642 -60.123927 13952.840094 -60.123927 0.001964
565 5650.000000 8.387730 -68.524805 -60.137076 13794.976879 -60.137076 0.001981
566 5660.000000 8.034807 -68.441423 -60.406616 13214.538858 -60.406616 0.001996
567 5670.000000 8.193571 -68.395193 -60.201621 13475.651960 -60.201621 0.002008
568 5680.000000 8.276908 -68.383769 -60.106860 13612.712690 -60.106860 0.002007
569 5690.000000 8.212582 -68.416925 -60.204344 13506.917384 -60.204344 0.002000
570 5700.000000 8.229202 -68.481272 -60.252070 13534.252117 -60.252070 0.001989
571 5710.000000 8.560819 -68.556328 -59.995509 14079.650129 -59.995509 0.001974
572 5720.000000 8.474692 -68.637622 -60.162929 13938.001037 -60.162929 0.001952
573 5730.000000 8.773116 -68.714261 -59.941145 14428.806900 -59.941145 0.001928
574 5740.000000 9.053891 -68.766257 -59.712366 14890.586152 -59.712366 0.001905
575 5750.000000 9.148013 -68.802367 -59.654353 15045.385988 -59.654353 0.001880
576 5760.000000 9.527219 -68.811948 -59.284729 15669.050811 -59.284729 0.001857
577 5770.000000 9.763926 -68.783665 -59.019739 16058.353729 -59.019739 0.001844
578 5780.000000 9.432215 -68.733509 -59.301294 15512.801590 -59.301294 0.001839
579 5790.000000 9.096589 -68.640396 -59.543807 14960.810747 -59.543807 0.001843
580 5800.000000 8.991561 -68.577198 -59.585638 14788.074189 -59.585638 0.001843
581 5810.000000 9.076717 -68.539748 -59.463031 14928.127613 -59.463031 0.001835
582 5820.000000 9.079789 -68.559420 -59.479631 14933.180126 -59.479631 0.001816
583 5830.000000 9.162073 -68.575118 -59.413045 15068.509518 -59.413045 0.001802
584 5840.000000 9.418558 -68.584164 -59.165606 15490.340809 -59.165606 0.001795
585 5850.000000 9.071481 -68.567745 -59.496264 14919.515794 -59.496264 0.001790
586 5860.000000 8.960690 -68.553402 -59.592712 14737.301971 -59.592712 0.001782
587 5870.000000 9.056759 -68.542893 -59.486134 14895.303804 -59.486134 0.001775
588 5880.000000 8.857316 -68.542504 -59.685188 14567.287029 -59.685188 0.001763
589 5890.000000 8.756934 -68.533186 -59.776252 14402.192469 -59.776252 0.001757
590 5900.000000 8.658030 -68.515471 -59.857440 14239.529681 -59.857440 0.001754
591 5910.000000 8.853030 -68.485127 -59.632097 14560.238310 -59.632097 0.001753
592 5920.000000 8.917701 -68.459955 -59.542255 14666.599562 -59.542255 0.001754
593 5930.000000 9.056004 -68.446818 -59.390814 14894.061294 -59.390814 0.001746
594 5940.000000 9.120672 -68.445294 -59.324623 15000.418690 -59.324623 0.001737
595 5950.000000 9.038783 -68.459594 -59.420811 14865.738508 -59.420811 0.001723
596 5960.000000 8.959588 -68.466674 -59.507086 14735.490590 -59.507086 0.001709
597 5970.000000 9.057622 -68.468893 -59.411271 14896.723382 -59.411271 0.001696
598 5980.000000 8.979633 -68.459515 -59.479882 14768.457413 -59.479882 0.001697
599 5990.000000 9.151774 -68.448563 -59.296790 15051.570907 -59.296790 0.001704
600 6000.000000 9.093489 -68.430661 -59.337171 14955.712730 -59.337171 0.001718
601 6010.000000 9.228401 -68.417321 -59.188920 15177.597151 -59.188920 0.001732
602 6020.000000 9.498176 -68.424900 -58.926725 15621.284742 -58.926725 0.001742
603 6030.000000 9.414043 -68.445205 -59.031163 15482.914473 -59.031163 0.001752
604 6040.000000 9.163121 -68.478852 -59.315731 15070.233415 -59.315731 0.001757
605 6050.000000 9.309475 -68.520424 -59.210949 15310.936531 -59.210949 0.001758
606 6060.000000 8.965540 -68.569566 -59.604026 14745.279379 -59.604026 0.001760
607 6070.000000 8.893425 -68.625168 -59.731743 14626.674768 -59.731743 0.001760
608 6080.000000 9.127948 -68.673628 -59.545680 15012.384965 -59.545680 0.001762
609 6090.000000 8.835737 -68.703783 -59.868046 14531.797796 -59.868046 0.001770
610 6100.000000 8.752395 -68.712550 -59.960155 14394.728508 -59.960155 0.001784
611 6110.000000 8.978777 -68.693701 -59.714924 14767.049753 -59.714924 0.001796
612 6120.000000 8.648503 -68.662441 -60.013938 14223.860416 -60.013938 0.001811
613 6130.000000 9.012435 -68.595148 -59.582713 14822.405949 -59.582713 0.001827
614 6140.000000 8.917963 -68.503748 -59.585785 14667.031376 -59.585785 0.001846
615 6150.000000 8.793026 -68.436113 -59.643087 14461.552471 -59.643087 0.001853
616 6160.000000 8.890649 -68.414136 -59.523487 14622.108493 -59.523487 0.001843
617 6170.000000 8.954152 -68.430656 -59.476504 14726.550525 -59.476504 0.001825
618 6180.000000 9.058987 -68.470194 -59.411207 14898.967470 -59.411207 0.001799
619 6190.000000 9.394362 -68.499390 -59.105027 15450.546961 -59.105027 0.001769
620 6200.000000 9.619403 -68.516854 -58.897450 15820.663358 -58.897450 0.001745
621 6210.000000 9.932396 -68.519297 -58.586901 16335.429364 -58.586901 0.001726
622 6220.000000 10.124709 -68.493582 -58.368873 16651.720544 -58.368873 0.001721
623 6230.000000 9.828007 -68.495587 -58.667580 16163.745234 -58.667580 0.001723
624 6240.000000 9.981694 -68.536947 -58.555254 16416.508137 -58.555254 0.001726
625 6250.000000 9.733931 -68.583356 -58.849425 16009.022785 -58.849425 0.001734
626 6260.000000 10.221580 -68.610235 -58.388655 16811.039948 -58.388655 0.001741
627 6270.000000 9.889624 -68.632098 -58.742474 16265.084911 -58.742474 0.001747
628 6280.000000 10.143537 -68.664310 -58.520773 16682.685811 -58.520773 0.001743
629 6290.000000 9.700997 -68.679590 -58.978593 15954.856450 -58.978593 0.001739
630 6300.000000 10.164713 -68.709138 -58.544424 16717.513726 -58.544424 0.001733
631 6310.000000 9.934244 -68.739506 -58.805263 16338.468714 -58.805263 0.001725
632 6320.000000 9.760632 -68.754810 -58.994179 16052.936045 -58.994179 0.001722
633 6330.000000 9.979632 -68.767284 -58.787652 16413.117115 -58.787652 0.001715
634 6340.000000 10.217428 -68.780882 -58.563454 16804.211138 -58.563454 0.001708
635 6350.000000 10.686699 -68.757035 -58.070335 17576.003832 -58.070335 0.001707
636 6360.000000 10.459709 -68.719651 -58.259942 17202.680876 -58.259942 0.001712
637 6370.000000 10.791312 -68.671309 -57.879997 17748.056355 -57.879997 0.001727
638 6380.000000 11.599577 -68.624211 -57.024634 19077.378443 -57.024634 0.001746
639 6390.000000 11.524055 -68.552694 -57.028639 18953.170300 -57.028639 0.001775
640 6400.000000 11.380311 -68.440946 -57.060635 18716.760876 -57.060635 0.001811
641 6410.000000 11.474040 -68.336478 -56.862438 18870.912255 -56.862438 0.001836
642 6420.000000 11.076777 -68.298722 -57.221945 18217.550405 -57.221945 0.001843
643 6430.000000 11.288590 -68.291609 -57.003019 18565.909887 -57.003019 0.001837
644 6440.000000 11.336913 -68.293484 -56.956571 18645.384956 -56.956571 0.001819
645 6450.000000 10.856340 -68.294753 -57.438413 17855.006017 -57.438413 0.001802
646 6460.000000 10.336260 -68.278482 -57.942221 16999.650273 -57.942221 0.001792
647 6470.000000 10.040658 -68.285147 -58.244490 16513.483966 -58.244490 0.001778
648 6480.000000 9.764311 -68.302635 -58.538324 16058.987056 -58.538324 0.001769
649 6490.000000 10.010715 -68.328771 -58.318055 16464.239199 -58.318055 0.001763
650 6500.000000 10.097859 -68.377506 -58.279646 16607.561436 -58.279646 0.001763
651 6510.000000 9.884693 -68.425471 -58.540778 16256.974104 -58.540778 0.001766
652 6520.000000 9.761290 -68.494189 -58.732899 16054.018638 -58.732899 0.001770
653 6530.000000 9.932394 -68.541559 -58.609165 16335.426976 -58.609165 0.001781
654 6540.000000 10.148647 -68.578346 -58.429699 16691.090064 -58.429699 0.001788
655 6550.000000 9.845756 -68.586927 -58.741170 16192.937180 -58.741170 0.001797
656 6560.000000 9.919457 -68.576989 -58.657533 16314.149446 -58.657533 0.001803
657 6570.000000 9.681161 -68.545533 -58.864372 15922.234349 -58.864372 0.001815
658 6580.000000 9.737828 -68.511497 -58.773669 16015.432021 -58.773669 0.001826
659 6590.000000 9.830765 -68.484313 -58.653548 16168.281859 -58.653548 0.001836
660 6600.000000 9.972883 -68.457945 -58.485063 16402.016876 -58.485063 0.001842
661 6610.000000 9.757308 -68.436885 -58.679576 16047.470418 -58.679576 0.001838
662 6620.000000 9.618516 -68.399296 -58.780780 15819.204559 -58.780780 0.001836
663 6630.000000 9.595860 -68.353508 -58.757648 15781.942775 -58.757648 0.001832
664 6640.000000 9.230013 -68.305140 -59.075127 15180.247738 -59.075127 0.001826
665 6650.000000 9.031701 -68.271156 -59.239455 14854.092343 -59.239455 0.001820
666 6660.000000 9.526860 -68.264943 -58.738084 15668.459982 -58.738084 0.001811
667 6670.000000 10.116513 -68.239933 -58.123420 16638.240645 -58.123420 0.001810
668 6680.000000 10.123452 -68.198717 -58.075265 16649.652869 -58.075265 0.001816
669 6690.000000 9.947923 -68.141622 -58.193699 16360.966086 -58.193699 0.001828
670 6700.000000 10.099360 -68.053007 -57.953647 16610.030061 -57.953647 0.001843
671 6710.000000 10.153598 -67.985369 -57.831772 16699.232269 -57.831772 0.001852
672 6720.000000 9.914474 -67.960463 -58.045989 16305.954401 -58.045989 0.001855
673 6730.000000 9.557371 -67.983192 -58.425821 15718.641298 -58.425821 0.001847
674 6740.000000 9.967942 -68.034390 -58.066448 16393.891391 -58.066448 0.001832
675 6750.000000 9.691654 -68.079085 -58.387431 15939.491837 -58.387431 0.001815
676 6760.000000 9.872001 -68.112049 -58.240049 16236.100033 -58.240049 0.001805
677 6770.000000 9.951813 -68.136794 -58.184981 16367.364841 -58.184981 0.001802
678 6780.000000 9.549712 -68.148773 -58.599061 15706.044190 -58.599061 0.001804
679 6790.000000 9.495435 -68.166121 -58.670686 15616.777813 -58.670686 0.001818
680 6800.000000 9.500246 -68.189146 -58.688899 15624.690351 -58.688899 0.001832
681 6810.000000 9.386078 -68.213959 -58.827881 15436.921248 -58.827881 0.001846
682 6820.000000 9.315811 -68.273887 -58.958076 15321.356557 -58.958076 0.001845
683 6830.000000 9.360404 -68.345168 -58.984764 15394.697275 -58.984764 0.001844
684 6840.000000 9.514505 -68.414740 -58.900236 15648.140108 -58.900236 0.001841
685 6850.000000 9.593675 -68.474064 -58.880389 15778.348215 -58.880389 0.001840
686 6860.000000 9.486871 -68.539001 -59.052130 15602.692240 -59.052130 0.001840
687 6870.000000 9.362907 -68.656992 -59.294084 15398.814090 -59.294084 0.001829
688 6880.000000 9.473636 -68.762714 -59.289077 15580.925469 -59.289077 0.001814
689 6890.000000 9.447813 -68.810892 -59.363079 15538.455620 -59.363079 0.001808
690 6900.000000 9.325293 -68.806235 -59.480943 15336.950949 -59.480943 0.001816
691 6910.000000 8.971455 -68.758428 -59.786973 14755.007847 -59.786973 0.001833
692 6920.000000 9.105493 -68.687145 -59.581652 14975.454407 -59.581652 0.001856
693 6930.000000 9.064373 -68.607389 -59.543016 14907.825706 -59.543016 0.001880
694 6940.000000 9.259771 -68.569348 -59.309577 15229.189984 -59.309577 0.001891
695 6950.000000 9.278281 -68.580803 -59.302522 15259.632431 -59.302522 0.001883
696 6960.000000 9.516210 -68.598720 -59.082510 15650.945213 -59.082510 0.001873
697 6970.000000 9.656388 -68.595591 -58.939203 15881.489879 -58.939203 0.001870
698 6980.000000 9.715974 -68.591371 -58.875397 15979.489055 -58.875397 0.001858
699 6990.000000 9.754515 -68.601094 -58.846579 16042.876035 -58.846579 0.001840
700 7000.000000 10.138768 -68.612588 -58.473820 16674.841753 -58.473820 0.001817
701 7010.000000 9.997584 -68.616426 -58.618842 16442.643067 -58.618842 0.001794
702 7020.000000 9.775835 -68.621370 -58.845535 16077.940574 -58.845535 0.001772
703 7030.000000 9.544325 -68.632722 -59.088396 15697.184947 -59.088396 0.001760
704 7040.000000 9.561148 -68.671330 -59.110181 15724.853638 -59.110181 0.001747
705 7050.000000 9.730959 -68.733592 -59.002633 16004.134125 -59.002633 0.001732
706 7060.000000 9.195524 -68.769946 -59.574422 15123.525147 -59.574422 0.001733
707 7070.000000 9.521144 -68.770389 -59.249245 15659.059607 -59.249245 0.001750
708 7080.000000 9.354081 -68.729196 -59.375115 15384.298328 -59.375115 0.001776
709 7090.000000 9.374167 -68.678424 -59.304258 15417.331751 -59.304258 0.001806
710 7100.000000 9.301060 -68.649996 -59.348936 15297.095417 -59.348936 0.001833
711 7110.000000 9.271091 -68.641129 -59.370038 15247.807214 -59.370038 0.001853
712 7120.000000 9.346512 -68.638639 -59.292127 15371.849794 -59.292127 0.001859
713 7130.000000 9.469882 -68.647076 -59.177194 15574.751190 -59.177194 0.001855
714 7140.000000 9.840503 -68.642214 -58.801710 16184.298066 -58.801710 0.001856
715 7150.000000 10.205803 -68.634788 -58.428985 16785.092554 -58.428985 0.001860
716 7160.000000 10.282123 -68.620428 -58.338305 16910.612861 -58.338305 0.001872
717 7170.000000 10.152683 -68.597495 -58.444812 16697.727971 -58.444812 0.001881
718 7180.000000 9.934492 -68.598740 -58.664249 16338.876976 -58.664249 0.001881
719 7190.000000 9.775569 -68.612337 -58.836768 16077.502459 -58.836768 0.001873
720 7200.000000 10.070903 -68.657487 -58.586584 16563.227635 -58.586584 0.001859
721 7210.000000 10.017986 -68.719708 -58.701722 16476.196734 -58.701722 0.001838
722 7220.000000 10.197077 -68.771504 -58.574427 16770.740445 -58.574427 0.001821
723 7230.000000 10.067272 -68.805237 -58.737966 16557.254878 -58.737966 0.001811
724 7240.000000 10.481440 -68.811136 -58.329696 17238.421057 -58.329696 0.001807
725 7250.000000 10.132950 -68.780638 -58.647688 16665.273016 -58.647688 0.001816
726 7260.000000 9.909761 -68.730945 -58.821184 16298.203177 -58.821184 0.001842
727 7270.000000 9.753710 -68.655641 -58.901931 16041.552050 -58.901931 0.001864
728 7280.000000 9.437041 -68.555554 -59.118513 15520.739336 -59.118513 0.001889
729 7290.000000 9.200257 -68.501154 -59.300897 15131.309600 -59.300897 0.001908
730 7300.000000 8.871009 -68.469649 -59.598640 14589.808285 -59.598640 0.001920
731 7310.000000 8.786221 -68.430923 -59.644702 14450.360225 -59.644702 0.001927
732 7320.000000 8.784731 -68.387051 -59.602320 14447.909084 -59.602320 0.001926
733 7330.000000 8.893648 -68.375614 -59.481966 14627.040863 -59.481966 0.001913
734 7340.000000 9.014824 -68.411931 -59.397107 14826.334510 -59.397107 0.001892
735 7350.000000 9.505479 -68.461342 -58.955863 15633.296325 -58.955863 0.001854
736 7360.000000 9.669456 -68.481073 -58.811617 15902.982916 -58.811617 0.001820
737 7370.000000 9.442164 -68.491158 -59.048994 15529.163733 -59.048994 0.001788
738 7380.000000 9.872565 -68.520956 -58.648392 16237.028114 -58.648392 0.001756
739 7390.000000 10.361338 -68.555762 -58.194425 17040.894424 -58.194425 0.001728
740 7400.000000 10.494550 -68.585845 -58.091295 17259.983411 -58.091295 0.001704
741 7410.000000 10.180666 -68.613406 -58.432740 16743.750282 -58.432740 0.001693
742 7420.000000 10.290645 -68.615689 -58.325043 16924.629066 -58.325043 0.001693
743 7430.000000 9.910234 -68.598512 -58.688277 16298.981493 -58.688277 0.001703
744 7440.000000 9.354553 -68.576913 -59.222359 15385.074746 -59.222359 0.001711
745 7450.000000 9.497798 -68.547027 -59.049229 15620.662851 -59.049229 0.001723
746 7460.000000 9.608171 -68.522673 -58.914503 15802.188949 -58.914503 0.001733
747 7470.000000 9.471749 -68.466889 -58.995140 15577.821732 -58.995140 0.001744
748 7480.000000 9.765235 -68.408597 -58.643361 16060.507526 -58.643361 0.001753
749 7490.000000 10.115084 -68.404154 -58.289071 16635.889456 -58.289071 0.001752
750 7500.000000 9.959276 -68.431802 -58.472526 16379.638989 -58.472526 0.001744
751 7510.000000 9.720224 -68.433071 -58.712847 15986.479050 -58.712847 0.001736
752 7520.000000 10.049187 -68.438131 -58.388944 16527.512191 -58.388944 0.001728
753 7530.000000 10.159520 -68.458248 -58.298728 16708.972291 -58.298728 0.001717
754 7540.000000 10.519567 -68.460079 -57.940512 17301.128399 -57.940512 0.001717
755 7550.000000 10.956637 -68.462664 -57.506027 18019.959294 -57.506027 0.001720
756 7560.000000 10.822671 -68.449242 -57.626571 17799.631034 -57.626571 0.001727
757 7570.000000 10.639441 -68.436323 -57.796882 17498.279776 -57.796882 0.001740
758 7580.000000 10.567570 -68.416341 -57.848771 17380.076716 -57.848771 0.001760
759 7590.000000 10.160312 -68.408299 -58.247987 16710.274602 -58.247987 0.001784
760 7600.000000 10.087403 -68.400868 -58.313465 16590.364388 -58.313465 0.001807
761 7610.000000 10.111817 -68.431288 -58.319471 16630.516464 -58.319471 0.001821
762 7620.000000 9.874212 -68.470655 -58.596443 16239.736558 -58.596443 0.001833
763 7630.000000 10.328827 -68.488805 -58.159978 16987.424771 -58.159978 0.001840
764 7640.000000 10.227501 -68.485092 -58.257591 16820.778351 -58.257591 0.001852
765 7650.000000 10.152147 -68.490223 -58.338077 16696.845408 -58.338077 0.001857
766 7660.000000 10.059769 -68.521691 -58.461922 16544.915594 -58.461922 0.001861
767 7670.000000 9.706873 -68.515704 -58.808831 15964.521116 -58.808831 0.001865
768 7680.000000 9.874837 -68.410974 -58.536138 16240.764524 -58.536138 0.001884
769 7690.000000 9.861096 -68.307562 -58.446466 16218.166400 -58.446466 0.001895
770 7700.000000 9.825841 -68.326979 -58.501138 16160.183220 -58.501138 0.001884
771 7710.000000 10.162603 -68.458671 -58.296068 16714.042050 -58.296068 0.001854
772 7720.000000 9.997808 -68.551050 -58.553242 16443.011258 -58.553242 0.001832
773 7730.000000 10.383963 -68.554584 -58.170620 17078.105437 -58.170620 0.001824
774 7740.000000 10.108744 -68.506483 -58.397739 16625.462314 -58.397739 0.001828
775 7750.000000 10.041764 -68.426922 -58.385157 16515.304308 -58.385157 0.001841
776 7760.000000 10.303029 -68.415795 -58.112766 16944.996135 -58.112766 0.001842
777 7770.000000 10.825067 -68.493824 -57.668757 17803.571726 -57.668757 0.001831
778 7780.000000 10.879309 -68.543662 -57.664353 17892.781202 -57.664353 0.001821
779 7790.000000 11.123480 -68.565389 -57.441910 18294.359547 -57.441910 0.001817
780 7800.000000 10.682386 -68.577348 -57.894962 17568.909956 -57.894962 0.001818
781 7810.000000 10.529832 -68.606647 -58.076815 17318.010903 -58.076815 0.001817
782 7820.000000 10.445232 -68.641313 -58.196081 17178.871417 -58.196081 0.001818
783 7830.000000 10.278647 -68.663861 -58.385213 16904.896424 -58.385213 0.001814
784 7840.000000 10.271524 -68.644203 -58.372678 16893.181576 -58.372678 0.001823
785 7850.000000 10.526314 -68.592293 -58.065979 17312.223604 -58.065979 0.001838
786 7860.000000 10.444442 -68.519963 -58.075521 17177.573268 -58.075521 0.001855
787 7870.000000 10.169440 -68.428291 -58.258852 16725.286543 -58.258852 0.001873
788 7880.000000 10.120619 -68.361393 -58.240774 16644.993703 -58.240774 0.001881
789 7890.000000 10.003859 -68.348650 -58.344790 16452.963110 -58.344790 0.001872
790 7900.000000 9.764350 -68.370381 -58.606032 16059.050666 -58.606032 0.001857
791 7910.000000 9.748432 -68.423674 -58.675242 16032.871772 -58.675242 0.001836
792 7920.000000 9.575266 -68.443267 -58.868001 15748.071877 -58.868001 0.001823
793 7930.000000 9.200088 -68.416726 -59.216638 15131.032000 -59.216638 0.001822
794 7940.000000 9.298525 -68.385074 -59.086549 15292.927217 -59.086549 0.001819
795 7950.000000 9.016101 -68.366500 -59.350399 14828.434342 -59.350399 0.001813
796 7960.000000 8.763172 -68.352525 -59.589353 14412.453032 -59.589353 0.001811
797 7970.000000 9.116853 -68.358061 -59.241208 14994.137838 -59.241208 0.001802
798 7980.000000 8.836143 -68.395859 -59.559716 14532.464445 -59.559716 0.001789
799 7990.000000 8.724306 -68.452600 -59.728294 14348.531004 -59.728294 0.001774
800 8000.000000 9.076254 -68.506127 -59.429874 14927.365955 -59.429874 0.001764
801 8010.000000 9.425454 -68.557032 -59.131577 15501.682652 -59.131577 0.001756
802 8020.000000 9.662259 -68.590253 -58.927994 15891.146405 -58.927994 0.001757
803 8030.000000 9.653487 -68.600558 -58.947071 15876.718707 -58.947071 0.001764
804 8040.000000 9.614625 -68.589671 -58.975046 15812.804077 -58.975046 0.001765
805 8050.000000 9.519622 -68.577949 -59.058328 15656.555931 -59.058328 0.001767
806 8060.000000 9.287114 -68.572194 -59.285080 15274.159086 -59.285080 0.001764
807 8070.000000 9.442138 -68.573949 -59.131811 15529.121638 -59.131811 0.001753
808 8080.000000 9.914067 -68.578325 -58.664258 16305.284450 -58.664258 0.001738
809 8090.000000 9.845345 -68.594787 -58.749441 16192.261212 -58.749441 0.001714
810 8100.000000 10.019668 -68.618522 -58.598853 16478.963675 -58.598853 0.001688
811 8110.000000 9.709576 -68.628500 -58.918924 15968.966261 -58.918924 0.001658
812 8120.000000 9.389156 -68.645967 -59.256811 15441.984036 -59.256811 0.001629
813 8130.000000 9.184845 -68.657599 -59.472754 15105.961267 -59.472754 0.001605
814 8140.000000 9.040340 -68.677951 -59.637610 14868.300705 -59.637610 0.001586
815 8150.000000 9.004381 -68.697287 -59.692907 14809.159349 -59.692907 0.001572
816 8160.000000 9.312643 -68.726690 -59.414047 15316.146623 -59.414047 0.001570
817 8170.000000 8.884164 -68.743680 -59.859516 14611.442670 -59.859516 0.001577
818 8180.000000 8.920951 -68.742291 -59.821340 14671.944635 -59.821340 0.001591
819 8190.000000 8.787411 -68.723539 -59.936128 14452.316589 -59.936128 0.001609
820 8200.000000 8.719092 -68.702223 -59.983131 14339.955213 -59.983131 0.001631
821 8210.000000 8.879123 -68.666776 -59.787653 14603.151807 -59.787653 0.001652
822 8220.000000 8.553417 -68.624312 -60.070894 14067.477058 -60.070894 0.001670
823 8230.000000 9.038815 -68.583924 -59.545109 14865.792181 -59.545109 0.001682
824 8240.000000 8.860736 -68.611302 -59.750567 14572.911364 -59.750567 0.001686
825 8250.000000 9.288267 -68.708490 -59.420224 15276.055560 -59.420224 0.001678
826 8260.000000 9.583776 -68.742373 -59.158597 15762.068470 -59.158597 0.001673
827 8270.000000 9.375329 -68.714616 -59.339287 15419.243038 -59.339287 0.001679
828 8280.000000 9.047695 -68.632975 -59.585280 14880.395868 -59.585280 0.001695
829 8290.000000 8.795691 -68.484080 -59.688389 14465.935180 -59.688389 0.001717
830 8300.000000 9.111987 -68.445767 -59.333780 14986.135578 -59.333780 0.001727
831 8310.000000 9.245499 -68.528526 -59.283027 15205.717012 -59.283027 0.001723
832 8320.000000 9.370645 -68.587918 -59.217273 15411.539937 -59.217273 0.001718
833 8330.000000 9.167691 -68.618891 -59.451200 15077.749181 -59.451200 0.001726
834 8340.000000 9.473979 -68.619480 -59.145501 15581.489067 -59.145501 0.001741
835 8350.000000 9.651381 -68.597576 -58.946196 15873.255269 -58.946196 0.001759
836 8360.000000 9.575953 -68.552172 -58.976219 15749.202300 -58.976219 0.001779
837 8370.000000 9.542169 -68.512055 -58.969886 15693.638525 -58.969886 0.001794
838 8380.000000 9.471651 -68.481175 -59.009524 15577.660097 -59.009524 0.001798
839 8390.000000 9.270197 -68.463533 -59.193336 15246.336558 -59.193336 0.001795
840 8400.000000 9.030788 -68.429927 -59.399140 14852.589382 -59.399140 0.001797
