# istep , time , K , V , E , T , H_eff, P
1 10.000000 4.543048 -71.282659 -66.739611 7471.777212 -66.739611 0.001112
2 20.000000 4.681903 -71.295380 -66.613477 7700.145662 -66.613477 0.001097
3 30.000000 4.501935 -71.302608 -66.800673 7404.159113 -66.800673 0.001087
4 40.000000 4.317778 -71.308461 -66.990683 7101.283209 -66.990683 0.001084
5 50.000000 4.368663 -71.319680 -66.951017 7184.971855 -66.951017 0.001084
6 60.000000 4.462150 -71.327859 -66.865709 7338.727169 -66.865709 0.001087
7 70.000000 4.359774 -71.352518 -66.992745 7170.352156 -66.992745 0.001092
8 80.000000 4.489549 -71.386064 -66.896514 7383.789323 -66.896514 0.001103
9 90.000000 4.469803 -71.401448 -66.931645 7351.312691 -66.931645 0.001120
10 100.000000 4.568574 -71.409342 -66.840768 7513.757489 -66.840768 0.001141
11 110.000000 4.725672 -71.392452 -66.666780 7772.131096 -66.666780 0.001170
12 120.000000 4.677599 -71.381980 -66.704381 7693.067359 -66.704381 0.001197
13 130.000000 4.555693 -71.365746 -66.810053 7492.572997 -66.810053 0.001228
14 140.000000 4.740524 -71.357235 -66.616711 7796.557045 -66.616711 0.001255
15 150.000000 4.588505 -71.364946 -66.776442 7546.537295 -66.776442 0.001272
16 160.000000 4.730272 -71.422157 -66.691885 7779.696948 -66.691885 0.001278
17 170.000000 4.885056 -71.482091 -66.597035 8034.264773 -66.597035 0.001274
18 180.000000 4.885945 -71.507271 -66.621326 8035.726444 -66.621326 0.001264
19 190.000000 5.170814 -71.513108 -66.342295 8504.238453 -66.342295 0.001240
20 200.000000 5.131525 -71.521126 -66.389601 8439.622259 -66.389601 0.001217
21 210.000000 5.240641 -71.530543 -66.289902 8619.080564 -66.289902 0.001196
22 220.000000 5.312936 -71.538389 -66.225453 8737.981755 -66.225453 0.001176
23 230.000000 5.356792 -71.540342 -66.183550 8810.110379 -66.183550 0.001155
24 240.000000 5.128604 -71.526904 -66.398300 8434.817977 -66.398300 0.001138
25 250.000000 4.930276 -71.504492 -66.574216 8108.635968 -66.574216 0.001126
26 260.000000 4.971290 -71.453206 -66.481916 8176.090467 -66.481916 0.001119
27 270.000000 4.829160 -71.392797 -66.563637 7942.334359 -66.563637 0.001119
28 280.000000 4.764881 -71.325591 -66.560710 7836.615947 -66.560710 0.001124
29 290.000000 4.704268 -71.268203 -66.563935 7736.929360 -66.563935 0.001134
30 300.000000 4.447210 -71.214739 -66.767529 7314.155941 -66.767529 0.001141
31 310.000000 4.455306 -71.168332 -66.713025 7327.471280 -66.713025 0.001150
32 320.000000 4.126986 -71.130868 -67.003882 6787.494998 -67.003882 0.001161
33 330.000000 4.028932 -71.098152 -67.069220 6626.230348 -67.069220 0.001170
34 340.000000 3.898038 -71.057935 -67.159897 6410.953755 -67.159897 0.001178
35 350.000000 3.917097 -71.035908 -67.118811 6442.298287 -67.118811 0.001178
36 360.000000 4.137051 -71.029257 -66.892206 6804.048339 -66.892206 0.001175
37 370.000000 4.232033 -71.015093 -66.783060 6960.262682 -66.783060 0.001169
38 380.000000 4.298104 -70.999948 -66.701845 7068.925907 -66.701845 0.001161
39 390.000000 4.251135 -70.999025 -66.747890 6991.678557 -66.747890 0.001146
40 400.000000 4.370967 -70.997721 -66.626754 7188.761657 -66.626754 0.001125
41 410.000000 4.221294 -71.029419 -66.808125 6942.600579 -66.808125 0.001101
42 420.000000 4.330024 -71.088583 -66.758559 7121.424688 -66.758559 0.001080
43 430.000000 4.675729 -71.142864 -66.467134 7689.992686 -66.467134 0.001060
44 440.000000 4.619952 -71.182068 -66.562116 7598.257395 -66.562116 0.001044
45 450.000000 4.634225 -71.192204 -66.557978 7621.732644 -66.557978 0.001033
46 460.000000 4.733113 -71.195113 -66.462000 7784.368393 -66.462000 0.001036
47 470.000000 4.768546 -71.198377 -66.429831 7842.644981 -66.429831 0.001050
48 480.000000 4.680821 -71.194935 -66.514114 7698.367052 -66.514114 0.001072
49 490.000000 4.677370 -71.184027 -66.506657 7692.690932 -66.506657 0.001098
50 500.000000 4.809467 -71.176915 -66.367448 7909.945859 -66.367448 0.001123
51 510.000000 4.990999 -71.179530 -66.188532 8208.503816 -66.188532 0.001146
52 520.000000 5.029000 -71.189827 -66.160827 8271.002892 -66.160827 0.001164
53 530.000000 4.995135 -71.207392 -66.212258 8215.306133 -66.212258 0.001172
54 540.000000 5.090695 -71.213790 -66.123094 8372.471235 -66.123094 0.001174
55 550.000000 4.940944 -71.198537 -66.257593 8126.181389 -66.257593 0.001165
56 560.000000 5.033560 -71.183676 -66.150116 8278.502235 -66.150116 0.001155
57 570.000000 5.125331 -71.154810 -66.029478 8429.435689 -66.029478 0.001140
58 580.000000 5.021769 -71.136127 -66.114358 8259.110841 -66.114358 0.001129
59 590.000000 5.095486 -71.126497 -66.031011 8380.350361 -66.031011 0.001114
60 600.000000 5.087715 -71.109042 -66.021328 8367.568911 -66.021328 0.001099
61 610.000000 4.944896 -71.077209 -66.132313 8132.680516 -66.132313 0.001090
62 620.000000 4.870712 -71.024137 -66.153425 8010.673645 -66.153425 0.001080
63 630.000000 4.917983 -70.963684 -66.045702 8088.417498 -66.045702 0.001070
64 640.000000 4.931426 -70.906052 -65.974626 8110.527163 -65.974626 0.001068
65 650.000000 4.812337 -70.854780 -66.042443 7914.665216 -66.042443 0.001060
66 660.000000 4.738529 -70.832337 -66.093808 7793.276993 -66.093808 0.001052
67 670.000000 4.699274 -70.826962 -66.127689 7728.715076 -66.127689 0.001044
68 680.000000 4.939146 -70.819381 -65.880235 8123.224477 -65.880235 0.001035
69 690.000000 4.644038 -70.805280 -66.161242 7637.871673 -66.161242 0.001034
70 700.000000 4.564426 -70.786077 -66.221651 7506.935879 -66.221651 0.001034
71 710.000000 4.566566 -70.780868 -66.214302 7510.456377 -66.214302 0.001034
72 720.000000 4.792713 -70.798243 -66.005529 7882.391705 -66.005529 0.001025
73 730.000000 4.725420 -70.834269 -66.108848 7771.717134 -66.108848 0.001012
74 740.000000 4.694464 -70.876153 -66.181689 7720.804832 -66.181689 0.000995
75 750.000000 4.588539 -70.908032 -66.319493 7546.593980 -66.319493 0.000980
76 760.000000 4.762200 -70.918207 -66.156007 7832.206749 -66.156007 0.000970
77 770.000000 4.633124 -70.914238 -66.281115 7619.920294 -66.281115 0.000961
78 780.000000 4.592698 -70.908073 -66.315376 7553.433200 -66.315376 0.000955
79 790.000000 4.693808 -70.902375 -66.208567 7719.725929 -66.208567 0.000945
80 800.000000 4.783522 -70.894337 -66.110815 7867.274189 -66.110815 0.000931
81 810.000000 4.613892 -70.885897 -66.272005 7588.291021 -66.272005 0.000914
82 820.000000 4.695558 -70.876938 -66.181381 7722.603308 -66.181381 0.000902
83 830.000000 4.533171 -70.877522 -66.344351 7455.531590 -66.344351 0.000892
84 840.000000 4.775042 -70.886213 -66.111171 7853.327557 -66.111171 0.000882
85 850.000000 4.867766 -70.903316 -66.035550 8005.827618 -66.035550 0.000873
86 860.000000 4.592701 -70.919915 -66.327215 7553.438146 -66.327215 0.000871
87 870.000000 4.598058 -70.954521 -66.356463 7562.248852 -66.356463 0.000873
88 880.000000 4.518154 -70.989891 -66.471738 7430.833984 -66.471738 0.000881
89 890.000000 4.584871 -71.015600 -66.430730 7540.560507 -66.430730 0.000895
90 900.000000 4.654057 -71.027032 -66.372975 7654.348768 -66.372975 0.000915
91 910.000000 4.590530 -71.027581 -66.437051 7549.868183 -66.437051 0.000942
92 920.000000 4.464507 -71.019321 -66.554814 7342.603435 -66.554814 0.000968
93 930.000000 4.342799 -71.006589 -66.663791 7142.434394 -66.663791 0.000996
94 940.000000 4.188392 -71.002030 -66.813639 6888.486907 -66.813639 0.001029
95 950.000000 4.188359 -71.011070 -66.822711 6888.433792 -66.822711 0.001057
96 960.000000 4.220788 -71.018028 -66.797241 6941.767236 -66.797241 0.001094
97 970.000000 4.269441 -71.043952 -66.774511 7021.786365 -66.774511 0.001125
98 980.000000 4.351396 -71.097427 -66.746031 7156.574073 -66.746031 0.001148
99 990.000000 4.159198 -71.160707 -67.001509 6840.473940 -67.001509 0.001166
100 1000.000000 4.254612 -71.217974 -66.963362 6997.397046 -66.963362 0.001180
101 1010.000000 4.209863 -71.248447 -67.038584 6923.799754 -67.038584 0.001189
102 1020.000000 4.221903 -71.271865 -67.049962 6943.601705 -67.049962 0.001193
103 1030.000000 4.269452 -71.298840 -67.029388 7021.804456 -67.029388 0.001193
104 1040.000000 4.436122 -71.340885 -66.904763 7295.919026 -66.904763 0.001186
105 1050.000000 4.570071 -71.389662 -66.819591 7516.219701 -66.819591 0.001177
106 1060.000000 4.717502 -71.438266 -66.720763 7758.695031 -66.720763 0.001168
107 1070.000000 4.705241 -71.476027 -66.770785 7738.529780 -66.770785 0.001160
108 1080.000000 4.695451 -71.503071 -66.807621 7722.427231 -66.807621 0.001152
109 1090.000000 4.933482 -71.516957 -66.583475 8113.908830 -66.583475 0.001151
110 1100.000000 5.171893 -71.536108 -66.364215 8506.013300 -66.364215 0.001150
111 1110.000000 5.102325 -71.550009 -66.447684 8391.598441 -66.447684 0.001149
112 1120.000000 5.181785 -71.561351 -66.379566 8522.283535 -66.379566 0.001142
113 1130.000000 5.167831 -71.553093 -66.385262 8499.332785 -66.385262 0.001138
114 1140.000000 5.269639 -71.509510 -66.239872 8666.772163 -66.239872 0.001140
115 1150.000000 5.217770 -71.469538 -66.251768 8581.465107 -66.251768 0.001144
116 1160.000000 5.168990 -71.441574 -66.272584 8501.238701 -66.272584 0.001152
117 1170.000000 5.034760 -71.445229 -66.410469 8280.476157 -66.410469 0.001157
118 1180.000000 4.819936 -71.463174 -66.643238 7927.163304 -66.643238 0.001157
119 1190.000000 4.837887 -71.474527 -66.636640 7956.687160 -66.636640 0.001155
120 1200.000000 4.811766 -71.497113 -66.685348 7913.726263 -66.685348 0.001146
121 1210.000000 4.538370 -71.503794 -66.965424 7464.082919 -66.965424 0.001143
122 1220.000000 4.710449 -71.511064 -66.800615 7747.094178 -66.800615 0.001140
123 1230.000000 4.686873 -71.518410 -66.831538 7708.319638 -66.831538 0.001140
124 1240.000000 4.703998 -71.507964 -66.803966 7736.485473 -66.803966 0.001144
125 1250.000000 4.589354 -71.486242 -66.896887 7547.934421 -66.896887 0.001151
126 1260.000000 4.704051 -71.457098 -66.753047 7736.572440 -66.753047 0.001158
127 1270.000000 4.880774 -71.430615 -66.549841 8027.222263 -66.549841 0.001156
128 1280.000000 5.087280 -71.431392 -66.344113 8366.853490 -66.344113 0.001151
129 1290.000000 5.118853 -71.454544 -66.335691 8418.780909 -66.335691 0.001140
130 1300.000000 4.936769 -71.467715 -66.530946 8119.313931 -66.530946 0.001138
131 1310.000000 4.911106 -71.494161 -66.583055 8077.106889 -66.583055 0.001138
132 1320.000000 4.957786 -71.507030 -66.549245 8153.879505 -66.549245 0.001143
133 1330.000000 4.954915 -71.499803 -66.544889 8149.158122 -66.544889 0.001152
134 1340.000000 4.855472 -71.498122 -66.642650 7985.608592 -66.642650 0.001164
135 1350.000000 4.757856 -71.480417 -66.722561 7825.062634 -66.722561 0.001177
136 1360.000000 4.519351 -71.462454 -66.943102 7432.803566 -66.943102 0.001192
137 1370.000000 4.425110 -71.471605 -67.046495 7277.808995 -67.046495 0.001203
138 1380.000000 4.480790 -71.501024 -67.020235 7369.382537 -67.020235 0.001210
139 1390.000000 4.515245 -71.534984 -67.019739 7426.049719 -67.019739 0.001209
140 1400.000000 4.549205 -71.552593 -67.003388 7481.902554 -67.003388 0.001212
141 1410.000000 4.434365 -71.552425 -67.118060 7293.029769 -67.118060 0.001218
142 1420.000000 4.450916 -71.532311 -67.081395 7320.249811 -67.081395 0.001222
143 1430.000000 4.381231 -71.499796 -67.118565 7205.641803 -67.118565 0.001220
144 1440.000000 4.495501 -71.460324 -66.964823 7393.577659 -66.964823 0.001224
145 1450.000000 4.360764 -71.439815 -67.079051 7171.980369 -67.079051 0.001226
146 1460.000000 4.344829 -71.435713 -67.090884 7145.773114 -67.090884 0.001223
147 1470.000000 4.356188 -71.441598 -67.085410 7164.454716 -67.085410 0.001218
148 1480.000000 4.638035 -71.458493 -66.820457 7627.998808 -66.820457 0.001210
149 1490.000000 4.773542 -71.457308 -66.683766 7850.861809 -66.683766 0.001208
150 1500.000000 4.744973 -71.442509 -66.697536 7803.874597 -66.697536 0.001208
151 1510.000000 4.827918 -71.415125 -66.587208 7940.290573 -66.587208 0.001213
152 1520.000000 4.963485 -71.393056 -66.429571 8163.253208 -66.429571 0.001221
153 1530.000000 5.209473 -71.356614 -66.147141 8567.820052 -66.147141 0.001233
154 1540.000000 5.142111 -71.298711 -66.156600 8457.031772 -66.156600 0.001241
155 1550.000000 5.062263 -71.212280 -66.150017 8325.709487 -66.150017 0.001246
156 1560.000000 5.147102 -71.124594 -65.977491 8465.241154 -65.977491 0.001240
157 1570.000000 5.127389 -71.097452 -65.970063 8432.819638 -65.970063 0.001219
158 1580.000000 5.044127 -71.071396 -66.027268 8295.882715 -66.027268 0.001204
159 1590.000000 4.865912 -71.067872 -66.201960 8002.778878 -66.201960 0.001181
160 1600.000000 4.745062 -71.035011 -66.289948 7804.021995 -66.289948 0.001165
161 1610.000000 4.852283 -70.975008 -66.122725 7980.363530 -66.122725 0.001160
162 1620.000000 4.986653 -70.909065 -65.922412 8201.356917 -65.922412 0.001162
163 1630.000000 4.890072 -70.831278 -65.941206 8042.513333 -65.941206 0.001164
164 1640.000000 4.812508 -70.752198 -65.939690 7914.947309 -65.939690 0.001166
165 1650.000000 4.598001 -70.691739 -66.093738 7562.155782 -66.093738 0.001172
166 1660.000000 4.448334 -70.650558 -66.202224 7316.004838 -66.202224 0.001175
167 1670.000000 4.584958 -70.631885 -66.046927 7540.704872 -66.046927 0.001173
168 1680.000000 4.610153 -70.629152 -66.018999 7582.141314 -66.018999 0.001166
169 1690.000000 4.480161 -70.650993 -66.170832 7368.348844 -66.170832 0.001153
170 1700.000000 4.444401 -70.721863 -66.277462 7309.535722 -66.277462 0.001133
171 1710.000000 4.621724 -70.798330 -66.176605 7601.172691 -66.176605 0.001107
172 1720.000000 4.784681 -70.849854 -66.065173 7869.180797 -66.065173 0.001084
173 1730.000000 4.677406 -70.880935 -66.203529 7692.749866 -66.203529 0.001060
174 1740.000000 4.606732 -70.884227 -66.277496 7576.514829 -66.277496 0.001045
175 1750.000000 4.826577 -70.875938 -66.049361 7938.085771 -66.049361 0.001041
176 1760.000000 4.813974 -70.857438 -66.043464 7917.358516 -66.043464 0.001047
177 1770.000000 4.674153 -70.838993 -66.164839 7687.400641 -66.164839 0.001059
178 1780.000000 4.625784 -70.816773 -66.190989 7607.848994 -66.190989 0.001071
179 1790.000000 4.599315 -70.792728 -66.193414 7564.315969 -66.193414 0.001082
180 1800.000000 4.524540 -70.774768 -66.250228 7441.337731 -66.250228 0.001086
181 1810.000000 4.635885 -70.759966 -66.124081 7624.462174 -66.124081 0.001083
182 1820.000000 4.589599 -70.750111 -66.160512 7548.336833 -66.160512 0.001082
183 1830.000000 4.555080 -70.733446 -66.178366 7491.564652 -66.178366 0.001075
184 1840.000000 4.755764 -70.703855 -65.948091 7821.622646 -65.948091 0.001071
185 1850.000000 4.858880 -70.664241 -65.805361 7991.212851 -65.805361 0.001066
186 1860.000000 4.814184 -70.627451 -65.813267 7917.703152 -65.813267 0.001059
187 1870.000000 4.638026 -70.582778 -65.944753 7627.982886 -65.944753 0.001051
188 1880.000000 4.533214 -70.535659 -66.002445 7455.603009 -66.002445 0.001038
189 1890.000000 4.573858 -70.517632 -65.943775 7522.447796 -65.943775 0.001022
190 1900.000000 4.557168 -70.511449 -65.954281 7494.999498 -65.954281 0.001006
191 1910.000000 4.572700 -70.532136 -65.959436 7520.543513 -65.959436 0.000981
192 1920.000000 4.620044 -70.559216 -65.939172 7598.409380 -65.939172 0.000953
193 1930.000000 4.648499 -70.584062 -65.935563 7645.207646 -65.935563 0.000938
194 1940.000000 4.674268 -70.604468 -65.930200 7687.588357 -65.930200 0.000928
195 1950.000000 4.730323 -70.617302 -65.886979 7779.780621 -65.886979 0.000925
196 1960.000000 4.817813 -70.615592 -65.797780 7923.671572 -65.797780 0.000936
197 1970.000000 4.893605 -70.584511 -65.690906 8048.324349 -65.690906 0.000959
198 1980.000000 4.606906 -70.551667 -65.944760 7576.802156 -65.944760 0.000986
199 1990.000000 4.557162 -70.520020 -65.962859 7494.988584 -65.962859 0.001019
200 2000.000000 4.776600 -70.506241 -65.729641 7855.891059 -65.729641 0.001052
201 2010.000000 4.752479 -70.505799 -65.753319 7816.220445 -65.753319 0.001085
202 2020.000000 4.809664 -70.529293 -65.719629 7910.269837 -65.719629 0.001109
203 2030.000000 4.696819 -70.548726 -65.851907 7724.678097 -65.851907 0.001134
204 2040.000000 5.006602 -70.574560 -65.567957 8234.166735 -65.567957 0.001153
205 2050.000000 4.898207 -70.583569 -65.685362 8055.893718 -65.685362 0.001171
206 2060.000000 4.791253 -70.568977 -65.777724 7879.989089 -65.777724 0.001189
207 2070.000000 4.944676 -70.522691 -65.578014 8132.319447 -65.578014 0.001209
208 2080.000000 4.792971 -70.493276 -65.700304 7882.815555 -65.700304 0.001214
209 2090.000000 4.820079 -70.497430 -65.677351 7927.399055 -65.677351 0.001207
210 2100.000000 4.894086 -70.560118 -65.666032 8049.114866 -65.666032 0.001186
211 2110.000000 4.759239 -70.628037 -65.868798 7827.337102 -65.868798 0.001160
212 2120.000000 4.788715 -70.680895 -65.892179 7875.816128 -65.892179 0.001135
213 2130.000000 5.074200 -70.697428 -65.623228 8345.341225 -65.623228 0.001128
214 2140.000000 4.935118 -70.690759 -65.755641 8116.599107 -65.755641 0.001126
215 2150.000000 4.813647 -70.678452 -65.864805 7916.819528 -65.864805 0.001129
216 2160.000000 4.748834 -70.695716 -65.946882 7810.224805 -65.946882 0.001129
217 2170.000000 4.856634 -70.738100 -65.881466 7987.518568 -65.881466 0.001127
218 2180.000000 4.782017 -70.810632 -66.028615 7864.800309 -66.028615 0.001116
219 2190.000000 4.881104 -70.895214 -66.014110 8027.764295 -66.014110 0.001103
220 2200.000000 4.975177 -70.972687 -65.997510 8182.481974 -65.997510 0.001095
221 2210.000000 4.951168 -71.020336 -66.069169 8142.995066 -66.069169 0.001095
222 2220.000000 4.780124 -71.019798 -66.239674 7861.685650 -66.239674 0.001099
223 2230.000000 4.821562 -70.985050 -66.163488 7929.837372 -66.163488 0.001110
224 2240.000000 4.758914 -70.946225 -66.187311 7826.803399 -66.187311 0.001123
225 2250.000000 4.752404 -70.924900 -66.172496 7816.095970 -66.172496 0.001136
226 2260.000000 4.730311 -70.928843 -66.198533 7779.760281 -66.198533 0.001145
227 2270.000000 4.786527 -70.948244 -66.161716 7872.217714 -66.161716 0.001152
228 2280.000000 4.791456 -70.962881 -66.171425 7880.323562 -66.171425 0.001157
229 2290.000000 4.920650 -70.966546 -66.045897 8092.803290 -66.045897 0.001160
230 2300.000000 5.146573 -70.979024 -65.832452 8464.370211 -65.832452 0.001160
231 2310.000000 5.255896 -71.009907 -65.754011 8644.169958 -65.754011 0.001150
232 2320.000000 5.257207 -71.059914 -65.802707 8646.326634 -65.802707 0.001138
233 2330.000000 5.331285 -71.103632 -65.772348 8768.159012 -65.772348 0.001127
234 2340.000000 5.166845 -71.120510 -65.953665 8497.711467 -65.953665 0.001122
235 2350.000000 5.414032 -71.111529 -65.697497 8904.250925 -65.697497 0.001126
236 2360.000000 5.487581 -71.076538 -65.588956 9025.214460 -65.588956 0.001131
237 2370.000000 5.544450 -71.036485 -65.492035 9118.744165 -65.492035 0.001137
238 2380.000000 5.672411 -71.014462 -65.342051 9329.196732 -65.342051 0.001138
239 2390.000000 5.676662 -71.015073 -65.338411 9336.188685 -65.338411 0.001133
240 2400.000000 5.675650 -71.029500 -65.353850 9334.523870 -65.353850 0.001121
241 2410.000000 5.718202 -71.052371 -65.334169 9404.506895 -65.334169 0.001106
242 2420.000000 5.856768 -71.056195 -65.199427 9632.401342 -65.199427 0.001098
243 2430.000000 5.684594 -71.051285 -65.366690 9349.234189 -65.366690 0.001098
244 2440.000000 5.703125 -71.049996 -65.346871 9379.710621 -65.346871 0.001095
245 2450.000000 5.435182 -71.062707 -65.627525 8939.034271 -65.627525 0.001096
246 2460.000000 5.104690 -71.087411 -65.982721 8395.488169 -65.982721 0.001100
247 2470.000000 5.215492 -71.120536 -65.905044 8577.719559 -65.905044 0.001100
248 2480.000000 5.401390 -71.148257 -65.746868 8883.458086 -65.746868 0.001105
249 2490.000000 5.539887 -71.155452 -65.615565 9111.239305 -65.615565 0.001114
250 2500.000000 5.427386 -71.159435 -65.732049 8926.212646 -65.732049 0.001122
251 2510.000000 5.388555 -71.160309 -65.771754 8862.349269 -65.771754 0.001133
252 2520.000000 5.308376 -71.139410 -65.831034 8730.482027 -65.831034 0.001148
253 2530.000000 5.193988 -71.108001 -65.914013 8542.352338 -65.914013 0.001165
254 2540.000000 5.275244 -71.062125 -65.786881 8675.991078 -65.786881 0.001186
255 2550.000000 5.132457 -71.021899 -65.889442 8441.155201 -65.889442 0.001195
256 2560.000000 5.178482 -71.017324 -65.838841 8516.851037 -65.838841 0.001193
257 2570.000000 5.228416 -71.042151 -65.813735 8598.975695 -65.813735 0.001175
258 2580.000000 5.200094 -71.093048 -65.892954 8552.394328 -65.892954 0.001150
259 2590.000000 5.299668 -71.138219 -65.838551 8716.160333 -65.838551 0.001126
260 2600.000000 5.455128 -71.146524 -65.691397 8971.838820 -65.691397 0.001102
261 2610.000000 5.201041 -71.139666 -65.938625 8553.953032 -65.938625 0.001076
262 2620.000000 5.114330 -71.119912 -66.005582 8411.341959 -66.005582 0.001064
263 2630.000000 5.120748 -71.106365 -65.985617 8421.897376 -65.985617 0.001058
264 2640.000000 5.240565 -71.091351 -65.850786 8618.956266 -65.850786 0.001050
265 2650.000000 4.968308 -71.083206 -66.114898 8171.185220 -66.114898 0.001045
266 2660.000000 4.996812 -71.081331 -66.084520 8218.063945 -66.084520 0.001037
267 2670.000000 4.986668 -71.081159 -66.094491 8201.381488 -66.094491 0.001030
268 2680.000000 4.956468 -71.086941 -66.130473 8151.712177 -66.130473 0.001025
269 2690.000000 5.013273 -71.115472 -66.102199 8245.138118 -66.102199 0.001015
270 2700.000000 5.088564 -71.161217 -66.072653 8368.966005 -66.072653 0.001004
271 2710.000000 5.494858 -71.194604 -65.699746 9037.181382 -65.699746 0.001001
272 2720.000000 5.470652 -71.212601 -65.741950 8997.370800 -65.741950 0.001009
273 2730.000000 5.495712 -71.210887 -65.715175 9038.587152 -65.715175 0.001018
274 2740.000000 5.531893 -71.192963 -65.661070 9098.092327 -65.661070 0.001026
275 2750.000000 5.457035 -71.171304 -65.714270 8974.975140 -65.714270 0.001028
276 2760.000000 5.349054 -71.145853 -65.796799 8797.383842 -65.796799 0.001031
277 2770.000000 5.209436 -71.125243 -65.915807 8567.759378 -65.915807 0.001037
278 2780.000000 5.215701 -71.100280 -65.884580 8578.062355 -65.884580 0.001044
279 2790.000000 5.233693 -71.069353 -65.835660 8607.654193 -65.835660 0.001051
280 2800.000000 5.175184 -71.044834 -65.869650 8511.426380 -65.869650 0.001054
281 2810.000000 5.166818 -71.025881 -65.859064 8497.666598 -65.859064 0.001057
282 2820.000000 5.142510 -71.005108 -65.862598 8457.688603 -65.862598 0.001062
283 2830.000000 5.145888 -70.988505 -65.842618 8463.244079 -65.842618 0.001069
284 2840.000000 5.174210 -70.963534 -65.789324 8509.824147 -65.789324 0.001071
285 2850.000000 5.150557 -70.954538 -65.803981 8470.923674 -65.803981 0.001071
286 2860.000000 5.185128 -70.947000 -65.761872 8527.780274 -65.761872 0.001070
287 2870.000000 5.050203 -70.972235 -65.922032 8305.874102 -65.922032 0.001061
288 2880.000000 4.972186 -71.020043 -66.047858 8177.562769 -66.047858 0.001047
289 2890.000000 5.089311 -71.079554 -65.990243 8370.193855 -65.990243 0.001032
290 2900.000000 5.211764 -71.137060 -65.925297 8571.587239 -65.925297 0.001028
291 2910.000000 5.148448 -71.178128 -66.029680 8467.454345 -66.029680 0.001032
292 2920.000000 5.048957 -71.210263 -66.161306 8303.825659 -66.161306 0.001050
293 2930.000000 5.037224 -71.220735 -66.183511 8284.528764 -66.183511 0.001085
294 2940.000000 5.269474 -71.210980 -65.941505 8666.502202 -65.941505 0.001129
295 2950.000000 5.341514 -71.174745 -65.833231 8784.982278 -65.833231 0.001181
296 2960.000000 5.237032 -71.127078 -65.890046 8613.146017 -65.890046 0.001232
297 2970.000000 5.283311 -71.061459 -65.778148 8689.259146 -65.778148 0.001282
298 2980.000000 5.289089 -70.994063 -65.704974 8698.761331 -65.704974 0.001328
299 2990.000000 5.281573 -70.971031 -65.689458 8686.400765 -65.689458 0.001359
300 3000.000000 5.288099 -70.996988 -65.708889 8697.133123 -65.708889 0.001368
301 3010.000000 5.216292 -71.017230 -65.800938 8579.035474 -65.800938 0.001370
302 3020.000000 5.187344 -71.045117 -65.857773 8531.425003 -65.857773 0.001360
303 3030.000000 5.159815 -71.086010 -65.926195 8486.149398 -65.926195 0.001339
304 3040.000000 5.151890 -71.105918 -65.954027 8473.116270 -65.954027 0.001316
305 3050.000000 5.158926 -71.120292 -65.961366 8484.687815 -65.961366 0.001296
306 3060.000000 5.213256 -71.112209 -65.898953 8574.041797 -65.898953 0.001281
307 3070.000000 5.309853 -71.072220 -65.762367 8732.911022 -65.762367 0.001267
308 3080.000000 5.138078 -71.020457 -65.882378 8450.400204 -65.882378 0.001251
309 3090.000000 4.943248 -70.968954 -66.025707 8129.969592 -66.025707 0.001236
310 3100.000000 4.900678 -70.922700 -66.022023 8059.956052 -66.022023 0.001222
311 3110.000000 4.872265 -70.871523 -65.999258 8013.227710 -65.999258 0.001207
312 3120.000000 5.017833 -70.808778 -65.790945 8252.637038 -65.790945 0.001197
313 3130.000000 4.834292 -70.751737 -65.917445 7950.774000 -65.917445 0.001187
314 3140.000000 4.762167 -70.706038 -65.943871 7832.153021 -65.943871 0.001167
315 3150.000000 4.773844 -70.675681 -65.901837 7851.358386 -65.901837 0.001137
316 3160.000000 4.710500 -70.652761 -65.942261 7747.178610 -65.942261 0.001103
317 3170.000000 4.662761 -70.632008 -65.969247 7668.663738 -65.969247 0.001068
318 3180.000000 4.743726 -70.619671 -65.875946 7801.823622 -65.875946 0.001036
319 3190.000000 4.726785 -70.606164 -65.879379 7773.962106 -65.879379 0.001009
320 3200.000000 4.799708 -70.581494 -65.781786 7893.895530 -65.781786 0.000991
321 3210.000000 4.679948 -70.550384 -65.870436 7696.930468 -65.870436 0.000973
322 3220.000000 4.809505 -70.526707 -65.717202 7910.007624 -65.717202 0.000963
323 3230.000000 4.777802 -70.510869 -65.733067 7857.867252 -65.733067 0.000951
324 3240.000000 4.858874 -70.506347 -65.647473 7991.203618 -65.647473 0.000937
325 3250.000000 4.939818 -70.511218 -65.571400 8124.328508 -65.571400 0.000930
326 3260.000000 4.984922 -70.521440 -65.536518 8198.510492 -65.536518 0.000925
327 3270.000000 5.003487 -70.533569 -65.530082 8229.042320 -65.530082 0.000927
328 3280.000000 5.173266 -70.534902 -65.361636 8508.271967 -65.361636 0.000937
329 3290.000000 4.925841 -70.536410 -65.610569 8101.341419 -65.610569 0.000950
330 3300.000000 4.918388 -70.538485 -65.620097 8089.083607 -65.620097 0.000965
331 3310.000000 4.825241 -70.548457 -65.723217 7935.887791 -65.723217 0.000979
332 3320.000000 4.841121 -70.553177 -65.712056 7962.005344 -65.712056 0.000993
333 3330.000000 4.914976 -70.544280 -65.629303 8083.472626 -65.629303 0.001011
334 3340.000000 4.873440 -70.537182 -65.663742 8015.159682 -65.663742 0.001026
335 3350.000000 4.795350 -70.544517 -65.749167 7886.727391 -65.749167 0.001042
336 3360.000000 4.792181 -70.562058 -65.769876 7881.516804 -65.769876 0.001054
337 3370.000000 4.882858 -70.570569 -65.687711 8030.649086 -65.687711 0.001065
338 3380.000000 5.047746 -70.562168 -65.514422 8301.833959 -65.514422 0.001073
339 3390.000000 4.925086 -70.540178 -65.615091 8100.100499 -65.615091 0.001087
340 3400.000000 4.934708 -70.515471 -65.580763 8115.925182 -65.580763 0.001097
341 3410.000000 4.986911 -70.496731 -65.509819 8201.781641 -65.509819 0.001104
342 3420.000000 4.982593 -70.492733 -65.510140 8194.679129 -65.510140 0.001105
343 3430.000000 4.926788 -70.492457 -65.565669 8102.899248 -65.565669 0.001104
344 3440.000000 4.943735 -70.485257 -65.541523 8130.770526 -65.541523 0.001106
345 3450.000000 5.044191 -70.461723 -65.417532 8295.986714 -65.417532 0.001114
346 3460.000000 5.132751 -70.450426 -65.317676 8441.637597 -65.317676 0.001121
347 3470.000000 5.031596 -70.455420 -65.423825 8275.271884 -65.423825 0.001130
348 3480.000000 5.178665 -70.460262 -65.281597 8517.151211 -65.281597 0.001132
349 3490.000000 5.141387 -70.470572 -65.329184 8455.842341 -65.329184 0.001133
350 3500.000000 5.111083 -70.463718 -65.352635 8406.001785 -65.352635 0.001130
351 3510.000000 4.912653 -70.452838 -65.540185 8079.651634 -65.540185 0.001128
352 3520.000000 4.752403 -70.424614 -65.672211 7816.094658 -65.672211 0.001127
353 3530.000000 5.015561 -70.375152 -65.359591 8248.900426 -65.359591 0.001130
354 3540.000000 4.873182 -70.321014 -65.447832 8014.735770 -65.447832 0.001133
355 3550.000000 4.855832 -70.278534 -65.422702 7986.200768 -65.422702 0.001132
356 3560.000000 4.676679 -70.267203 -65.590524 7691.554052 -65.590524 0.001120
357 3570.000000 4.664779 -70.281500 -65.616721 7671.982743 -65.616721 0.001101
358 3580.000000 4.673403 -70.307669 -65.634266 7686.166581 -65.634266 0.001081
359 3590.000000 4.783235 -70.343904 -65.560669 7866.803421 -65.560669 0.001058
360 3600.000000 4.804346 -70.372194 -65.567848 7901.524080 -65.567848 0.001036
361 3610.000000 4.969194 -70.401391 -65.432197 8172.643177 -65.432197 0.001018
362 3620.000000 5.142566 -70.430215 -65.287648 8457.781490 -65.287648 0.001001
363 3630.000000 5.137638 -70.458962 -65.321324 8449.676065 -65.321324 0.000990
364 3640.000000 5.186066 -70.497903 -65.311837 8529.323481 -65.311837 0.000989
365 3650.000000 5.253024 -70.533109 -65.280084 8639.447011 -65.280084 0.000992
366 3660.000000 5.705824 -70.562961 -64.857136 9384.150345 -64.857136 0.001005
367 3670.000000 5.700234 -70.591589 -64.891355 9374.955559 -64.891355 0.001024
368 3680.000000 5.645773 -70.606500 -64.960727 9285.386760 -64.960727 0.001048
369 3690.000000 5.542315 -70.614781 -65.072466 9115.232241 -65.072466 0.001074
370 3700.000000 5.443792 -70.604663 -65.160871 8953.195941 -65.160871 0.001101
371 3710.000000 5.314165 -70.608834 -65.294669 8740.002553 -65.294669 0.001131
372 3720.000000 5.342097 -70.621819 -65.279722 8785.941916 -65.279722 0.001153
373 3730.000000 5.308726 -70.639847 -65.331120 8731.058177 -65.331120 0.001173
374 3740.000000 5.298112 -70.667398 -65.369286 8713.601616 -65.369286 0.001187
375 3750.000000 5.450067 -70.712110 -65.262043 8963.516150 -65.262043 0.001191
376 3760.000000 5.382894 -70.745863 -65.362969 8853.038292 -65.362969 0.001195
377 3770.000000 5.301551 -70.766421 -65.464871 8719.257068 -65.464871 0.001202
378 3780.000000 5.248604 -70.766080 -65.517476 8632.176577 -65.517476 0.001205
379 3790.000000 5.328241 -70.767382 -65.439141 8763.153198 -65.439141 0.001205
380 3800.000000 5.232367 -70.791601 -65.559234 8605.472200 -65.559234 0.001197
381 3810.000000 5.139050 -70.830697 -65.691647 8451.998091 -65.691647 0.001181
382 3820.000000 4.949744 -70.855455 -65.905711 8140.653717 -65.905711 0.001159
383 3830.000000 5.059080 -70.848264 -65.789184 8320.473740 -65.789184 0.001144
384 3840.000000 5.352311 -70.840096 -65.487785 8802.740148 -65.487785 0.001128
385 3850.000000 5.175639 -70.846111 -65.670471 8512.175066 -65.670471 0.001107
386 3860.000000 5.239660 -70.857297 -65.617637 8617.468175 -65.617637 0.001091
387 3870.000000 5.212553 -70.859913 -65.647360 8572.886061 -65.647360 0.001079
388 3880.000000 5.138449 -70.857881 -65.719433 8451.008935 -65.719433 0.001069
389 3890.000000 5.101627 -70.862542 -65.760914 8390.450384 -65.760914 0.001059
390 3900.000000 5.038800 -70.862107 -65.823308 8287.120266 -65.823308 0.001051
391 3910.000000 5.115408 -70.839665 -65.724257 8413.114799 -65.724257 0.001049
392 3920.000000 5.146133 -70.795341 -65.649208 8463.647480 -65.649208 0.001049
393 3930.000000 5.036144 -70.758129 -65.721985 8282.753284 -65.721985 0.001051
394 3940.000000 5.042900 -70.731788 -65.688887 8293.864598 -65.688887 0.001058
395 3950.000000 5.130407 -70.715437 -65.585030 8437.783802 -65.585030 0.001064
396 3960.000000 4.958044 -70.716031 -65.757987 8154.304525 -65.757987 0.001068
397 3970.000000 4.974963 -70.713060 -65.738097 8182.131114 -65.738097 0.001068
398 3980.000000 4.987561 -70.704712 -65.717151 8202.849547 -65.717151 0.001070
399 3990.000000 4.733203 -70.703522 -65.970319 7784.516480 -65.970319 0.001066
400 4000.000000 4.790786 -70.713575 -65.922789 7879.221291 -65.922789 0.001065
401 4010.000000 5.087243 -70.724038 -65.636796 8366.792341 -65.636796 0.001064
402 4020.000000 5.241925 -70.749196 -65.507271 8621.192837 -65.507271 0.001064
403 4030.000000 5.043880 -70.759769 -65.715889 8295.475419 -65.715889 0.001068
404 4040.000000 5.114429 -70.750632 -65.636203 8411.504895 -65.636203 0.001081
405 4050.000000 5.151844 -70.714657 -65.562813 8473.039209 -65.562813 0.001097
406 4060.000000 5.007411 -70.669762 -65.662351 8235.497074 -65.662351 0.001116
407 4070.000000 4.925259 -70.613722 -65.688463 8100.383804 -65.688463 0.001139
408 4080.000000 5.003807 -70.578052 -65.574245 8229.569230 -65.574245 0.001158
409 4090.000000 5.109730 -70.557040 -65.447310 8403.776597 -65.447310 0.001182
410 4100.000000 5.223964 -70.551547 -65.327583 8591.653071 -65.327583 0.001205
411 4110.000000 5.373647 -70.545134 -65.171488 8837.830515 -65.171488 0.001226
412 4120.000000 5.367532 -70.538904 -65.171372 8827.774444 -65.171372 0.001250
413 4130.000000 5.294781 -70.538486 -65.243706 8708.122179 -65.243706 0.001277
414 4140.000000 5.209719 -70.534434 -65.324716 8568.223934 -65.324716 0.001303
415 4150.000000 4.982766 -70.503478 -65.520713 8194.963620 -65.520713 0.001331
416 4160.000000 5.043743 -70.470128 -65.426385 8295.251109 -65.426385 0.001349
417 4170.000000 4.869163 -70.434424 -65.565261 8008.126137 -65.565261 0.001363
418 4180.000000 4.860622 -70.418933 -65.558312 7994.077917 -65.558312 0.001364
419 4190.000000 4.741144 -70.439267 -65.698123 7797.577507 -65.698123 0.001352
420 4200.000000 4.910871 -70.486140 -65.575269 8076.721330 -65.575269 0.001334
421 4210.000000 4.863619 -70.525224 -65.661605 7999.007145 -65.661605 0.001317
422 4220.000000 4.899878 -70.559258 -65.659381 8058.640357 -65.659381 0.001299
423 4230.000000 4.825650 -70.565638 -65.739989 7936.560797 -65.739989 0.001281
424 4240.000000 4.723595 -70.545288 -65.821693 7768.715218 -65.821693 0.001271
425 4250.000000 4.653693 -70.496019 -65.842326 7653.750109 -65.842326 0.001256
426 4260.000000 4.357484 -70.439980 -66.082496 7166.586736 -66.082496 0.001241
427 4270.000000 4.503306 -70.421305 -65.918000 7406.413588 -65.918000 0.001219
428 4280.000000 4.507807 -70.468862 -65.961055 7413.817761 -65.961055 0.001185
429 4290.000000 4.742175 -70.521667 -65.779493 7799.272494 -65.779493 0.001146
430 4300.000000 4.681791 -70.580857 -65.899066 7699.961972 -65.899066 0.001102
431 4310.000000 4.584627 -70.623405 -66.038778 7540.159118 -66.038778 0.001065
432 4320.000000 4.466756 -70.650849 -66.184093 7346.302030 -66.184093 0.001034
433 4330.000000 4.689904 -70.674032 -65.984129 7713.304233 -65.984129 0.001010
434 4340.000000 4.700881 -70.688288 -65.987406 7731.358821 -65.987406 0.000991
435 4350.000000 4.577754 -70.692419 -66.114664 7528.856822 -66.114664 0.000978
436 4360.000000 4.611376 -70.688895 -66.077519 7584.153158 -66.077519 0.000968
437 4370.000000 4.652935 -70.672304 -66.019369 7652.503697 -66.019369 0.000961
438 4380.000000 4.606744 -70.655598 -66.048854 7576.534210 -66.048854 0.000957
439 4390.000000 4.439103 -70.640727 -66.201624 7300.822205 -66.201624 0.000953
440 4400.000000 4.517306 -70.631177 -66.113871 7429.439293 -66.113871 0.000949
441 4410.000000 4.446011 -70.621107 -66.175096 7312.182708 -66.175096 0.000951
442 4420.000000 4.505639 -70.613670 -66.108031 7410.251433 -66.108031 0.000958
443 4430.000000 4.517490 -70.605419 -66.087929 7429.742240 -66.087929 0.000963
444 4440.000000 4.424313 -70.598310 -66.173997 7276.497506 -66.173997 0.000965
445 4450.000000 4.419939 -70.612263 -66.192323 7269.304590 -66.192323 0.000968
446 4460.000000 4.462170 -70.637372 -66.175202 7338.759375 -66.175202 0.000970
447 4470.000000 4.482876 -70.672709 -66.189833 7372.814216 -66.189833 0.000974
448 4480.000000 4.439466 -70.707693 -66.268227 7301.419254 -66.268227 0.000971
449 4490.000000 4.446190 -70.744572 -66.298382 7312.478638 -66.298382 0.000974
450 4500.000000 4.608866 -70.774314 -66.165448 7580.025041 -66.165448 0.000984
451 4510.000000 4.836651 -70.783649 -65.946997 7954.654896 -65.946997 0.000998
452 4520.000000 4.698923 -70.777054 -66.078132 7728.137882 -66.078132 0.001019
453 4530.000000 4.658765 -70.739145 -66.080380 7662.091878 -66.080380 0.001046
454 4540.000000 4.613111 -70.706553 -66.093441 7587.007264 -66.093441 0.001067
455 4550.000000 4.618849 -70.703676 -66.084826 7596.444009 -66.084826 0.001078
456 4560.000000 4.740252 -70.761781 -66.021529 7796.110037 -66.021529 0.001074
457 4570.000000 4.905553 -70.848931 -65.943379 8067.973835 -65.943379 0.001061
458 4580.000000 5.001871 -70.912618 -65.910747 8226.384383 -65.910747 0.001052
459 4590.000000 5.218567 -70.958033 -65.739466 8582.777019 -65.739466 0.001046
460 4600.000000 5.504327 -70.963109 -65.458782 9052.754901 -65.458782 0.001042
461 4610.000000 5.315356 -70.946013 -65.630657 8741.961075 -65.630657 0.001046
462 4620.000000 5.336100 -70.920420 -65.584321 8776.078025 -65.584321 0.001058
463 4630.000000 5.371431 -70.901933 -65.530503 8834.185715 -65.530503 0.001067
464 4640.000000 5.546522 -70.884549 -65.338027 9122.151571 -65.338027 0.001082
465 4650.000000 5.520033 -70.886712 -65.366679 9078.585798 -65.366679 0.001098
466 4660.000000 5.440213 -70.894649 -65.454436 8947.309598 -65.454436 0.001113
467 4670.000000 5.391785 -70.908157 -65.516372 8867.661076 -65.516372 0.001128
468 4680.000000 5.246251 -70.915691 -65.669441 8628.306707 -65.669441 0.001141
469 4690.000000 5.177661 -70.916348 -65.738686 8515.500915 -65.738686 0.001154
470 4700.000000 5.192995 -70.917889 -65.724894 8540.719574 -65.724894 0.001169
471 4710.000000 5.251754 -70.905405 -65.653651 8637.358886 -65.653651 0.001184
472 4720.000000 5.141136 -70.883834 -65.742698 8455.428280 -65.742698 0.001201
473 4730.000000 5.298684 -70.854030 -65.555345 8714.542532 -65.555345 0.001220
474 4740.000000 5.393914 -70.837710 -65.443795 8871.163947 -65.443795 0.001237
475 4750.000000 5.352442 -70.828940 -65.476498 8802.955244 -65.476498 0.001253
476 4760.000000 5.213050 -70.835764 -65.622713 8573.703756 -65.622713 0.001260
477 4770.000000 5.351008 -70.849608 -65.498601 8800.596644 -65.498601 0.001267
478 4780.000000 5.465355 -70.870129 -65.404774 8988.659019 -65.404774 0.001264
479 4790.000000 5.450978 -70.887684 -65.436706 8965.013882 -65.436706 0.001263
480 4800.000000 5.446845 -70.898188 -65.451344 8958.215936 -65.451344 0.001261
481 4810.000000 5.531834 -70.893161 -65.361326 9097.995448 -65.361326 0.001263
482 4820.000000 5.365805 -70.888264 -65.522459 8824.932677 -65.522459 0.001268
483 4830.000000 5.400435 -70.899684 -65.499249 8881.887786 -65.499249 0.001274
484 4840.000000 5.213413 -70.925054 -65.711641 8574.300318 -65.711641 0.001278
485 4850.000000 5.021949 -70.949426 -65.927477 8259.407381 -65.927477 0.001280
486 4860.000000 4.859558 -70.971091 -66.111533 7992.328957 -66.111533 0.001285
487 4870.000000 4.793241 -70.966678 -66.173437 7883.258947 -66.173437 0.001297
488 4880.000000 4.721049 -70.949433 -66.228384 7764.528057 -66.228384 0.001308
489 4890.000000 4.614001 -70.959909 -66.345908 7588.469426 -66.345908 0.001310
490 4900.000000 4.571249 -70.991553 -66.420304 7518.158027 -66.420304 0.001307
491 4910.000000 4.442848 -71.047166 -66.604318 7306.981416 -66.604318 0.001296
492 4920.000000 4.360150 -71.115472 -66.755322 7170.971136 -66.755322 0.001277
493 4930.000000 4.459981 -71.179012 -66.719031 7335.160043 -66.719031 0.001263
494 4940.000000 4.371505 -71.231026 -66.859521 7189.645892 -66.859521 0.001252
495 4950.000000 4.351735 -71.266782 -66.915047 7157.131395 -66.915047 0.001239
496 4960.000000 4.254249 -71.290845 -67.036596 6996.800006 -67.036596 0.001232
497 4970.000000 4.130567 -71.306252 -67.175685 6793.384952 -67.175685 0.001223
498 4980.000000 4.282236 -71.312684 -67.030448 7042.828620 -67.030448 0.001220
499 4990.000000 4.447480 -71.332226 -66.884746 7314.599730 -66.884746 0.001215
500 5000.000000 4.540112 -71.349753 -66.809641 7466.947671 -66.809641 0.001205
501 5010.000000 4.556403 -71.365250 -66.808848 7493.740554 -66.808848 0.001195
502 5020.000000 4.486842 -71.391945 -66.905102 7379.337333 -66.905102 0.001182
503 5030.000000 4.369336 -71.420757 -67.051420 7186.079307 -67.051420 0.001169
504 5040.000000 4.533929 -71.453425 -66.919495 7456.779350 -66.919495 0.001160
505 5050.000000 4.383081 -71.487075 -67.103995 7208.684344 -67.103995 0.001151
506 5060.000000 4.522663 -71.499109 -66.976446 7438.250826 -66.976446 0.001144
507 5070.000000 4.549686 -71.496138 -66.946452 7482.694097 -66.946452 0.001146
508 5080.000000 4.486493 -71.489643 -67.003150 7378.763475 -67.003150 0.001145
509 5090.000000 4.448655 -71.478700 -67.030044 7316.532674 -67.030044 0.001148
510 5100.000000 4.605395 -71.467928 -66.862534 7574.315688 -66.862534 0.001156
511 5110.000000 4.515951 -71.452557 -66.936606 7427.211510 -66.936606 0.001168
512 5120.000000 4.374576 -71.468407 -67.093830 7194.697551 -67.093830 0.001179
513 5130.000000 4.431077 -71.507157 -67.076080 7287.622362 -67.076080 0.001189
514 5140.000000 4.502153 -71.556168 -67.054015 7404.518916 -67.054015 0.001196
515 5150.000000 4.468003 -71.595328 -67.127325 7348.352509 -67.127325 0.001197
516 5160.000000 4.598925 -71.603344 -67.004419 7563.675343 -67.004419 0.001197
517 5170.000000 4.642680 -71.583481 -66.940801 7635.637311 -66.940801 0.001199
518 5180.000000 4.622548 -71.567004 -66.944456 7602.527817 -66.944456 0.001201
519 5190.000000 4.590184 -71.561078 -66.970895 7549.298871 -66.970895 0.001199
520 5200.000000 4.764435 -71.551245 -66.786810 7835.883000 -66.786810 0.001195
521 5210.000000 4.808060 -71.538625 -66.730565 7907.632044 -66.730565 0.001194
522 5220.000000 4.835901 -71.517736 -66.681834 7953.421315 -66.681834 0.001192
523 5230.000000 4.761869 -71.488638 -66.726769 7831.663720 -66.726769 0.001192
524 5240.000000 4.905192 -71.452626 -66.547434 8067.380681 -66.547434 0.001188
525 5250.000000 4.798878 -71.431825 -66.632947 7892.530800 -66.632947 0.001176
526 5260.000000 4.831460 -71.420278 -66.588818 7946.116062 -66.588818 0.001163
527 5270.000000 4.907338 -71.412260 -66.504922 8070.910989 -66.504922 0.001151
528 5280.000000 4.835313 -71.405288 -66.569975 7952.453923 -66.569975 0.001138
529 5290.000000 4.644064 -71.401284 -66.757221 7637.913345 -66.757221 0.001125
530 5300.000000 4.909450 -71.384148 -66.474698 8074.383714 -66.474698 0.001117
531 5310.000000 4.886426 -71.344770 -66.458344 8036.517320 -66.458344 0.001108
532 5320.000000 4.796288 -71.297617 -66.501329 7888.270326 -66.501329 0.001112
533 5330.000000 4.630399 -71.241514 -66.611115 7615.439896 -66.611115 0.001121
534 5340.000000 4.684894 -71.182215 -66.497321 7705.065043 -66.497321 0.001137
535 5350.000000 5.180375 -71.143417 -65.963042 8519.964090 -65.963042 0.001145
536 5360.000000 5.122682 -71.109851 -65.987169 8425.077557 -65.987169 0.001151
537 5370.000000 5.145381 -71.085467 -65.940086 8462.410646 -65.940086 0.001152
538 5380.000000 5.182661 -71.054919 -65.872258 8523.723462 -65.872258 0.001152
539 5390.000000 5.016928 -71.028813 -66.011885 8251.148713 -66.011885 0.001155
540 5400.000000 4.937481 -70.989791 -66.052310 8120.486055 -66.052310 0.001158
541 5410.000000 4.830352 -70.939453 -66.109102 7944.293647 -66.109102 0.001164
542 5420.000000 4.820381 -70.900645 -66.080264 7927.895848 -66.080264 0.001168
543 5430.000000 4.704257 -70.870075 -66.165818 7736.910351 -66.165818 0.001165
544 5440.000000 4.622553 -70.838749 -66.216196 7602.535370 -66.216196 0.001164
545 5450.000000 4.704803 -70.822850 -66.118047 7737.808822 -66.118047 0.001165
546 5460.000000 4.860260 -70.823462 -65.963202 7993.482941 -65.963202 0.001167
547 5470.000000 4.780562 -70.824734 -66.044172 7862.406595 -66.044172 0.001167
548 5480.000000 4.952769 -70.827204 -65.874436 8145.628177 -65.874436 0.001168
549 5490.000000 4.838128 -70.819717 -65.981589 7957.083537 -65.981589 0.001169
550 5500.000000 4.703834 -70.809180 -66.105346 7736.214710 -66.105346 0.001169
551 5510.000000 4.649751 -70.786307 -66.136556 7647.267008 -66.136556 0.001176
552 5520.000000 4.446611 -70.779356 -66.332745 7313.171073 -66.332745 0.001179
553 5530.000000 4.801519 -70.791861 -65.990342 7896.873274 -65.990342 0.001178
554 5540.000000 4.695683 -70.803671 -66.107987 7722.810055 -66.107987 0.001177
555 5550.000000 4.869439 -70.813516 -65.944077 8008.579548 -65.944077 0.001169
556 5560.000000 5.112179 -70.824086 -65.711907 8407.805070 -65.711907 0.001160
557 5570.000000 5.210146 -70.848911 -65.638765 8568.926740 -65.638765 0.001142
558 5580.000000 5.181564 -70.891489 -65.709925 8521.919087 -65.709925 0.001117
559 5590.000000 5.201058 -70.930406 -65.729348 8553.979844 -65.729348 0.001097
560 5600.000000 5.195723 -70.943634 -65.747912 8545.205542 -65.747912 0.001079
561 5610.000000 5.125987 -70.952911 -65.826924 8430.514108 -65.826924 0.001066
562 5620.000000 4.994003 -70.956675 -65.962671 8213.445278 -65.962671 0.001053
563 5630.000000 5.245175 -70.964801 -65.719626 8626.537646 -65.719626 0.001045
564 5640.000000 5.048187 -70.967352 -65.919165 8302.559353 -65.919165 0.001046
565 5650.000000 5.225874 -70.967435 -65.741561 8594.793639 -65.741561 0.001054
566 5660.000000 5.148324 -70.951370 -65.803046 8467.250718 -65.803046 0.001067
567 5670.000000 5.105400 -70.930634 -65.825233 8396.655697 -65.825233 0.001080
568 5680.000000 5.045359 -70.905265 -65.859906 8297.908071 -65.859906 0.001093
569 5690.000000 5.291233 -70.874700 -65.583467 8702.287735 -65.583467 0.001103
570 5700.000000 5.298565 -70.850160 -65.551595 8714.346836 -65.551595 0.001115
571 5710.000000 5.168631 -70.818698 -65.650067 8500.648349 -65.650067 0.001129
572 5720.000000 5.083854 -70.804273 -65.720419 8361.219942 -65.720419 0.001138
573 5730.000000 4.902317 -70.817244 -65.914927 8062.652270 -65.914927 0.001144
574 5740.000000 4.776204 -70.824739 -66.048535 7855.238464 -66.048535 0.001143
575 5750.000000 4.963263 -70.834513 -65.871250 8162.887928 -65.871250 0.001145
576 5760.000000 4.904508 -70.854378 -65.949869 8066.256224 -65.949869 0.001144
577 5770.000000 4.993989 -70.861204 -65.867215 8213.422491 -65.867215 0.001148
578 5780.000000 4.992643 -70.865445 -65.872802 8211.208669 -65.872802 0.001158
579 5790.000000 4.846739 -70.858412 -66.011673 7971.246062 -66.011673 0.001168
580 5800.000000 4.779239 -70.842064 -66.062825 7860.230050 -66.062825 0.001177
581 5810.000000 4.642404 -70.831200 -66.188796 7635.183474 -66.188796 0.001191
582 5820.000000 4.884679 -70.852250 -65.967571 8033.643270 -65.967571 0.001199
583 5830.000000 4.753016 -70.876870 -66.123855 7817.102259 -66.123855 0.001209
584 5840.000000 4.613589 -70.899930 -66.286341 7587.793213 -66.286341 0.001218
585 5850.000000 4.680423 -70.917510 -66.237087 7697.712702 -66.237087 0.001236
586 5860.000000 4.790949 -70.920568 -66.129620 7879.489034 -66.129620 0.001256
587 5870.000000 4.682060 -70.894817 -66.212758 7700.403807 -66.212758 0.001275
588 5880.000000 4.547660 -70.858452 -66.310793 7479.361220 -66.310793 0.001296
589 5890.000000 4.733545 -70.804907 -66.071362 7785.079598 -66.071362 0.001309
590 5900.000000 4.952772 -70.749578 -65.796806 8145.633750 -65.796806 0.001323
591 5910.000000 4.882858 -70.720807 -65.837948 8030.649297 -65.837948 0.001322
592 5920.000000 4.764355 -70.697468 -65.933113 7835.751844 -65.933113 0.001314
593 5930.000000 4.859431 -70.691749 -65.832318 7992.120313 -65.832318 0.001295
594 5940.000000 4.621423 -70.704552 -66.083129 7600.676688 -66.083129 0.001273
595 5950.000000 4.676015 -70.719613 -66.043598 7690.461496 -66.043598 0.001244
596 5960.000000 4.439254 -70.718751 -66.279497 7301.071067 -66.279497 0.001209
597 5970.000000 4.280935 -70.713900 -66.432966 7040.688976 -66.432966 0.001171
598 5980.000000 4.289161 -70.693562 -66.404401 7054.217907 -66.404401 0.001133
599 5990.000000 4.244889 -70.676064 -66.431174 6981.406479 -66.431174 0.001096
600 6000.000000 4.081747 -70.672643 -66.590896 6713.092334 -66.590896 0.001062
601 6010.000000 4.179034 -70.665797 -66.486763 6873.096507 -66.486763 0.001037
602 6020.000000 4.285368 -70.656427 -66.371059 7047.980803 -66.371059 0.001016
603 6030.000000 4.188372 -70.652539 -66.464166 6888.454914 -66.464166 0.001000
604 6040.000000 4.330266 -70.652673 -66.322407 7121.821925 -66.322407 0.000987
605 6050.000000 4.266970 -70.659760 -66.392790 7017.721104 -66.392790 0.000982
606 6060.000000 4.372030 -70.672679 -66.300648 7190.510145 -66.300648 0.000979
607 6070.000000 4.648942 -70.687774 -66.038832 7645.935612 -66.038832 0.000978
608 6080.000000 4.770326 -70.714661 -65.944335 7845.571881 -65.944335 0.000982
609 6090.000000 4.637970 -70.752662 -66.114692 7627.890591 -66.114692 0.000987
610 6100.000000 4.610622 -70.792320 -66.181698 7582.913345 -66.181698 0.000994
611 6110.000000 4.697234 -70.833137 -66.135902 7725.360407 -66.135902 0.001008
612 6120.000000 4.945196 -70.868774 -65.923579 8133.173377 -65.923579 0.001029
613 6130.000000 4.984118 -70.897260 -65.913141 8197.188180 -65.913141 0.001053
614 6140.000000 4.962341 -70.922642 -65.960301 8161.371876 -65.960301 0.001084
615 6150.000000 5.103311 -70.938626 -65.835316 8393.218934 -65.835316 0.001119
616 6160.000000 5.126901 -70.967594 -65.840693 8432.017418 -65.840693 0.001151
617 6170.000000 5.098594 -71.013783 -65.915189 8385.462044 -65.915189 0.001171
618 6180.000000 5.016044 -71.068586 -66.052542 8249.694357 -66.052542 0.001186
619 6190.000000 4.883026 -71.120111 -66.237085 8030.924694 -66.237085 0.001197
620 6200.000000 4.982812 -71.191764 -66.208952 8195.039569 -66.208952 0.001195
621 6210.000000 4.862786 -71.280075 -66.417290 7997.636835 -66.417290 0.001190
622 6220.000000 4.927079 -71.359354 -66.432276 8103.377313 -66.432276 0.001187
623 6230.000000 4.830774 -71.423399 -66.592625 7944.988812 -66.592625 0.001179
624 6240.000000 5.099046 -71.471520 -66.372475 8386.204690 -66.372475 0.001179
625 6250.000000 5.309765 -71.493948 -66.184182 8732.767283 -66.184182 0.001183
626 6260.000000 5.149682 -71.477105 -66.327423 8469.484644 -66.327423 0.001196
627 6270.000000 5.143715 -71.410894 -66.267179 8459.670190 -66.267179 0.001211
628 6280.000000 4.981330 -71.320288 -66.338958 8192.601601 -66.338958 0.001227
629 6290.000000 4.883629 -71.256853 -66.373224 8031.917547 -66.373224 0.001235
630 6300.000000 4.815137 -71.262159 -66.447022 7919.271107 -66.447022 0.001228
631 6310.000000 4.816286 -71.293912 -66.477625 7921.161149 -66.477625 0.001215
632 6320.000000 4.875100 -71.345702 -66.470602 8017.889490 -66.470602 0.001198
633 6330.000000 4.652945 -71.375562 -66.722617 7652.520019 -66.722617 0.001180
634 6340.000000 4.596542 -71.373697 -66.777155 7559.756283 -66.777155 0.001168
635 6350.000000 4.491295 -71.352104 -66.860809 7386.660682 -66.860809 0.001160
636 6360.000000 4.486714 -71.307972 -66.821259 7379.125653 -66.821259 0.001158
637 6370.000000 4.379328 -71.271937 -66.892609 7202.512127 -66.892609 0.001160
638 6380.000000 4.413305 -71.233916 -66.820612 7258.392821 -66.820612 0.001163
639 6390.000000 4.437296 -71.198327 -66.761032 7297.849467 -66.761032 0.001170
640 6400.000000 4.386960 -71.185961 -66.799001 7215.064632 -66.799001 0.001175
641 6410.000000 4.379113 -71.200291 -66.821178 7202.158818 -66.821178 0.001173
642 6420.000000 4.318569 -71.231024 -66.912455 7102.585215 -66.912455 0.001175
643 6430.000000 4.267291 -71.268533 -67.001242 7018.249488 -67.001242 0.001179
644 6440.000000 4.215556 -71.304358 -67.088802 6933.163254 -67.088802 0.001192
645 6450.000000 4.455830 -71.320903 -66.865073 7328.332951 -66.865073 0.001218
646 6460.000000 4.579745 -71.332321 -66.752576 7532.130346 -66.752576 0.001246
647 6470.000000 4.623514 -71.325250 -66.701736 7604.116079 -66.701736 0.001276
648 6480.000000 4.728670 -71.300926 -66.572256 7777.061525 -66.572256 0.001309
649 6490.000000 4.625793 -71.277048 -66.651256 7607.863245 -66.651256 0.001342
650 6500.000000 4.572718 -71.253186 -66.680468 7520.573359 -66.680468 0.001361
651 6510.000000 4.471237 -71.241335 -66.770098 7353.671074 -66.770098 0.001378
652 6520.000000 4.433225 -71.251508 -66.818283 7291.155614 -66.818283 0.001388
653 6530.000000 4.335188 -71.298337 -66.963149 7129.917943 -66.963149 0.001383
654 6540.000000 4.455114 -71.359964 -66.904850 7327.154956 -66.904850 0.001368
655 6550.000000 4.544016 -71.414646 -66.870631 7473.368022 -66.870631 0.001349
656 6560.000000 4.444395 -71.449764 -67.005370 7309.525030 -67.005370 0.001332
657 6570.000000 4.487947 -71.464763 -66.976816 7381.153652 -66.976816 0.001312
658 6580.000000 4.511607 -71.460482 -66.948875 7420.067150 -66.948875 0.001296
659 6590.000000 4.574864 -71.436020 -66.861156 7524.102716 -66.861156 0.001282
660 6600.000000 4.511456 -71.413215 -66.901758 7419.818605 -66.901758 0.001272
661 6610.000000 4.535242 -71.401807 -66.866565 7458.938587 -66.866565 0.001264
662 6620.000000 4.401020 -71.384998 -66.983978 7238.189068 -66.983978 0.001258
663 6630.000000 4.321930 -71.357518 -67.035588 7108.111736 -67.035588 0.001249
664 6640.000000 4.327520 -71.319468 -66.991948 7117.305733 -66.991948 0.001242
665 6650.000000 4.313438 -71.283657 -66.970220 7094.145203 -66.970220 0.001232
666 6660.000000 4.261517 -71.247512 -66.985995 7008.753064 -66.985995 0.001216
667 6670.000000 4.190301 -71.209955 -67.019653 6891.627434 -67.019653 0.001200
668 6680.000000 3.997835 -71.166444 -67.168609 6575.085852 -67.168609 0.001186
669 6690.000000 3.927117 -71.115973 -67.188856 6458.778288 -67.188856 0.001170
670 6700.000000 3.934700 -71.057297 -67.122596 6471.250719 -67.122596 0.001156
671 6710.000000 3.864948 -71.018206 -67.153258 6356.531850 -67.153258 0.001141
672 6720.000000 3.977905 -71.001286 -67.023381 6542.307362 -67.023381 0.001125
673 6730.000000 4.099767 -70.992947 -66.893180 6742.729406 -66.893180 0.001110
674 6740.000000 4.066518 -70.977683 -66.911166 6688.045262 -66.911166 0.001093
675 6750.000000 4.038001 -70.959668 -66.921666 6641.145534 -66.921666 0.001076
676 6760.000000 4.015078 -70.930215 -66.915137 6603.443882 -66.915137 0.001062
677 6770.000000 4.007423 -70.898197 -66.890774 6590.853855 -66.890774 0.001050
678 6780.000000 4.109457 -70.861955 -66.752497 6758.666789 -66.752497 0.001043
679 6790.000000 4.063671 -70.833548 -66.769877 6683.364024 -66.769877 0.001037
680 6800.000000 4.146297 -70.817407 -66.671109 6819.256133 -66.671109 0.001035
681 6810.000000 4.162518 -70.811805 -66.649288 6845.933118 -66.649288 0.001033
682 6820.000000 4.191374 -70.810679 -66.619305 6893.391867 -66.619305 0.001031
683 6830.000000 4.231886 -70.815376 -66.583490 6960.019928 -66.583490 0.001032
684 6840.000000 4.317218 -70.818517 -66.501299 7100.362120 -66.501299 0.001034
685 6850.000000 4.221495 -70.819643 -66.598148 6942.931185 -66.598148 0.001040
686 6860.000000 4.174260 -70.820445 -66.646185 6865.245303 -66.646185 0.001055
687 6870.000000 4.097018 -70.837089 -66.740071 6738.208131 -66.740071 0.001069
688 6880.000000 4.221007 -70.867034 -66.646027 6942.127812 -66.646027 0.001086
689 6890.000000 4.123277 -70.897565 -66.774288 6781.395029 -66.774288 0.001111
690 6900.000000 4.196452 -70.932671 -66.736218 6901.743628 -66.736218 0.001139
691 6910.000000 4.201650 -70.971093 -66.769443 6910.293077 -66.769443 0.001163
692 6920.000000 4.253146 -70.998293 -66.745147 6994.986008 -66.745147 0.001192
693 6930.000000 4.162339 -70.999484 -66.837145 6845.638837 -66.837145 0.001229
694 6940.000000 4.034788 -70.987805 -66.953016 6635.861136 -66.953016 0.001269
695 6950.000000 4.124977 -70.956423 -66.831446 6784.190701 -66.831446 0.001307
696 6960.000000 4.050253 -70.953713 -66.903460 6661.295023 -66.903460 0.001336
697 6970.000000 4.166815 -70.991457 -66.824641 6853.001304 -66.824641 0.001357
698 6980.000000 4.565377 -71.083317 -66.517940 7508.500199 -66.517940 0.001360
699 6990.000000 4.728715 -71.193842 -66.465127 7777.136085 -66.465127 0.001352
700 7000.000000 4.736282 -71.268034 -66.531752 7789.580468 -66.531752 0.001341
701 7010.000000 4.679766 -71.307613 -66.627847 7696.632192 -66.627847 0.001336
702 7020.000000 4.738994 -71.326858 -66.587864 7794.042042 -66.587864 0.001325
703 7030.000000 4.858391 -71.331482 -66.473091 7990.408825 -66.473091 0.001313
704 7040.000000 4.807683 -71.325449 -66.517766 7907.011933 -66.517766 0.001304
705 7050.000000 4.637209 -71.310538 -66.673329 7626.639448 -66.673329 0.001296
706 7060.000000 4.608667 -71.308342 -66.699674 7579.698097 -66.699674 0.001287
707 7070.000000 4.554054 -71.311967 -66.757913 7489.877582 -66.757913 0.001270
708 7080.000000 4.634383 -71.313523 -66.679140 7621.991792 -66.679140 0.001260
709 7090.000000 4.676122 -71.308484 -66.632362 7690.638651 -66.632362 0.001252
710 7100.000000 4.663481 -71.293723 -66.630242 7669.847552 -66.630242 0.001249
711 7110.000000 4.822003 -71.264353 -66.442350 7930.562568 -66.442350 0.001251
712 7120.000000 4.951265 -71.234145 -66.282881 8143.154564 -66.282881 0.001260
713 7130.000000 4.867305 -71.196063 -66.328758 8005.070276 -66.328758 0.001262
714 7140.000000 4.881520 -71.171982 -66.290462 8028.448234 -66.290462 0.001260
715 7150.000000 4.794121 -71.156397 -66.362276 7884.706341 -66.362276 0.001248
716 7160.000000 5.020362 -71.133002 -66.112640 8256.796023 -66.112640 0.001232
717 7170.000000 5.086456 -71.118375 -66.031919 8365.498836 -66.031919 0.001208
718 7180.000000 4.985736 -71.130155 -66.144419 8199.848382 -66.144419 0.001172
719 7190.000000 4.895886 -71.144333 -66.248447 8052.075787 -66.248447 0.001138
720 7200.000000 5.086082 -71.141758 -66.055676 8364.883948 -66.055676 0.001106
721 7210.000000 4.945366 -71.122026 -66.176659 8133.453981 -66.176659 0.001082
722 7220.000000 4.857100 -71.072316 -66.215216 7988.285658 -66.215216 0.001065
723 7230.000000 4.887856 -71.012630 -66.124774 8038.868842 -66.124774 0.001056
724 7240.000000 4.895152 -70.938694 -66.043541 8050.868942 -66.043541 0.001051
725 7250.000000 5.142699 -70.863196 -65.720497 8457.998725 -65.720497 0.001047
726 7260.000000 5.135229 -70.806785 -65.671556 8445.714090 -65.671556 0.001040
727 7270.000000 4.790012 -70.776689 -65.986677 7877.948264 -65.986677 0.001032
728 7280.000000 4.668273 -70.764427 -66.096154 7677.728987 -66.096154 0.001017
729 7290.000000 4.755716 -70.759093 -66.003378 7821.542716 -66.003378 0.001007
730 7300.000000 4.862260 -70.762200 -65.899940 7996.772835 -65.899940 0.000991
731 7310.000000 4.844429 -70.769318 -65.924889 7967.447036 -65.924889 0.000974
732 7320.000000 4.813318 -70.778924 -65.965607 7916.278467 -65.965607 0.000959
733 7330.000000 5.129167 -70.800107 -65.670940 8435.743633 -65.670940 0.000948
734 7340.000000 5.147113 -70.824948 -65.677835 8465.259080 -65.677835 0.000945
735 7350.000000 5.108452 -70.830401 -65.721950 8401.674164 -65.721950 0.000950
736 7360.000000 5.205988 -70.825970 -65.619982 8562.089109 -65.619982 0.000964
737 7370.000000 4.945850 -70.817861 -65.872011 8134.249767 -65.872011 0.000987
738 7380.000000 4.799969 -70.813185 -66.013215 7894.325395 -66.013215 0.001011
739 7390.000000 4.672813 -70.818887 -66.146074 7685.196358 -66.146074 0.001044
740 7400.000000 4.564889 -70.829394 -66.264505 7507.697275 -66.264505 0.001076
741 7410.000000 4.493828 -70.830971 -66.337143 7390.825540 -66.337143 0.001113
742 7420.000000 4.457178 -70.819384 -66.362205 7330.549632 -66.362205 0.001149
743 7430.000000 4.412066 -70.799750 -66.387684 7256.355425 -66.387684 0.001185
744 7440.000000 4.651920 -70.797724 -66.145804 7650.833425 -66.145804 0.001214
745 7450.000000 4.854380 -70.805272 -65.950891 7983.812662 -65.950891 0.001235
746 7460.000000 5.096805 -70.810900 -65.714095 8382.519698 -65.714095 0.001250
747 7470.000000 5.117540 -70.798956 -65.681416 8416.622200 -65.681416 0.001259
748 7480.000000 4.950740 -70.778736 -65.827996 8142.292512 -65.827996 0.001265
749 7490.000000 4.813056 -70.755677 -65.942621 7915.848518 -65.942621 0.001266
750 7500.000000 4.782600 -70.757769 -65.975169 7865.758678 -65.975169 0.001257
751 7510.000000 4.796149 -70.801958 -66.005808 7888.042654 -66.005808 0.001235
752 7520.000000 4.998866 -70.878407 -65.879541 8221.442449 -65.879541 0.001198
