# istep , time , K , V , E , T , H_eff, P
1 10.000000 5.742772 -68.874115 -63.131343 9444.916473 -63.131343 0.002902
2 20.000000 5.608010 -68.821292 -63.213282 9223.278307 -63.213282 0.002938
3 30.000000 6.414777 -68.781593 -62.366816 10550.137747 -62.366816 0.002960
4 40.000000 6.375435 -68.787279 -62.411844 10485.432586 -62.411844 0.002960
5 50.000000 6.647071 -68.807558 -62.160486 10932.182848 -62.160486 0.002947
6 60.000000 6.571830 -68.812192 -62.240362 10808.436916 -62.240362 0.002927
7 70.000000 6.937991 -68.824138 -61.886147 11410.647132 -61.886147 0.002888
8 80.000000 6.953569 -68.851896 -61.898327 11436.267424 -61.898327 0.002841
9 90.000000 7.101281 -68.881579 -61.780298 11679.204379 -61.780298 0.002787
10 100.000000 7.397280 -68.896867 -61.499587 12166.022014 -61.499587 0.002743
11 110.000000 7.476502 -68.877415 -61.400913 12296.315359 -61.400913 0.002710
12 120.000000 7.703616 -68.842380 -61.138764 12669.840751 -61.138764 0.002686
13 130.000000 7.373850 -68.803777 -61.429927 12127.488169 -61.429927 0.002678
14 140.000000 7.493402 -68.748989 -61.255587 12324.110340 -61.255587 0.002681
15 150.000000 7.382485 -68.681500 -61.299015 12141.689295 -61.299015 0.002698
16 160.000000 7.489791 -68.621737 -61.131946 12318.171904 -61.131946 0.002711
17 170.000000 7.858890 -68.583053 -60.724163 12925.214880 -60.724163 0.002718
18 180.000000 8.006133 -68.575072 -60.568939 13167.378962 -60.568939 0.002720
19 190.000000 7.884307 -68.593141 -60.708834 12967.017383 -60.708834 0.002712
20 200.000000 7.997212 -68.627873 -60.630661 13152.707099 -60.630661 0.002700
21 210.000000 8.007858 -68.662902 -60.655044 13170.216567 -60.655044 0.002686
22 220.000000 8.108173 -68.662522 -60.554350 13335.200273 -60.554350 0.002680
23 230.000000 8.118188 -68.645833 -60.527645 13351.671983 -60.527645 0.002674
24 240.000000 8.243800 -68.619582 -60.375782 13558.260989 -60.375782 0.002675
25 250.000000 8.557436 -68.596913 -60.039477 14074.086321 -60.039477 0.002677
26 260.000000 8.628699 -68.573291 -59.944592 14191.289390 -59.944592 0.002686
27 270.000000 9.176817 -68.549895 -59.373078 15092.758966 -59.373078 0.002698
28 280.000000 9.339232 -68.526724 -59.187492 15359.876043 -59.187492 0.002709
29 290.000000 9.559077 -68.495858 -58.936781 15721.445956 -58.936781 0.002728
30 300.000000 9.351039 -68.454308 -59.103269 15379.294425 -59.103269 0.002754
31 310.000000 9.534023 -68.387892 -58.853869 15680.241111 -58.853869 0.002792
32 320.000000 9.733073 -68.299165 -58.566092 16007.611080 -58.566092 0.002832
33 330.000000 9.474610 -68.217517 -58.742908 15582.526495 -58.742908 0.002864
34 340.000000 9.570306 -68.211547 -58.641241 15739.914290 -58.641241 0.002878
35 350.000000 9.642514 -68.256462 -58.613948 15858.672466 -58.613948 0.002871
36 360.000000 10.137326 -68.256721 -58.119395 16672.470874 -58.119395 0.002872
37 370.000000 9.972678 -68.228569 -58.255891 16401.680864 -58.255891 0.002860
38 380.000000 9.813992 -68.182838 -58.368845 16140.695839 -58.368845 0.002853
39 390.000000 9.645898 -68.160637 -58.514739 15864.238455 -58.514739 0.002838
40 400.000000 9.293300 -68.155698 -58.862399 15284.333077 -58.862399 0.002811
41 410.000000 9.305367 -68.156265 -58.850898 15304.179813 -58.850898 0.002783
42 420.000000 9.338338 -68.181956 -58.843618 15358.405145 -58.843618 0.002760
43 430.000000 9.332237 -68.208655 -58.876418 15348.371379 -58.876418 0.002735
44 440.000000 9.063424 -68.221996 -59.158572 14906.265392 -59.158572 0.002725
45 450.000000 9.479435 -68.215784 -58.736349 15590.462879 -58.736349 0.002724
46 460.000000 9.527179 -68.247084 -58.719905 15668.984593 -58.719905 0.002713
47 470.000000 9.545798 -68.302735 -58.756937 15699.608101 -58.756937 0.002710
48 480.000000 9.754182 -68.342437 -58.588255 16042.327851 -58.588255 0.002705
49 490.000000 9.752277 -68.356760 -58.604483 16039.195628 -58.604483 0.002709
50 500.000000 9.842363 -68.369383 -58.527020 16187.357052 -58.527020 0.002715
51 510.000000 9.513291 -68.390604 -58.877313 15646.143869 -58.877313 0.002713
52 520.000000 9.375358 -68.415044 -59.039686 15419.290720 -59.039686 0.002704
53 530.000000 9.449485 -68.424543 -58.975057 15541.205822 -58.975057 0.002699
54 540.000000 9.289513 -68.399345 -59.109832 15278.105601 -59.109832 0.002696
55 550.000000 9.374686 -68.353632 -58.978947 15418.185851 -58.978947 0.002704
56 560.000000 9.446436 -68.344601 -58.898166 15536.189688 -58.898166 0.002693
57 570.000000 9.455963 -68.391891 -58.935927 15551.859840 -58.935927 0.002674
58 580.000000 9.776717 -68.460833 -58.684117 16079.390253 -58.684117 0.002648
59 590.000000 10.237825 -68.541823 -58.303999 16837.756837 -58.303999 0.002619
60 600.000000 9.951962 -68.593012 -58.641049 16367.610388 -58.641049 0.002594
61 610.000000 9.877534 -68.578888 -58.701354 16245.201086 -58.701354 0.002583
62 620.000000 10.149369 -68.524166 -58.374797 16692.277886 -58.374797 0.002574
63 630.000000 9.981955 -68.465603 -58.483648 16416.937931 -58.483648 0.002578
64 640.000000 10.327193 -68.447709 -58.120516 16984.737608 -58.120516 0.002574
65 650.000000 10.589832 -68.466839 -57.877007 17416.690705 -57.877007 0.002566
66 660.000000 10.380767 -68.482865 -58.102098 17072.849191 -58.102098 0.002568
67 670.000000 9.923974 -68.460338 -58.536364 16321.579199 -58.536364 0.002584
68 680.000000 10.346961 -68.401387 -58.054426 17017.249679 -58.054426 0.002599
69 690.000000 10.324608 -68.312016 -57.987408 16980.486282 -57.987408 0.002626
70 700.000000 10.264598 -68.226696 -57.962098 16881.789293 -57.962098 0.002658
71 710.000000 10.395483 -68.172668 -57.777185 17097.051057 -57.777185 0.002690
72 720.000000 10.330142 -68.181857 -57.851716 16989.587320 -57.851716 0.002714
73 730.000000 10.310388 -68.213487 -57.903099 16957.099857 -57.903099 0.002736
74 740.000000 10.265358 -68.253257 -57.987899 16883.040277 -57.987899 0.002757
75 750.000000 10.467870 -68.313871 -57.846001 17216.103572 -57.846001 0.002769
76 760.000000 10.123529 -68.360297 -58.236768 16649.779144 -58.236768 0.002785
77 770.000000 10.068562 -68.390563 -58.322001 16559.377705 -58.322001 0.002802
78 780.000000 9.404588 -68.385948 -58.981360 15467.364448 -58.981360 0.002832
79 790.000000 9.598582 -68.374380 -58.775798 15786.418779 -58.775798 0.002855
80 800.000000 9.486163 -68.362884 -58.876721 15601.528123 -58.876721 0.002875
81 810.000000 9.385069 -68.360803 -58.975735 15435.261673 -58.975735 0.002884
82 820.000000 8.939051 -68.358870 -59.419819 14701.713847 -59.419819 0.002882
83 830.000000 9.176087 -68.366233 -59.190146 15091.558101 -59.190146 0.002881
84 840.000000 8.783250 -68.409677 -59.626427 14445.473764 -59.626427 0.002857
85 850.000000 9.358099 -68.498160 -59.140060 15390.906689 -59.140060 0.002817
86 860.000000 9.661534 -68.579570 -58.918036 15889.954539 -58.918036 0.002782
87 870.000000 9.603158 -68.627945 -59.024787 15793.945231 -59.024787 0.002754
88 880.000000 9.851362 -68.679494 -58.828132 16202.156305 -58.828132 0.002723
89 890.000000 9.509687 -68.729160 -59.219473 15640.216841 -59.219473 0.002690
90 900.000000 9.710739 -68.759711 -59.048973 15970.878832 -59.048973 0.002673
91 910.000000 9.256131 -68.766232 -59.510101 15223.203345 -59.510101 0.002668
92 920.000000 9.302192 -68.745334 -59.443142 15298.957124 -59.443142 0.002668
93 930.000000 9.455259 -68.706346 -59.251087 15550.701195 -59.251087 0.002674
94 940.000000 9.750914 -68.649162 -58.898248 16036.953650 -58.898248 0.002683
95 950.000000 9.798059 -68.598106 -58.800047 16114.491488 -58.800047 0.002700
96 960.000000 9.448543 -68.571071 -59.122528 15539.654911 -59.122528 0.002710
97 970.000000 9.146631 -68.595877 -59.449247 15043.112037 -59.449247 0.002712
98 980.000000 9.184316 -68.634505 -59.450188 15105.092057 -59.450188 0.002706
99 990.000000 9.013179 -68.672424 -59.659245 14823.629232 -59.659245 0.002696
100 1000.000000 9.098099 -68.706043 -59.607943 14963.294254 -59.607943 0.002690
101 1010.000000 9.394265 -68.732254 -59.337989 15450.386599 -59.337989 0.002689
102 1020.000000 9.090029 -68.743707 -59.653678 14950.021047 -59.653678 0.002693
103 1030.000000 9.237512 -68.730856 -59.493344 15192.581552 -59.493344 0.002708
104 1040.000000 9.493012 -68.701332 -59.208320 15612.791387 -59.208320 0.002726
105 1050.000000 9.873070 -68.662612 -58.789542 16237.858627 -58.789542 0.002741
106 1060.000000 9.681734 -68.617065 -58.935331 15923.176494 -58.935331 0.002754
107 1070.000000 9.611105 -68.575820 -58.964715 15807.014954 -58.964715 0.002759
108 1080.000000 9.767348 -68.558982 -58.791635 16063.981251 -58.791635 0.002760
109 1090.000000 9.536106 -68.565697 -59.029591 15683.667232 -59.029591 0.002753
110 1100.000000 9.483882 -68.560242 -59.076360 15597.776318 -59.076360 0.002742
111 1110.000000 9.516359 -68.565719 -59.049360 15651.189393 -59.049360 0.002723
112 1120.000000 9.643162 -68.568221 -58.925059 15859.738164 -58.925059 0.002705
113 1130.000000 9.551771 -68.601657 -59.049887 15709.430158 -59.049887 0.002680
114 1140.000000 9.106998 -68.638268 -59.531270 14977.930518 -59.531270 0.002661
115 1150.000000 9.109348 -68.667145 -59.557797 14981.794516 -59.557797 0.002649
116 1160.000000 9.426299 -68.688180 -59.261880 15503.072311 -59.261880 0.002642
117 1170.000000 9.511799 -68.687125 -59.175326 15643.690554 -59.175326 0.002640
118 1180.000000 9.268866 -68.693098 -59.424233 15244.147129 -59.424233 0.002636
119 1190.000000 9.284392 -68.697841 -59.413449 15269.683067 -59.413449 0.002634
120 1200.000000 9.452069 -68.695568 -59.243499 15545.455469 -59.243499 0.002632
121 1210.000000 9.276625 -68.694616 -59.417991 15256.909026 -59.417991 0.002636
122 1220.000000 9.089096 -68.688796 -59.599701 14948.486720 -59.599701 0.002647
123 1230.000000 9.459316 -68.668636 -59.209321 15557.373224 -59.209321 0.002655
124 1240.000000 9.048147 -68.637908 -59.589761 14881.139286 -59.589761 0.002673
125 1250.000000 9.167657 -68.599474 -59.431817 15077.693313 -59.431817 0.002703
126 1260.000000 9.337815 -68.557628 -59.219813 15357.545530 -59.219813 0.002732
127 1270.000000 9.528345 -68.552971 -59.024626 15670.902396 -59.024626 0.002745
128 1280.000000 9.175282 -68.608829 -59.433547 15090.233177 -59.433547 0.002739
129 1290.000000 9.205274 -68.692553 -59.487278 15139.561357 -59.487278 0.002725
130 1300.000000 9.070740 -68.766497 -59.695757 14918.298100 -59.695757 0.002716
131 1310.000000 9.502190 -68.836907 -59.334717 15627.886246 -59.334717 0.002710
132 1320.000000 9.287429 -68.875388 -59.587959 15274.678081 -59.587959 0.002717
133 1330.000000 9.884494 -68.878119 -58.993625 16256.648381 -58.993625 0.002737
134 1340.000000 9.524790 -68.821586 -59.296796 15665.055682 -59.296796 0.002779
135 1350.000000 9.654822 -68.716285 -59.061463 15878.914267 -59.061463 0.002829
136 1360.000000 9.527194 -68.620878 -59.093684 15669.009268 -59.093684 0.002866
137 1370.000000 10.009929 -68.586332 -58.576403 16462.946442 -58.576403 0.002878
138 1380.000000 10.287997 -68.642702 -58.354705 16920.273928 -58.354705 0.002858
139 1390.000000 10.141940 -68.658998 -58.517058 16680.059726 -58.517058 0.002837
140 1400.000000 10.112317 -68.667754 -58.555436 16631.339404 -58.555436 0.002804
141 1410.000000 10.142875 -68.686364 -58.543489 16681.596676 -58.543489 0.002770
142 1420.000000 10.240985 -68.701632 -58.460647 16842.954266 -58.460647 0.002742
143 1430.000000 10.014170 -68.697362 -58.683193 16469.920152 -58.683193 0.002727
144 1440.000000 10.019584 -68.676197 -58.656612 16478.825720 -58.656612 0.002719
145 1450.000000 9.787263 -68.645139 -58.857875 16096.736314 -58.857875 0.002709
146 1460.000000 9.629860 -68.619927 -58.990067 15837.860758 -58.990067 0.002704
147 1470.000000 9.811790 -68.584682 -58.772892 16137.074029 -58.772892 0.002704
148 1480.000000 9.727613 -68.568243 -58.840631 15998.630926 -58.840631 0.002700
149 1490.000000 9.631978 -68.569515 -58.937537 15841.343721 -58.937537 0.002685
150 1500.000000 9.739852 -68.587390 -58.847538 16018.760789 -58.847538 0.002672
151 1510.000000 10.202702 -68.635165 -58.432463 16779.991663 -58.432463 0.002647
152 1520.000000 10.238093 -68.673963 -58.435870 16838.198898 -58.435870 0.002628
153 1530.000000 10.213837 -68.687680 -58.473843 16798.305721 -58.473843 0.002613
154 1540.000000 10.426105 -68.658134 -58.232028 17147.415153 -58.232028 0.002613
155 1550.000000 10.420678 -68.593519 -58.172840 17138.489488 -58.172840 0.002626
156 1560.000000 10.350605 -68.505601 -58.154996 17023.242505 -58.154996 0.002654
157 1570.000000 10.183290 -68.411047 -58.227757 16748.065190 -58.227757 0.002692
158 1580.000000 10.307799 -68.397828 -58.090029 16952.840744 -58.090029 0.002710
159 1590.000000 10.087813 -68.452207 -58.364394 16591.038621 -58.364394 0.002703
160 1600.000000 9.968918 -68.487913 -58.518994 16395.497240 -58.518994 0.002702
161 1610.000000 9.909912 -68.489369 -58.579458 16298.450835 -58.579458 0.002713
162 1620.000000 10.038786 -68.461120 -58.422334 16510.405722 -58.422334 0.002733
163 1630.000000 9.789409 -68.417343 -58.627934 16100.264140 -58.627934 0.002755
164 1640.000000 9.454287 -68.377005 -58.922718 15549.102698 -58.922718 0.002776
165 1650.000000 9.508081 -68.310648 -58.802567 15637.575835 -58.802567 0.002799
166 1660.000000 9.421935 -68.250030 -58.828095 15495.895059 -58.828095 0.002814
167 1670.000000 9.716252 -68.184413 -58.468161 15979.946636 -58.468161 0.002827
168 1680.000000 9.960482 -68.125930 -58.165448 16381.621547 -58.165448 0.002837
169 1690.000000 10.015346 -68.100971 -58.085625 16471.854828 -58.085625 0.002836
170 1700.000000 10.148228 -68.108878 -57.960650 16690.400220 -57.960650 0.002828
171 1710.000000 10.281919 -68.101126 -57.819207 16910.278028 -57.819207 0.002826
172 1720.000000 10.659117 -68.128694 -57.469577 17530.641045 -57.469577 0.002816
173 1730.000000 10.795228 -68.197267 -57.402039 17754.497319 -57.402039 0.002796
174 1740.000000 10.621800 -68.279870 -57.658070 17469.266244 -57.658070 0.002775
175 1750.000000 10.943615 -68.337244 -57.393629 17998.542880 -57.393629 0.002770
176 1760.000000 10.803729 -68.375151 -57.571422 17768.478373 -57.571422 0.002768
177 1770.000000 10.795814 -68.396088 -57.600274 17755.460600 -57.600274 0.002776
178 1780.000000 10.820503 -68.389772 -57.569269 17796.066283 -57.569269 0.002794
179 1790.000000 10.494943 -68.368079 -57.873136 17260.630282 -57.873136 0.002806
180 1800.000000 10.382790 -68.343369 -57.960578 17076.176703 -57.960578 0.002814
181 1810.000000 10.183787 -68.308419 -58.124632 16748.883209 -58.124632 0.002818
182 1820.000000 9.940944 -68.263498 -58.322555 16349.488040 -58.322555 0.002826
183 1830.000000 9.610760 -68.257076 -58.646316 15806.447977 -58.646316 0.002825
184 1840.000000 9.255265 -68.291920 -59.036655 15221.779076 -59.036655 0.002812
185 1850.000000 8.995957 -68.327249 -59.331292 14795.304615 -59.331292 0.002799
186 1860.000000 8.997818 -68.350598 -59.352781 14798.365217 -59.352781 0.002784
187 1870.000000 8.947662 -68.363632 -59.415970 14715.876299 -59.415970 0.002774
188 1880.000000 8.769140 -68.347163 -59.578022 14422.268001 -59.578022 0.002768
189 1890.000000 8.761126 -68.319056 -59.557930 14409.087166 -59.557930 0.002761
190 1900.000000 8.701846 -68.301492 -59.599646 14311.591767 -59.599646 0.002748
191 1910.000000 8.557370 -68.318926 -59.761556 14073.977109 -59.761556 0.002731
192 1920.000000 8.353841 -68.362243 -60.008402 13739.242011 -60.008402 0.002705
193 1930.000000 8.662197 -68.408972 -59.746774 14246.383423 -59.746774 0.002672
194 1940.000000 9.104602 -68.441387 -59.336784 14973.989939 -59.336784 0.002650
195 1950.000000 8.928693 -68.468472 -59.539779 14684.677799 -59.539779 0.002633
196 1960.000000 8.821768 -68.481231 -59.659462 14508.823243 -59.659462 0.002632
197 1970.000000 8.593777 -68.487783 -59.894006 14133.855477 -59.894006 0.002626
198 1980.000000 8.689088 -68.490468 -59.801380 14290.609551 -59.801380 0.002630
199 1990.000000 9.094011 -68.491444 -59.397433 14956.570900 -59.397433 0.002635
200 2000.000000 8.837740 -68.467573 -59.629833 14535.090856 -59.629833 0.002652
201 2010.000000 9.037991 -68.429155 -59.391163 14864.437062 -59.391163 0.002674
202 2020.000000 9.460023 -68.383098 -58.923075 15558.536309 -58.923075 0.002692
203 2030.000000 9.214942 -68.375165 -59.160223 15155.460918 -59.160223 0.002693
204 2040.000000 9.580346 -68.423378 -58.843032 15756.427512 -58.843032 0.002679
205 2050.000000 9.685664 -68.485570 -58.799907 15929.639201 -58.799907 0.002660
206 2060.000000 9.646873 -68.501404 -58.854531 15865.841468 -58.854531 0.002654
207 2070.000000 9.815576 -68.476325 -58.660749 16143.300509 -58.660749 0.002663
208 2080.000000 9.450633 -68.419361 -58.968728 15543.092855 -58.968728 0.002680
209 2090.000000 9.619873 -68.339871 -58.719998 15821.435266 -58.719998 0.002704
210 2100.000000 9.386427 -68.267747 -58.881320 15437.495839 -58.881320 0.002729
211 2110.000000 8.937236 -68.213791 -59.276555 14698.728710 -59.276555 0.002756
212 2120.000000 9.166334 -68.182644 -59.016310 15075.517472 -59.016310 0.002782
213 2130.000000 8.700613 -68.171906 -59.471293 14309.564086 -59.471293 0.002802
214 2140.000000 8.534443 -68.163674 -59.629231 14036.270482 -59.629231 0.002818
215 2150.000000 8.649232 -68.160271 -59.511040 14225.058841 -59.511040 0.002835
216 2160.000000 9.151870 -68.145383 -58.993513 15051.729403 -58.993513 0.002860
217 2170.000000 9.048129 -68.168667 -59.120537 14881.110920 -59.120537 0.002870
218 2180.000000 9.134760 -68.254350 -59.119590 15023.588935 -59.119590 0.002867
219 2190.000000 9.040471 -68.384088 -59.343617 14868.514987 -59.343617 0.002853
220 2200.000000 9.031207 -68.485419 -59.454213 14853.279191 -59.454213 0.002846
221 2210.000000 9.223650 -68.553746 -59.330096 15169.783164 -59.330096 0.002849
222 2220.000000 8.964781 -68.566687 -59.601906 14744.030477 -59.601906 0.002875
223 2230.000000 9.078314 -68.519443 -59.441130 14930.754152 -59.441130 0.002921
224 2240.000000 9.027459 -68.488731 -59.461272 14847.114720 -59.461272 0.002960
225 2250.000000 8.638774 -68.493526 -59.854752 14207.860086 -59.854752 0.002989
226 2260.000000 8.842769 -68.523897 -59.681128 14543.362375 -59.681128 0.003010
227 2270.000000 8.519101 -68.565905 -60.046804 14011.038206 -60.046804 0.003025
228 2280.000000 8.452744 -68.596895 -60.144151 13901.902571 -60.144151 0.003042
229 2290.000000 8.565634 -68.661456 -60.095822 14087.568788 -60.095822 0.003041
230 2300.000000 8.851222 -68.701527 -59.850305 14557.264431 -59.850305 0.003040
231 2310.000000 8.968265 -68.725830 -59.757565 14749.760192 -59.757565 0.003047
232 2320.000000 9.007856 -68.759214 -59.751358 14814.875498 -59.751358 0.003046
233 2330.000000 9.200552 -68.797324 -59.596773 15131.793800 -59.596773 0.003033
234 2340.000000 9.159113 -68.813970 -59.654857 15063.641227 -59.654857 0.003024
235 2350.000000 9.196783 -68.846705 -59.649923 15125.595160 -59.649923 0.003010
236 2360.000000 9.687506 -68.882938 -59.195432 15932.668983 -59.195432 0.002990
237 2370.000000 9.879594 -68.921819 -59.042225 16248.589000 -59.042225 0.002960
238 2380.000000 10.010157 -68.943771 -58.933614 16463.321397 -58.933614 0.002930
239 2390.000000 9.830496 -68.923047 -59.092551 16167.839591 -59.092551 0.002907
240 2400.000000 9.644269 -68.880622 -59.236353 15861.559475 -59.236353 0.002884
241 2410.000000 9.104778 -68.832160 -59.727382 14974.277933 -59.727382 0.002862
242 2420.000000 9.149234 -68.840062 -59.690828 15047.392983 -59.690828 0.002824
243 2430.000000 9.117195 -68.895372 -59.778177 14994.700381 -59.778177 0.002778
244 2440.000000 8.869598 -68.942460 -60.072861 14587.487677 -60.072861 0.002733
245 2450.000000 8.534830 -68.972378 -60.437548 14036.907241 -60.437548 0.002698
246 2460.000000 8.523151 -68.981767 -60.458616 14017.699355 -60.458616 0.002677
247 2470.000000 8.816523 -68.970936 -60.154412 14500.197309 -60.154412 0.002662
248 2480.000000 9.290122 -68.961799 -59.671677 15279.106460 -59.671677 0.002651
249 2490.000000 9.475150 -68.949598 -59.474448 15583.415090 -59.474448 0.002646
250 2500.000000 9.766271 -68.931985 -59.165715 16062.210222 -59.165715 0.002642
251 2510.000000 9.531110 -68.893559 -59.362449 15675.450330 -59.362449 0.002651
252 2520.000000 9.168177 -68.842173 -59.673996 15078.548185 -59.673996 0.002671
253 2530.000000 8.865507 -68.789829 -59.924322 14580.759347 -59.924322 0.002697
254 2540.000000 8.636767 -68.760529 -60.123762 14204.559283 -60.123762 0.002724
255 2550.000000 9.037641 -68.750034 -59.712392 14863.861591 -59.712392 0.002743
256 2560.000000 9.003211 -68.755725 -59.752514 14807.235772 -59.752514 0.002756
257 2570.000000 9.153731 -68.761786 -59.608055 15054.789637 -59.608055 0.002769
258 2580.000000 9.073780 -68.754696 -59.680916 14923.296811 -59.680916 0.002776
259 2590.000000 8.804089 -68.719670 -59.915581 14479.747446 -59.915581 0.002781
260 2600.000000 8.866814 -68.643336 -59.776523 14582.907873 -59.776523 0.002792
261 2610.000000 9.035614 -68.575736 -59.540122 14860.526785 -59.540122 0.002794
262 2620.000000 9.107638 -68.530219 -59.422581 14978.982074 -59.422581 0.002786
263 2630.000000 9.532387 -68.542998 -59.010610 15677.550985 -59.010610 0.002765
264 2640.000000 9.599002 -68.566910 -58.967908 15787.109603 -58.967908 0.002741
265 2650.000000 9.454074 -68.606850 -59.152777 15548.751701 -59.152777 0.002719
266 2660.000000 9.678541 -68.626701 -58.948160 15917.925102 -58.948160 0.002713
267 2670.000000 9.667599 -68.614470 -58.946872 15899.927920 -58.946872 0.002727
268 2680.000000 9.867537 -68.590977 -58.723440 16228.758780 -58.723440 0.002752
269 2690.000000 10.093343 -68.534803 -58.441459 16600.133910 -58.441459 0.002789
270 2700.000000 9.672236 -68.465258 -58.793022 15907.554984 -58.793022 0.002824
271 2710.000000 9.422112 -68.415496 -58.993384 15496.185288 -58.993384 0.002850
272 2720.000000 9.403521 -68.382371 -58.978850 15465.610440 -58.978850 0.002863
273 2730.000000 9.398584 -68.380081 -58.981497 15457.490831 -58.981497 0.002859
274 2740.000000 9.100257 -68.382539 -59.282281 14966.843641 -59.282281 0.002846
275 2750.000000 8.672694 -68.382614 -59.709921 14263.645861 -59.709921 0.002836
276 2760.000000 8.553239 -68.392566 -59.839327 14067.183414 -59.839327 0.002825
277 2770.000000 8.357078 -68.416305 -60.059227 13744.564641 -60.059227 0.002819
278 2780.000000 8.401258 -68.443121 -60.041863 13817.225763 -60.041863 0.002811
279 2790.000000 8.150317 -68.467382 -60.317065 13404.512988 -60.317065 0.002809
280 2800.000000 8.297021 -68.495133 -60.198112 13645.791010 -60.198112 0.002810
281 2810.000000 8.335812 -68.520739 -60.184928 13709.589402 -60.184928 0.002819
282 2820.000000 8.448829 -68.543251 -60.094422 13895.464389 -60.094422 0.002822
283 2830.000000 8.544771 -68.554967 -60.010195 14053.257110 -60.010195 0.002828
284 2840.000000 8.423404 -68.543316 -60.119913 13853.648275 -60.119913 0.002840
285 2850.000000 8.633388 -68.503586 -59.870198 14199.001702 -59.870198 0.002855
286 2860.000000 8.662660 -68.433994 -59.771334 14247.143798 -59.771334 0.002881
287 2870.000000 8.877746 -68.387983 -59.510238 14600.887294 -59.510238 0.002902
288 2880.000000 8.832295 -68.399000 -59.566705 14526.137073 -59.566705 0.002910
289 2890.000000 8.835073 -68.428697 -59.593623 14530.705536 -59.593623 0.002914
290 2900.000000 9.144316 -68.481872 -59.337556 15039.305036 -59.337556 0.002907
291 2910.000000 9.280881 -68.523826 -59.242945 15263.908683 -59.242945 0.002901
292 2920.000000 9.319394 -68.561120 -59.241725 15327.249825 -59.241725 0.002892
293 2930.000000 9.291732 -68.541232 -59.249500 15281.754050 -59.249500 0.002894
294 2940.000000 9.007246 -68.493130 -59.485884 14813.871943 -59.485884 0.002897
295 2950.000000 8.965740 -68.436962 -59.471221 14745.608464 -59.471221 0.002897
296 2960.000000 8.955219 -68.418033 -59.462814 14728.304420 -59.462814 0.002889
297 2970.000000 8.974788 -68.391046 -59.416258 14760.488808 -59.416258 0.002881
298 2980.000000 8.517604 -68.374804 -59.857200 14008.575641 -59.857200 0.002874
299 2990.000000 8.895403 -68.380110 -59.484706 14629.928070 -59.484706 0.002871
300 3000.000000 9.001097 -68.415911 -59.414814 14803.757984 -59.414814 0.002864
301 3010.000000 8.871322 -68.450422 -59.579100 14590.322820 -59.579100 0.002863
302 3020.000000 8.936511 -68.464255 -59.527744 14697.536000 -59.527744 0.002860
303 3030.000000 9.148275 -68.463769 -59.315494 15045.816710 -59.315494 0.002857
304 3040.000000 9.205270 -68.454902 -59.249632 15139.554073 -59.249632 0.002847
305 3050.000000 9.023843 -68.435260 -59.411417 14841.167645 -59.411417 0.002840
306 3060.000000 8.974118 -68.402587 -59.428470 14759.386641 -59.428470 0.002834
307 3070.000000 8.714648 -68.360417 -59.645769 14332.647591 -59.645769 0.002835
308 3080.000000 8.664453 -68.321321 -59.656868 14250.093236 -59.656868 0.002844
309 3090.000000 8.939489 -68.272361 -59.332873 14702.433365 -59.332873 0.002853
310 3100.000000 9.008280 -68.245483 -59.237202 14815.572627 -59.237202 0.002852
311 3110.000000 9.044539 -68.224437 -59.179898 14875.205370 -59.179898 0.002844
312 3120.000000 9.144892 -68.228308 -59.083417 15040.252174 -59.083417 0.002836
313 3130.000000 9.075727 -68.250993 -59.175266 14926.500165 -59.175266 0.002830
314 3140.000000 8.821669 -68.255458 -59.433789 14508.659579 -59.433789 0.002833
315 3150.000000 9.385825 -68.243818 -58.857993 15436.505046 -58.857993 0.002839
316 3160.000000 9.359706 -68.221283 -58.861577 15393.548871 -58.861577 0.002841
317 3170.000000 9.384491 -68.216289 -58.831798 15434.312587 -58.831798 0.002839
318 3180.000000 9.219300 -68.259310 -59.040010 15162.628022 -59.040010 0.002819
319 3190.000000 9.012285 -68.319912 -59.307627 14822.159670 -59.307627 0.002798
320 3200.000000 8.996335 -68.353022 -59.356686 14795.927256 -59.356686 0.002775
321 3210.000000 8.662761 -68.379979 -59.717218 14247.310557 -59.717218 0.002757
322 3220.000000 8.589391 -68.398380 -59.808989 14126.641491 -59.808989 0.002744
323 3230.000000 8.532959 -68.442433 -59.909474 14033.829881 -59.909474 0.002731
324 3240.000000 8.289594 -68.499976 -60.210383 13633.576116 -60.210383 0.002714
325 3250.000000 8.208532 -68.567561 -60.359029 13500.257243 -60.359029 0.002705
326 3260.000000 8.351026 -68.614344 -60.263317 13734.612169 -60.263317 0.002703
327 3270.000000 8.672552 -68.640803 -59.968251 14263.412580 -59.968251 0.002715
328 3280.000000 8.739226 -68.651813 -59.912587 14373.069243 -59.912587 0.002731
329 3290.000000 8.422378 -68.660233 -60.237855 13851.961890 -60.237855 0.002757
330 3300.000000 8.674064 -68.646205 -59.972141 14265.899860 -59.972141 0.002794
331 3310.000000 8.437758 -68.584596 -60.146838 13877.255780 -60.146838 0.002841
332 3320.000000 8.388189 -68.546270 -60.158081 13795.732692 -60.158081 0.002882
333 3330.000000 8.292416 -68.583723 -60.291308 13638.217252 -60.291308 0.002903
334 3340.000000 8.117668 -68.596931 -60.479263 13350.816639 -60.479263 0.002919
335 3350.000000 8.058569 -68.562427 -60.503858 13253.618593 -60.503858 0.002939
336 3360.000000 7.852499 -68.522940 -60.670441 12914.703368 -60.670441 0.002946
337 3370.000000 8.060335 -68.502360 -60.442024 13256.524073 -60.442024 0.002948
338 3380.000000 8.441944 -68.483323 -60.041379 13884.140940 -60.041379 0.002927
339 3390.000000 8.722823 -68.480210 -59.757387 14346.092028 -59.757387 0.002884
340 3400.000000 8.522193 -68.471587 -59.949393 14016.124169 -59.949393 0.002835
341 3410.000000 8.702261 -68.439266 -59.737005 14312.274856 -59.737005 0.002799
342 3420.000000 8.649743 -68.389522 -59.739779 14225.899585 -59.739779 0.002781
343 3430.000000 8.531543 -68.339854 -59.808311 14031.501090 -59.808311 0.002769
344 3440.000000 8.685240 -68.343669 -59.658429 14284.280423 -59.658429 0.002756
345 3450.000000 8.854596 -68.368549 -59.513953 14562.813947 -59.513953 0.002742
346 3460.000000 9.305776 -68.400517 -59.094741 15304.851974 -59.094741 0.002730
347 3470.000000 9.363814 -68.433485 -59.069671 15400.305559 -59.069671 0.002725
348 3480.000000 9.154041 -68.466666 -59.312625 15055.299360 -59.312625 0.002730
349 3490.000000 9.052480 -68.464916 -59.412436 14888.266795 -59.412436 0.002748
350 3500.000000 8.522767 -68.425832 -59.903064 14017.068149 -59.903064 0.002773
351 3510.000000 8.400462 -68.372806 -59.972344 13815.917400 -59.972344 0.002801
352 3520.000000 8.348850 -68.393331 -60.044480 13731.033507 -60.044480 0.002815
353 3530.000000 8.749984 -68.432213 -59.682229 14390.763075 -59.682229 0.002824
354 3540.000000 8.405557 -68.459350 -60.053793 13824.296955 -60.053793 0.002822
355 3550.000000 8.456586 -68.470044 -60.013459 13908.221449 -60.013459 0.002814
356 3560.000000 8.583871 -68.453970 -59.870099 14117.562404 -59.870099 0.002820
357 3570.000000 8.810694 -68.451131 -59.640438 14490.609737 -59.640438 0.002822
358 3580.000000 8.672391 -68.464212 -59.791821 14263.147802 -59.791821 0.002821
359 3590.000000 8.981136 -68.481807 -59.500671 14770.930008 -59.500671 0.002817
360 3600.000000 9.310612 -68.518925 -59.208313 15312.806086 -59.208313 0.002806
361 3610.000000 9.367496 -68.544362 -59.176866 15406.360568 -59.176866 0.002789
362 3620.000000 9.384074 -68.556081 -59.172007 15433.626692 -59.172007 0.002769
363 3630.000000 9.722501 -68.551414 -58.828913 15990.223414 -58.828913 0.002752
364 3640.000000 9.420897 -68.541443 -59.120546 15494.187073 -59.120546 0.002745
365 3650.000000 9.277856 -68.514949 -59.237093 15258.933191 -59.237093 0.002746
366 3660.000000 9.003639 -68.472693 -59.469053 14807.939638 -59.469053 0.002752
367 3670.000000 8.840699 -68.431401 -59.590701 14539.958596 -59.590701 0.002755
368 3680.000000 9.059972 -68.405127 -59.345155 14900.588481 -59.345155 0.002746
369 3690.000000 8.928717 -68.416731 -59.488014 14684.718155 -59.488014 0.002732
370 3700.000000 9.096666 -68.475288 -59.378621 14960.937747 -59.378621 0.002703
371 3710.000000 9.368202 -68.561355 -59.193153 15407.521463 -59.193153 0.002659
372 3720.000000 9.282633 -68.624487 -59.341854 15266.790138 -59.341854 0.002615
373 3730.000000 9.113820 -68.658534 -59.544714 14989.149559 -59.544714 0.002580
374 3740.000000 9.171343 -68.668465 -59.497122 15083.754951 -59.497122 0.002552
375 3750.000000 9.171913 -68.661885 -59.489971 15084.693659 -59.489971 0.002533
376 3760.000000 9.370357 -68.641458 -59.271101 15411.066778 -59.271101 0.002524
377 3770.000000 9.289999 -68.626222 -59.336223 15278.904537 -59.336223 0.002516
378 3780.000000 9.177160 -68.601084 -59.423924 15093.322501 -59.423924 0.002514
379 3790.000000 9.298385 -68.558239 -59.259854 15292.696139 -59.259854 0.002519
380 3800.000000 9.755622 -68.499065 -58.743442 16044.697090 -58.743442 0.002533
381 3810.000000 9.418863 -68.416861 -58.997998 15490.842077 -58.997998 0.002563
382 3820.000000 9.332389 -68.334719 -59.002330 15348.621499 -59.002330 0.002599
383 3830.000000 9.202114 -68.274086 -59.071972 15134.363949 -59.071972 0.002635
384 3840.000000 8.960102 -68.288560 -59.328458 14736.335754 -59.328458 0.002662
385 3850.000000 8.648447 -68.317763 -59.669316 14223.767784 -59.669316 0.002687
386 3860.000000 8.585787 -68.344274 -59.758486 14120.714702 -59.758486 0.002719
387 3870.000000 8.788726 -68.353995 -59.565269 14454.480378 -59.565269 0.002750
388 3880.000000 8.672293 -68.332915 -59.660622 14262.986846 -59.660622 0.002788
389 3890.000000 8.527996 -68.301506 -59.773510 14025.667691 -59.773510 0.002825
390 3900.000000 8.689544 -68.300262 -59.610717 14291.359891 -59.610717 0.002841
391 3910.000000 8.920462 -68.325813 -59.405352 14671.140724 -59.405352 0.002841
392 3920.000000 8.560385 -68.350961 -59.790576 14078.935611 -59.790576 0.002839
393 3930.000000 8.666896 -68.372606 -59.705710 14254.111052 -59.705710 0.002828
394 3940.000000 8.852778 -68.381586 -59.528807 14559.824472 -59.528807 0.002826
395 3950.000000 9.068385 -68.373475 -59.305090 14914.424501 -59.305090 0.002825
396 3960.000000 9.010019 -68.353239 -59.343221 14818.431482 -59.343221 0.002825
397 3970.000000 8.937671 -68.356664 -59.418992 14699.444808 -59.418992 0.002818
398 3980.000000 8.852500 -68.362582 -59.510082 14559.366919 -59.510082 0.002805
399 3990.000000 8.701025 -68.380060 -59.679035 14310.241409 -59.679035 0.002791
400 4000.000000 8.689667 -68.387657 -59.697990 14291.562274 -59.697990 0.002785
401 4010.000000 8.877346 -68.390397 -59.513051 14600.229458 -59.513051 0.002771
402 4020.000000 8.688398 -68.385780 -59.697382 14289.474072 -59.697382 0.002758
403 4030.000000 8.439114 -68.391439 -59.952326 13879.485836 -59.952326 0.002744
404 4040.000000 8.108001 -68.430846 -60.322844 13334.918509 -60.322844 0.002717
405 4050.000000 8.458452 -68.491351 -60.032899 13911.290692 -60.032899 0.002695
406 4060.000000 8.194090 -68.577230 -60.383141 13476.504637 -60.383141 0.002669
407 4070.000000 8.219226 -68.659349 -60.440123 13517.845792 -60.440123 0.002653
408 4080.000000 8.455298 -68.737521 -60.282223 13906.103860 -60.282223 0.002647
409 4090.000000 8.390578 -68.788007 -60.397428 13799.662155 -60.397428 0.002653
410 4100.000000 8.562532 -68.817197 -60.254665 14082.467257 -60.254665 0.002671
411 4110.000000 8.758945 -68.845884 -60.086939 14405.499937 -60.086939 0.002689
412 4120.000000 8.735227 -68.861641 -60.126414 14366.492793 -60.126414 0.002702
413 4130.000000 9.203630 -68.883685 -59.680055 15136.856924 -59.680055 0.002716
414 4140.000000 9.395521 -68.903228 -59.507708 15452.452274 -59.507708 0.002735
415 4150.000000 9.331463 -68.896226 -59.564763 15347.098049 -59.564763 0.002757
416 4160.000000 9.069328 -68.871528 -59.802199 14915.976160 -59.802199 0.002779
417 4170.000000 9.406087 -68.814347 -59.408261 15469.829341 -59.408261 0.002805
418 4180.000000 9.378258 -68.763576 -59.385317 15424.061459 -59.385317 0.002834
419 4190.000000 9.144215 -68.738809 -59.594594 15039.139375 -59.594594 0.002857
420 4200.000000 9.674881 -68.742158 -59.067277 15911.904325 -59.067277 0.002872
421 4210.000000 9.599867 -68.753305 -59.153438 15788.532002 -59.153438 0.002887
422 4220.000000 9.502296 -68.755435 -59.253140 15628.061043 -59.253140 0.002905
423 4230.000000 9.476680 -68.733387 -59.256707 15585.932071 -59.256707 0.002916
424 4240.000000 9.334999 -68.692993 -59.357994 15352.914732 -59.357994 0.002923
425 4250.000000 9.307268 -68.645676 -59.338408 15307.305888 -59.338408 0.002931
426 4260.000000 9.265335 -68.628519 -59.363184 15238.340819 -59.363184 0.002926
427 4270.000000 9.443801 -68.613402 -59.169601 15531.856790 -59.169601 0.002914
428 4280.000000 9.465106 -68.580869 -59.115763 15566.896248 -59.115763 0.002895
429 4290.000000 9.402136 -68.554271 -59.152135 15463.332326 -59.152135 0.002866
430 4300.000000 9.648844 -68.539586 -58.890742 15869.083610 -58.890742 0.002822
431 4310.000000 10.004516 -68.546669 -58.542153 16454.043508 -58.542153 0.002770
432 4320.000000 10.057399 -68.575276 -58.517877 16541.017256 -58.517877 0.002714
433 4330.000000 10.177668 -68.591910 -58.414242 16738.819679 -58.414242 0.002666
434 4340.000000 10.461605 -68.593753 -58.132148 17205.800062 -58.132148 0.002630
435 4350.000000 10.325352 -68.587058 -58.261705 16981.710315 -58.261705 0.002611
436 4360.000000 10.306421 -68.570761 -58.264340 16950.574734 -58.264340 0.002602
437 4370.000000 10.531538 -68.556188 -58.024650 17320.816503 -58.024650 0.002599
438 4380.000000 10.406664 -68.525785 -58.119121 17115.440293 -58.119121 0.002603
439 4390.000000 10.299805 -68.506297 -58.206492 16939.693442 -58.206492 0.002612
440 4400.000000 10.320823 -68.481747 -58.160924 16974.260406 -58.160924 0.002632
441 4410.000000 10.138123 -68.433697 -58.295574 16673.780978 -58.295574 0.002654
442 4420.000000 9.926497 -68.380254 -58.453757 16325.728413 -58.453757 0.002677
443 4430.000000 9.965224 -68.345670 -58.380446 16389.421579 -58.380446 0.002693
444 4440.000000 9.488702 -68.351349 -58.862647 15605.703758 -58.862647 0.002692
445 4450.000000 9.728047 -68.349931 -58.621884 15999.344753 -58.621884 0.002685
446 4460.000000 9.727773 -68.340940 -58.613167 15998.895220 -58.613167 0.002678
447 4470.000000 9.458952 -68.335831 -58.876878 15556.775687 -58.876878 0.002668
448 4480.000000 9.763245 -68.315258 -58.552012 16057.234456 -58.552012 0.002659
449 4490.000000 9.658823 -68.293384 -58.634561 15885.495956 -58.634561 0.002654
450 4500.000000 9.529330 -68.256509 -58.727180 15672.522570 -58.727180 0.002660
451 4510.000000 9.318954 -68.187783 -58.868829 15326.525555 -58.868829 0.002680
452 4520.000000 8.939614 -68.126784 -59.187170 14702.639435 -59.187170 0.002698
453 4530.000000 9.020941 -68.102119 -59.081178 14836.395836 -59.081178 0.002706
454 4540.000000 8.967308 -68.167579 -59.200271 14748.187065 -59.200271 0.002700
455 4550.000000 9.546425 -68.270978 -58.724554 15700.637695 -58.724554 0.002681
456 4560.000000 9.618921 -68.332666 -58.713744 15819.870566 -58.713744 0.002666
457 4570.000000 9.413003 -68.353988 -58.940985 15481.204765 -58.940985 0.002660
458 4580.000000 9.341893 -68.399474 -59.057581 15364.252057 -59.057581 0.002649
459 4590.000000 9.619126 -68.464097 -58.844970 15820.207849 -58.844970 0.002640
460 4600.000000 9.431845 -68.555192 -59.123347 15512.192594 -59.123347 0.002622
461 4610.000000 9.201525 -68.611276 -59.409751 15133.394675 -59.409751 0.002613
462 4620.000000 9.413234 -68.636113 -59.222879 15481.584685 -59.222879 0.002628
463 4630.000000 9.342349 -68.636854 -59.294505 15365.002838 -59.294505 0.002655
464 4640.000000 9.493794 -68.608510 -59.114716 15614.078988 -59.114716 0.002697
465 4650.000000 9.299746 -68.573608 -59.273862 15294.934901 -59.273862 0.002740
466 4660.000000 9.370192 -68.553122 -59.182930 15410.794788 -59.182930 0.002770
467 4670.000000 9.257590 -68.570861 -59.313271 15225.603442 -59.313271 0.002788
468 4680.000000 9.664017 -68.629870 -58.965853 15894.036853 -58.965853 0.002792
469 4690.000000 9.732709 -68.679670 -58.946961 16007.012610 -58.946961 0.002800
470 4700.000000 9.736560 -68.683773 -58.947213 16013.346070 -58.947213 0.002817
471 4710.000000 9.712065 -68.660088 -58.948023 15973.060033 -58.948023 0.002845
472 4720.000000 9.605336 -68.631553 -59.026217 15797.527415 -59.026217 0.002872
473 4730.000000 9.319054 -68.598724 -59.279670 15326.689629 -59.279670 0.002896
474 4740.000000 8.970511 -68.534264 -59.563754 14753.454227 -59.563754 0.002918
475 4750.000000 9.148990 -68.480453 -59.331463 15046.991652 -59.331463 0.002925
476 4760.000000 9.058697 -68.473273 -59.414577 14898.490322 -59.414577 0.002912
477 4770.000000 9.063162 -68.507377 -59.444215 14905.834907 -59.444215 0.002886
478 4780.000000 9.777387 -68.544351 -58.766964 16080.492628 -58.766964 0.002854
479 4790.000000 9.647499 -68.576358 -58.928858 15866.871757 -58.928858 0.002821
480 4800.000000 9.956837 -68.591599 -58.634762 16375.627589 -58.634762 0.002797
481 4810.000000 10.051886 -68.596107 -58.544221 16531.950593 -58.544221 0.002777
482 4820.000000 9.788341 -68.591049 -58.802708 16098.508742 -58.802708 0.002759
483 4830.000000 9.922770 -68.611489 -58.688719 16319.598940 -58.688719 0.002733
484 4840.000000 9.978419 -68.646554 -58.668135 16411.122512 -58.668135 0.002702
485 4850.000000 9.932398 -68.681902 -58.749504 16335.432771 -58.749504 0.002677
486 4860.000000 9.849665 -68.692212 -58.842547 16199.366245 -58.842547 0.002663
487 4870.000000 9.535756 -68.699857 -59.164102 15683.090952 -59.164102 0.002651
488 4880.000000 9.669062 -68.708758 -59.039696 15902.335336 -59.039696 0.002642
489 4890.000000 10.020636 -68.729204 -58.708568 16480.554495 -58.708568 0.002634
490 4900.000000 10.252233 -68.746822 -58.494589 16861.454242 -58.494589 0.002625
491 4910.000000 10.201793 -68.747746 -58.545953 16778.497315 -58.545953 0.002622
492 4920.000000 10.139120 -68.743141 -58.604021 16675.421279 -58.604021 0.002628
493 4930.000000 9.884599 -68.749521 -58.864921 16256.820880 -58.864921 0.002627
494 4940.000000 9.823303 -68.795189 -58.971886 16156.008638 -58.971886 0.002623
495 4950.000000 10.017698 -68.868132 -58.850433 16475.723471 -58.850433 0.002616
496 4960.000000 10.297856 -68.941562 -58.643706 16936.488083 -58.643706 0.002600
497 4970.000000 10.508367 -68.985897 -58.477530 17282.706932 -58.477530 0.002592
498 4980.000000 10.020594 -68.982021 -58.961426 16480.486311 -58.961426 0.002587
499 4990.000000 10.033122 -68.946908 -58.913786 16501.090321 -58.913786 0.002589
500 5000.000000 9.953221 -68.887197 -58.933976 16369.679569 -58.933976 0.002601
501 5010.000000 9.326835 -68.808981 -59.482146 15339.487570 -59.482146 0.002611
502 5020.000000 9.138069 -68.745989 -59.607920 15029.031378 -59.607920 0.002626
503 5030.000000 8.968450 -68.698990 -59.730540 14750.065025 -59.730540 0.002646
504 5040.000000 8.856968 -68.644433 -59.787464 14566.715391 -59.787464 0.002669
505 5050.000000 9.164650 -68.608470 -59.443819 15072.748473 -59.443819 0.002687
506 5060.000000 9.315212 -68.562030 -59.246818 15320.371987 -59.246818 0.002708
507 5070.000000 9.173175 -68.521592 -59.348417 15086.768551 -59.348417 0.002736
508 5080.000000 8.900117 -68.498399 -59.598282 14637.680844 -59.598282 0.002765
509 5090.000000 8.855057 -68.476586 -59.621529 14563.571412 -59.621529 0.002800
510 5100.000000 8.852161 -68.461760 -59.609599 14558.809564 -59.609599 0.002825
511 5110.000000 8.887778 -68.485275 -59.597497 14617.387341 -59.597497 0.002834
512 5120.000000 8.816018 -68.544837 -59.728820 14499.365791 -59.728820 0.002831
513 5130.000000 8.479816 -68.630343 -60.150527 13946.427767 -60.150527 0.002811
514 5140.000000 8.493750 -68.691136 -60.197386 13969.344760 -60.197386 0.002796
515 5150.000000 8.234695 -68.734487 -60.499792 13543.286443 -60.499792 0.002777
516 5160.000000 8.247778 -68.751704 -60.503927 13564.803008 -60.503927 0.002762
517 5170.000000 8.502282 -68.760229 -60.257947 13983.376836 -60.257947 0.002749
518 5180.000000 8.421690 -68.773989 -60.352299 13850.830252 -60.352299 0.002735
519 5190.000000 8.667466 -68.777538 -60.110073 14255.047863 -60.110073 0.002728
520 5200.000000 8.692217 -68.757668 -60.065452 14295.754960 -60.065452 0.002734
521 5210.000000 8.564799 -68.728887 -60.164089 14086.195402 -60.164089 0.002752
522 5220.000000 8.717786 -68.697470 -59.979684 14337.807544 -59.979684 0.002776
523 5230.000000 8.778897 -68.692860 -59.913964 14438.314587 -59.913964 0.002795
524 5240.000000 8.694588 -68.730494 -60.035906 14299.655691 -60.035906 0.002811
525 5250.000000 9.242353 -68.785428 -59.543075 15200.543157 -59.543075 0.002820
526 5260.000000 9.303343 -68.815308 -59.511965 15300.851345 -59.511965 0.002836
527 5270.000000 9.486458 -68.822629 -59.336171 15602.012825 -59.336171 0.002852
528 5280.000000 9.372949 -68.827724 -59.454775 15415.329958 -59.454775 0.002859
529 5290.000000 9.810317 -68.869428 -59.059111 16134.650990 -59.059111 0.002848
530 5300.000000 9.948733 -68.951349 -59.002616 16362.299257 -59.002616 0.002817
531 5310.000000 10.115240 -69.011972 -58.896732 16636.146231 -58.896732 0.002787
532 5320.000000 9.468521 -69.046020 -59.577500 15572.512629 -59.577500 0.002761
533 5330.000000 9.808947 -69.037787 -59.228840 16132.397920 -59.228840 0.002741
534 5340.000000 9.464899 -69.003770 -59.538870 15566.556498 -59.538870 0.002725
535 5350.000000 9.458991 -68.970275 -59.511284 15556.839854 -59.511284 0.002711
536 5360.000000 9.208692 -68.933110 -59.724417 15145.182263 -59.724417 0.002710
537 5370.000000 9.416429 -68.890463 -59.474033 15486.839124 -59.474033 0.002718
538 5380.000000 9.499057 -68.857201 -59.358144 15622.734268 -59.358144 0.002727
539 5390.000000 9.470639 -68.804825 -59.334186 15575.996379 -59.334186 0.002742
540 5400.000000 9.814348 -68.735907 -58.921558 16141.281600 -58.921558 0.002759
541 5410.000000 10.157191 -68.679619 -58.522428 16705.141742 -58.522428 0.002773
542 5420.000000 9.488770 -68.659773 -59.171002 15605.816113 -59.171002 0.002774
543 5430.000000 9.501157 -68.649005 -59.147848 15626.188534 -59.147848 0.002770
544 5440.000000 9.368973 -68.657792 -59.288819 15408.789627 -59.288819 0.002756
545 5450.000000 9.454901 -68.663853 -59.208953 15550.111904 -59.208953 0.002737
546 5460.000000 9.665905 -68.657065 -58.991160 15897.143060 -58.991160 0.002709
547 5470.000000 9.414182 -68.635252 -59.221070 15483.143345 -59.221070 0.002681
548 5480.000000 9.348926 -68.615305 -59.266380 15375.818905 -59.266380 0.002657
549 5490.000000 8.864144 -68.578026 -59.713882 14578.517298 -59.713882 0.002643
550 5500.000000 8.965767 -68.538699 -59.572932 14745.652227 -59.572932 0.002629
551 5510.000000 8.894646 -68.520941 -59.626295 14628.682597 -59.626295 0.002619
552 5520.000000 9.038988 -68.510110 -59.471123 14866.075783 -59.471123 0.002619
553 5530.000000 9.338717 -68.478410 -59.139693 15359.028467 -59.139693 0.002634
554 5540.000000 9.136957 -68.439883 -59.302927 15027.201902 -59.302927 0.002665
555 5550.000000 9.126480 -68.402894 -59.276414 15009.970931 -59.276414 0.002701
556 5560.000000 8.916439 -68.392891 -59.476452 14664.524696 -59.476452 0.002737
557 5570.000000 8.790482 -68.371153 -59.580671 14457.368272 -59.580671 0.002785
558 5580.000000 8.713376 -68.318546 -59.605170 14330.554755 -59.605170 0.002830
559 5590.000000 8.787474 -68.245593 -59.458120 14452.420200 -59.458120 0.002873
560 5600.000000 8.579204 -68.209047 -59.629843 14109.886545 -59.629843 0.002902
561 5610.000000 8.836714 -68.243338 -59.406624 14533.404306 -59.406624 0.002912
562 5620.000000 9.189171 -68.292045 -59.102873 15113.076868 -59.102873 0.002908
563 5630.000000 9.106306 -68.363810 -59.257504 14976.791520 -59.257504 0.002890
564 5640.000000 9.249992 -68.437492 -59.187500 15213.105815 -59.187500 0.002864
565 5650.000000 9.713945 -68.499436 -58.785491 15976.152589 -58.785491 0.002827
566 5660.000000 9.328416 -68.533497 -59.205081 15342.087983 -59.205081 0.002789
567 5670.000000 9.007913 -68.542562 -59.534649 14814.968079 -59.534649 0.002745
568 5680.000000 9.132727 -68.542800 -59.410073 15020.245290 -59.410073 0.002705
569 5690.000000 9.474223 -68.531320 -59.057097 15581.891067 -59.057097 0.002667
570 5700.000000 9.299902 -68.534595 -59.234693 15295.191696 -59.234693 0.002624
571 5710.000000 9.033094 -68.556465 -59.523371 14856.382445 -59.523371 0.002584
572 5720.000000 9.584432 -68.570577 -58.986145 15763.147261 -58.986145 0.002548
573 5730.000000 9.917225 -68.546099 -58.628874 16310.478378 -58.628874 0.002528
574 5740.000000 10.096347 -68.522864 -58.426517 16605.074183 -58.426517 0.002506
575 5750.000000 9.846584 -68.539723 -58.693140 16194.297663 -58.693140 0.002475
576 5760.000000 9.769259 -68.606040 -58.836781 16067.124825 -58.836781 0.002437
577 5770.000000 9.998215 -68.670142 -58.671928 16443.679445 -58.671928 0.002405
578 5780.000000 10.229973 -68.706157 -58.476184 16824.843803 -58.476184 0.002384
579 5790.000000 10.496266 -68.722634 -58.226368 17262.805499 -58.226368 0.002380
580 5800.000000 10.553554 -68.725957 -58.172403 17357.025556 -58.172403 0.002392
581 5810.000000 10.692798 -68.722987 -58.030190 17586.033466 -58.030190 0.002426
582 5820.000000 10.866275 -68.716449 -57.850174 17871.345900 -57.850174 0.002473
583 5830.000000 10.752219 -68.717624 -57.965405 17683.761648 -57.965405 0.002524
584 5840.000000 11.189415 -68.742143 -57.552728 18402.800904 -57.552728 0.002569
585 5850.000000 10.740030 -68.775436 -58.035406 17663.714180 -58.035406 0.002613
586 5860.000000 10.828395 -68.762738 -57.934342 17809.045769 -57.934342 0.002670
587 5870.000000 10.611409 -68.707223 -58.095815 17452.176045 -58.095815 0.002737
588 5880.000000 10.708506 -68.633172 -57.924666 17611.868841 -57.924666 0.002804
589 5890.000000 10.570097 -68.584800 -58.014703 17384.233119 -58.014703 0.002857
590 5900.000000 10.616597 -68.570773 -57.954176 17460.709019 -57.954176 0.002895
591 5910.000000 10.687846 -68.584142 -57.896296 17577.889612 -57.896296 0.002911
592 5920.000000 10.255557 -68.582318 -58.326760 16866.920977 -58.326760 0.002919
593 5930.000000 10.404590 -68.553606 -58.149015 17112.030266 -58.149015 0.002917
594 5940.000000 10.028537 -68.515802 -58.487265 16493.549288 -58.487265 0.002909
595 5950.000000 10.328342 -68.461591 -58.133249 16986.627407 -58.133249 0.002901
596 5960.000000 9.928797 -68.407093 -58.478296 16329.511142 -58.478296 0.002886
597 5970.000000 10.119141 -68.318546 -58.199405 16642.562538 -58.199405 0.002880
598 5980.000000 9.916522 -68.267256 -58.350735 16309.322547 -58.350735 0.002872
599 5990.000000 10.112132 -68.259539 -58.147408 16631.034254 -58.147408 0.002857
600 6000.000000 10.016398 -68.266740 -58.250342 16473.585239 -58.250342 0.002851
601 6010.000000 9.854462 -68.284199 -58.429737 16207.255640 -58.429737 0.002847
602 6020.000000 10.023999 -68.283352 -58.259353 16486.086654 -58.259353 0.002858
603 6030.000000 10.361885 -68.264613 -57.902728 17041.793733 -57.902728 0.002872
604 6040.000000 10.512130 -68.233490 -57.721360 17288.896940 -57.721360 0.002880
605 6050.000000 10.597470 -68.222568 -57.625098 17429.251343 -57.625098 0.002875
606 6060.000000 10.236106 -68.222128 -57.986022 16834.929977 -57.986022 0.002865
607 6070.000000 10.291619 -68.254074 -57.962455 16926.229662 -57.962455 0.002839
608 6080.000000 10.503265 -68.278033 -57.774767 17274.317294 -57.774767 0.002810
609 6090.000000 10.799481 -68.272817 -57.473336 17761.491922 -57.473336 0.002785
610 6100.000000 10.906925 -68.253963 -57.347038 17938.201034 -57.347038 0.002768
611 6110.000000 10.846400 -68.230394 -57.383994 17838.657784 -57.383994 0.002753
612 6120.000000 10.750196 -68.244455 -57.494259 17680.434471 -57.494259 0.002738
613 6130.000000 10.597735 -68.248699 -57.650964 17429.688022 -57.650964 0.002725
614 6140.000000 10.853307 -68.288301 -57.434995 17850.016523 -57.434995 0.002707
615 6150.000000 10.708664 -68.309915 -57.601252 17612.127635 -57.601252 0.002695
616 6160.000000 11.088393 -68.311886 -57.223493 18236.653844 -57.223493 0.002695
617 6170.000000 10.853289 -68.325932 -57.472644 17849.987075 -57.472644 0.002695
618 6180.000000 10.771738 -68.351791 -57.580054 17715.863031 -57.580054 0.002690
619 6190.000000 10.912086 -68.376635 -57.464549 17946.688144 -57.464549 0.002691
620 6200.000000 10.529911 -68.428125 -57.898214 17318.139381 -57.898214 0.002682
621 6210.000000 10.923518 -68.499850 -57.576333 17965.489634 -57.576333 0.002665
622 6220.000000 10.873043 -68.576265 -57.703222 17882.476443 -57.703222 0.002652
623 6230.000000 10.759707 -68.658141 -57.898434 17696.076759 -57.898434 0.002639
624 6240.000000 10.815408 -68.744635 -57.929227 17787.686042 -57.929227 0.002620
625 6250.000000 11.162341 -68.812983 -57.650642 18358.273690 -57.650642 0.002608
626 6260.000000 11.105683 -68.835958 -57.730275 18265.090332 -57.730275 0.002610
627 6270.000000 10.407105 -68.827721 -58.420616 17116.166208 -58.420616 0.002617
628 6280.000000 10.450326 -68.805552 -58.355226 17187.249789 -58.355226 0.002633
629 6290.000000 10.751963 -68.773387 -58.021424 17683.340639 -58.021424 0.002649
630 6300.000000 10.690873 -68.730431 -58.039558 17582.867755 -58.039558 0.002675
631 6310.000000 10.520360 -68.693166 -58.172805 17302.432729 -58.172805 0.002698
632 6320.000000 10.283234 -68.648967 -58.365733 16912.439825 -58.365733 0.002724
633 6330.000000 9.970399 -68.590510 -58.620111 16397.932074 -58.620111 0.002753
634 6340.000000 9.696260 -68.526294 -58.830034 15947.065957 -58.830034 0.002783
635 6350.000000 9.711610 -68.469007 -58.757396 15972.312434 -58.757396 0.002813
636 6360.000000 9.479070 -68.421616 -58.942547 15589.861559 -58.942547 0.002843
637 6370.000000 9.700750 -68.385900 -58.685151 15954.450169 -58.685151 0.002863
638 6380.000000 9.412361 -68.355222 -58.942861 15480.148897 -58.942861 0.002873
639 6390.000000 9.138757 -68.282072 -59.143315 15030.162792 -59.143315 0.002880
640 6400.000000 9.113705 -68.254817 -59.141112 14988.960329 -59.141112 0.002869
641 6410.000000 8.893658 -68.353173 -59.459514 14627.058003 -59.459514 0.002840
642 6420.000000 9.020100 -68.471522 -59.451422 14835.011480 -59.451422 0.002817
643 6430.000000 9.400324 -68.576536 -59.176212 15460.351101 -59.176212 0.002800
644 6440.000000 9.624232 -68.653934 -59.029702 15828.604454 -59.029702 0.002781
645 6450.000000 9.581727 -68.726235 -59.144508 15758.697946 -59.144508 0.002753
646 6460.000000 9.591438 -68.772806 -59.181367 15774.670329 -59.181367 0.002722
647 6470.000000 9.487618 -68.792736 -59.305119 15603.920264 -59.305119 0.002703
648 6480.000000 9.441499 -68.806282 -59.364784 15528.070020 -59.364784 0.002684
649 6490.000000 9.402287 -68.793802 -59.391516 15463.579551 -59.391516 0.002669
650 6500.000000 9.415779 -68.764772 -59.348994 15485.769905 -59.348994 0.002662
651 6510.000000 9.421395 -68.759345 -59.337950 15495.006014 -59.337950 0.002647
652 6520.000000 9.457536 -68.769642 -59.312106 15554.446280 -59.312106 0.002627
653 6530.000000 9.071834 -68.762771 -59.690936 14920.097696 -59.690936 0.002612
654 6540.000000 9.311744 -68.732026 -59.420282 15314.668421 -59.420282 0.002607
655 6550.000000 9.327686 -68.678188 -59.350502 15340.887443 -59.350502 0.002610
656 6560.000000 9.160789 -68.630395 -59.469606 15066.397003 -59.469606 0.002612
657 6570.000000 8.921877 -68.599695 -59.677817 14673.468888 -59.677817 0.002619
658 6580.000000 8.994896 -68.543863 -59.548967 14793.559470 -59.548967 0.002630
659 6590.000000 9.070691 -68.481797 -59.411107 14918.216479 -59.411107 0.002645
660 6600.000000 8.954005 -68.426542 -59.472537 14726.307256 -59.472537 0.002653
661 6610.000000 9.270644 -68.400630 -59.129986 15247.072008 -59.129986 0.002654
662 6620.000000 9.380407 -68.400685 -59.020278 15427.594307 -59.020278 0.002652
663 6630.000000 9.593063 -68.399797 -58.806734 15777.342600 -58.806734 0.002647
664 6640.000000 9.716450 -68.377874 -58.661423 15980.272399 -58.661423 0.002641
665 6650.000000 9.335809 -68.337211 -59.001402 15354.246254 -59.001402 0.002651
666 6660.000000 9.005048 -68.278396 -59.273349 14810.255951 -59.273349 0.002667
667 6670.000000 9.365869 -68.205726 -58.839857 15403.684612 -58.839857 0.002684
668 6680.000000 9.109284 -68.132618 -59.023333 14981.689846 -59.023333 0.002699
669 6690.000000 9.171882 -68.089650 -58.917768 15084.641605 -58.917768 0.002709
670 6700.000000 8.976235 -68.107149 -59.130914 14762.868986 -59.130914 0.002698
671 6710.000000 8.980232 -68.152259 -59.172027 14769.443403 -59.172027 0.002679
672 6720.000000 8.943996 -68.208192 -59.264196 14709.846781 -59.264196 0.002656
673 6730.000000 8.536504 -68.255678 -59.719174 14039.660073 -59.719174 0.002638
674 6740.000000 8.985944 -68.290960 -59.305016 14778.836365 -59.305016 0.002623
675 6750.000000 9.023105 -68.292131 -59.269027 14839.953888 -59.269027 0.002625
676 6760.000000 9.148369 -68.262540 -59.114171 15045.970950 -59.114171 0.002644
677 6770.000000 9.116649 -68.225735 -59.109086 14993.802423 -59.109086 0.002664
678 6780.000000 9.233694 -68.174244 -58.940550 15186.301304 -58.940550 0.002692
679 6790.000000 8.853730 -68.105419 -59.251688 14561.390210 -59.251688 0.002724
680 6800.000000 8.488617 -68.030841 -59.542224 13960.901900 -59.542224 0.002758
681 6810.000000 8.713200 -68.061885 -59.348685 14330.265471 -59.348685 0.002771
682 6820.000000 9.016571 -68.201881 -59.185310 14829.207463 -59.185310 0.002761
683 6830.000000 9.208182 -68.290137 -59.081955 15144.342934 -59.081955 0.002756
684 6840.000000 9.335109 -68.346958 -59.011849 15353.094654 -59.011849 0.002756
685 6850.000000 9.452028 -68.363502 -58.911474 15545.387544 -58.911474 0.002768
686 6860.000000 9.070477 -68.360948 -59.290471 14917.864699 -59.290471 0.002779
687 6870.000000 8.790802 -68.343380 -59.552578 14457.893764 -59.552578 0.002790
688 6880.000000 8.646337 -68.309278 -59.662942 14220.298288 -59.662942 0.002798
689 6890.000000 8.694959 -68.283339 -59.588380 14300.264297 -59.588380 0.002799
690 6900.000000 8.361636 -68.295700 -59.934064 13752.061476 -59.934064 0.002797
691 6910.000000 8.693210 -68.314403 -59.621192 14297.388928 -59.621192 0.002789
692 6920.000000 8.707470 -68.342992 -59.635522 14320.841693 -59.635522 0.002774
693 6930.000000 9.019334 -68.369592 -59.350258 14833.752010 -59.350258 0.002759
694 6940.000000 8.832896 -68.382956 -59.550060 14527.125395 -59.550060 0.002754
695 6950.000000 8.561711 -68.381799 -59.820089 14081.116746 -59.820089 0.002756
696 6960.000000 8.626140 -68.367627 -59.741487 14187.080323 -59.741487 0.002766
697 6970.000000 8.171139 -68.386755 -60.215616 13438.759173 -60.215616 0.002762
698 6980.000000 8.217230 -68.403929 -60.186699 13514.562318 -60.186699 0.002761
699 6990.000000 7.998110 -68.417372 -60.419262 13154.184420 -60.419262 0.002756
700 7000.000000 7.761795 -68.438302 -60.676507 12765.525890 -60.676507 0.002754
701 7010.000000 7.719663 -68.452154 -60.732491 12696.233881 -60.732491 0.002753
702 7020.000000 8.333762 -68.485306 -60.151544 13706.218365 -60.151544 0.002743
703 7030.000000 8.188574 -68.529720 -60.341145 13467.433283 -60.341145 0.002721
704 7040.000000 8.339262 -68.566705 -60.227443 13715.263584 -60.227443 0.002707
705 7050.000000 7.949882 -68.605084 -60.655202 13074.865638 -60.655202 0.002695
706 7060.000000 7.944139 -68.641968 -60.697829 13065.419870 -60.697829 0.002681
707 7070.000000 8.494478 -68.678570 -60.184091 13970.542217 -60.184091 0.002667
708 7080.000000 8.390399 -68.705672 -60.315274 13799.366545 -60.315274 0.002668
709 7090.000000 8.680669 -68.723790 -60.043122 14276.762199 -60.043122 0.002676
710 7100.000000 8.641996 -68.724222 -60.082226 14213.158064 -60.082226 0.002697
711 7110.000000 8.940122 -68.689515 -59.749394 14703.474745 -59.749394 0.002729
712 7120.000000 8.835643 -68.625568 -59.789925 14531.642764 -59.789925 0.002768
713 7130.000000 8.678682 -68.531473 -59.852790 14273.495576 -59.852790 0.002815
714 7140.000000 8.798654 -68.471697 -59.673043 14470.808659 -59.673043 0.002859
715 7150.000000 9.043328 -68.436668 -59.393340 14873.213830 -59.393340 0.002900
716 7160.000000 8.861897 -68.354291 -59.492393 14574.822409 -59.492393 0.002946
717 7170.000000 8.635711 -68.295596 -59.659885 14202.822212 -59.659885 0.002980
718 7180.000000 8.785689 -68.368416 -59.582727 14449.485995 -59.582727 0.002987
719 7190.000000 8.896161 -68.484720 -59.588559 14631.174745 -59.588559 0.002969
720 7200.000000 9.207562 -68.559487 -59.351925 15143.323544 -59.351925 0.002950
721 7210.000000 9.143933 -68.568156 -59.424223 15038.675315 -59.424223 0.002936
722 7220.000000 9.214305 -68.549067 -59.334761 15154.414274 -59.334761 0.002937
723 7230.000000 9.319846 -68.529252 -59.209406 15327.992941 -59.209406 0.002939
724 7240.000000 9.617647 -68.542825 -58.925179 15817.773870 -58.925179 0.002931
725 7250.000000 9.893006 -68.558062 -58.665056 16270.647292 -58.665056 0.002915
726 7260.000000 9.876243 -68.547109 -58.670865 16243.077950 -58.670865 0.002900
727 7270.000000 9.847708 -68.511088 -58.663380 16196.147406 -58.663380 0.002886
728 7280.000000 9.450927 -68.432520 -58.981594 15543.576365 -58.981594 0.002884
729 7290.000000 9.183703 -68.322460 -59.138757 15104.083541 -59.138757 0.002899
730 7300.000000 9.526819 -68.215580 -58.688761 15668.393346 -58.688761 0.002919
731 7310.000000 9.711545 -68.126992 -58.415446 15972.205445 -58.415446 0.002934
732 7320.000000 10.014274 -68.102212 -58.087938 16470.091735 -58.087938 0.002931
733 7330.000000 10.026498 -68.120836 -58.094338 16490.196228 -58.094338 0.002917
734 7340.000000 9.890064 -68.194225 -58.304161 16265.807979 -58.304161 0.002894
735 7350.000000 9.750509 -68.307392 -58.556883 16036.286955 -58.556883 0.002858
736 7360.000000 9.593280 -68.391880 -58.798600 15777.698690 -58.798600 0.002825
737 7370.000000 9.573357 -68.436829 -58.863472 15744.932626 -58.863472 0.002796
738 7380.000000 9.576418 -68.455681 -58.879262 15749.967367 -58.879262 0.002770
739 7390.000000 9.458475 -68.456970 -58.998495 15555.991044 -58.998495 0.002741
740 7400.000000 9.587167 -68.484357 -58.897190 15767.645168 -58.897190 0.002707
741 7410.000000 9.547332 -68.490455 -58.943124 15702.130043 -58.943124 0.002681
742 7420.000000 9.588194 -68.492685 -58.904491 15769.334697 -58.904491 0.002658
743 7430.000000 10.033308 -68.517064 -58.483756 16501.396323 -58.483756 0.002628
744 7440.000000 9.769172 -68.543951 -58.774779 16066.982702 -58.774779 0.002601
745 7450.000000 9.868061 -68.581579 -58.713518 16229.621125 -58.713518 0.002579
746 7460.000000 9.981016 -68.622440 -58.641424 16415.393259 -58.641424 0.002563
747 7470.000000 9.560236 -68.654018 -59.093782 15723.353271 -59.093782 0.002564
748 7480.000000 9.470537 -68.670777 -59.200240 15575.827916 -59.200240 0.002572
749 7490.000000 9.516666 -68.663782 -59.147116 15651.695666 -59.147116 0.002597
750 7500.000000 8.921230 -68.624425 -59.703195 14672.405112 -59.703195 0.002630
751 7510.000000 8.800430 -68.537176 -59.736745 14473.729759 -59.736745 0.002675
752 7520.000000 8.652134 -68.430086 -59.777953 14229.831858 -59.777953 0.002719
753 7530.000000 8.464066 -68.469949 -60.005883 13920.523854 -60.005883 0.002735
754 7540.000000 8.387383 -68.582595 -60.195211 13794.407417 -60.195211 0.002732
755 7550.000000 8.628746 -68.674190 -60.045444 14191.366776 -60.045444 0.002727
756 7560.000000 8.544243 -68.734682 -60.190438 14052.388837 -60.190438 0.002730
757 7570.000000 8.718216 -68.758204 -60.039988 14338.515051 -60.039988 0.002743
758 7580.000000 8.598890 -68.761751 -60.162862 14142.263661 -60.162862 0.002756
759 7590.000000 8.585282 -68.747972 -60.162690 14119.883562 -60.162690 0.002768
760 7600.000000 8.671617 -68.714482 -60.042866 14261.874655 -60.042866 0.002788
761 7610.000000 8.856222 -68.689256 -59.833034 14565.487787 -59.833034 0.002801
762 7620.000000 8.683161 -68.696376 -60.013215 14280.861512 -60.013215 0.002801
763 7630.000000 9.144659 -68.691248 -59.546589 15039.868760 -59.546589 0.002805
764 7640.000000 8.727969 -68.656858 -59.928890 14354.555015 -59.928890 0.002822
765 7650.000000 8.518417 -68.598665 -60.080248 14009.912973 -60.080248 0.002848
766 7660.000000 8.265360 -68.525270 -60.259910 13593.719788 -60.259910 0.002873
767 7670.000000 8.218470 -68.473813 -60.255344 13516.601414 -60.255344 0.002881
768 7680.000000 8.639331 -68.426038 -59.786706 14208.776396 -59.786706 0.002885
769 7690.000000 8.644825 -68.383300 -59.738475 14217.811293 -59.738475 0.002886
770 7700.000000 8.842989 -68.344443 -59.501454 14543.724308 -59.501454 0.002883
771 7710.000000 8.780226 -68.296423 -59.516197 14440.500972 -59.516197 0.002884
772 7720.000000 8.638213 -68.270580 -59.632367 14206.936823 -59.632367 0.002880
773 7730.000000 8.950610 -68.283409 -59.332799 14720.724983 -59.332799 0.002865
774 7740.000000 8.693375 -68.344315 -59.650940 14297.659998 -59.650940 0.002837
775 7750.000000 8.632101 -68.397660 -59.765559 14196.885217 -59.765559 0.002822
776 7760.000000 9.049134 -68.444616 -59.395482 14882.762872 -59.395482 0.002798
777 7770.000000 9.417774 -68.483303 -59.065529 15489.051800 -59.065529 0.002772
778 7780.000000 9.441636 -68.504703 -59.063067 15528.296047 -59.063067 0.002751
779 7790.000000 9.181094 -68.498057 -59.316963 15099.792473 -59.316963 0.002734
780 7800.000000 9.109749 -68.463793 -59.354045 14982.453574 -59.354045 0.002729
781 7810.000000 9.268880 -68.418153 -59.149273 15244.170479 -59.149273 0.002745
782 7820.000000 8.840326 -68.359002 -59.518676 14539.344235 -59.518676 0.002766
783 7830.000000 8.306874 -68.268948 -59.962074 13661.996355 -59.962074 0.002801
784 7840.000000 7.903911 -68.178386 -60.274475 12999.259335 -60.274475 0.002831
785 7850.000000 8.241846 -68.201846 -59.960001 13555.046824 -59.960001 0.002834
786 7860.000000 8.612365 -68.326573 -59.714208 14164.425991 -59.714208 0.002804
787 7870.000000 8.556025 -68.429693 -59.873668 14071.765884 -59.873668 0.002773
788 7880.000000 8.514331 -68.493892 -59.979561 14003.192695 -59.979561 0.002752
789 7890.000000 8.414252 -68.510825 -60.096573 13838.597378 -60.096573 0.002747
790 7900.000000 8.701502 -68.510077 -59.808575 14311.025551 -59.808575 0.002746
791 7910.000000 8.902571 -68.500727 -59.598156 14641.716336 -59.598156 0.002745
792 7920.000000 9.097954 -68.479888 -59.381935 14963.054663 -59.381935 0.002750
793 7930.000000 9.399059 -68.450752 -59.051693 15458.271509 -59.051693 0.002763
794 7940.000000 9.266810 -68.425882 -59.159071 15240.767175 -59.159071 0.002770
795 7950.000000 9.325394 -68.408035 -59.082641 15337.117890 -59.082641 0.002777
796 7960.000000 9.405608 -68.352895 -58.947287 15469.041377 -58.947287 0.002799
797 7970.000000 9.361481 -68.300945 -58.939464 15396.467615 -58.939464 0.002826
798 7980.000000 9.558759 -68.271451 -58.712691 15720.924215 -58.712691 0.002859
799 7990.000000 9.467136 -68.264218 -58.797082 15570.235439 -58.797082 0.002891
800 8000.000000 9.161975 -68.245514 -59.083539 15068.348400 -59.083539 0.002929
801 8010.000000 9.435981 -68.220771 -58.784790 15518.995120 -58.784790 0.002962
802 8020.000000 9.555095 -68.257014 -58.701919 15714.897775 -58.701919 0.002977
803 8030.000000 9.271387 -68.378418 -59.107030 15248.294360 -59.107030 0.002966
804 8040.000000 9.067344 -68.525127 -59.457783 14912.712078 -59.457783 0.002926
805 8050.000000 9.134177 -68.614780 -59.480603 15022.629865 -59.480603 0.002903
806 8060.000000 9.152459 -68.678433 -59.525974 15052.698168 -59.525974 0.002879
807 8070.000000 9.258568 -68.708192 -59.449624 15227.211701 -59.449624 0.002872
808 8080.000000 9.439327 -68.720143 -59.280815 15524.499277 -59.280815 0.002871
809 8090.000000 9.720528 -68.764535 -59.044007 15986.979404 -59.044007 0.002863
810 8100.000000 9.475226 -68.814333 -59.339107 15583.540511 -59.339107 0.002861
811 8110.000000 9.672635 -68.853412 -59.180777 15908.210878 -59.180777 0.002859
812 8120.000000 9.614124 -68.843847 -59.229724 15811.979632 -59.229724 0.002867
813 8130.000000 9.738481 -68.813276 -59.074796 16016.504887 -59.074796 0.002886
814 8140.000000 9.675569 -68.756675 -59.081105 15913.037194 -59.081105 0.002910
815 8150.000000 9.259804 -68.659956 -59.400152 15229.244372 -59.400152 0.002946
816 8160.000000 9.003059 -68.625796 -59.622737 14806.985404 -59.622737 0.002963
817 8170.000000 9.576132 -68.621597 -59.045465 15749.496821 -59.045465 0.002966
818 8180.000000 9.284617 -68.636799 -59.352182 15270.053083 -59.352182 0.002954
819 8190.000000 9.424804 -68.649105 -59.224301 15500.613418 -59.224301 0.002933
820 8200.000000 9.463731 -68.649990 -59.186259 15564.634723 -59.186259 0.002901
821 8210.000000 9.477833 -68.628315 -59.150482 15587.827501 -59.150482 0.002870
822 8220.000000 9.386369 -68.592848 -59.206478 15437.400914 -59.206478 0.002838
823 8230.000000 9.486659 -68.561119 -59.074460 15602.343866 -59.074460 0.002818
824 8240.000000 9.484360 -68.545953 -59.061592 15598.562895 -59.061592 0.002792
825 8250.000000 9.315590 -68.519537 -59.203947 15320.992936 -59.203947 0.002766
826 8260.000000 9.299063 -68.487642 -59.188579 15293.811003 -59.188579 0.002751
827 8270.000000 9.391825 -68.467235 -59.075410 15446.373961 -59.075410 0.002737
828 8280.000000 8.991294 -68.445138 -59.453844 14787.635776 -59.453844 0.002732
829 8290.000000 8.877377 -68.435061 -59.557683 14600.281353 -59.557683 0.002733
830 8300.000000 8.959580 -68.427598 -59.468019 14735.476373 -59.468019 0.002736
831 8310.000000 8.570806 -68.418642 -59.847837 14096.074729 -59.847837 0.002736
832 8320.000000 8.189345 -68.412553 -60.223208 13468.700541 -60.223208 0.002738
833 8330.000000 8.138717 -68.424187 -60.285470 13385.435597 -60.285470 0.002727
834 8340.000000 8.262796 -68.457808 -60.195013 13589.502629 -60.195013 0.002712
835 8350.000000 8.343826 -68.488828 -60.145002 13722.770148 -60.145002 0.002696
836 8360.000000 8.239255 -68.507156 -60.267901 13550.786499 -60.267901 0.002689
837 8370.000000 8.090306 -68.480024 -60.389719 13305.814738 -60.389719 0.002698
838 8380.000000 8.292927 -68.399974 -60.107048 13639.058034 -60.107048 0.002714
839 8390.000000 8.128669 -68.313462 -60.184793 13368.908896 -60.184793 0.002733
840 8400.000000 8.030952 -68.252798 -60.221847 13208.197453 -60.221847 0.002743
841 8410.000000 7.882646 -68.278784 -60.396137 12964.285640 -60.396137 0.002731
842 8420.000000 8.102597 -68.346013 -60.243416 13326.029733 -60.243416 0.002714
843 8430.000000 8.241869 -68.409155 -60.167286 13555.084680 -60.167286 0.002697
844 8440.000000 8.294752 -68.449612 -60.154860 13642.060472 -60.154860 0.002687
845 8450.000000 8.668855 -68.468211 -59.799356 14257.333054 -59.799356 0.002689
846 8460.000000 8.460779 -68.454825 -59.994046 13915.117900 -59.994046 0.002704
847 8470.000000 8.613349 -68.416254 -59.802905 14166.044974 -59.802905 0.002732
848 8480.000000 8.624423 -68.369742 -59.745320 14184.256613 -59.745320 0.002760
849 8490.000000 8.282513 -68.334908 -60.052395 13621.931441 -60.052395 0.002781
850 8500.000000 8.212771 -68.324203 -60.111431 13507.229733 -60.111431 0.002797
851 8510.000000 8.441834 -68.320631 -59.878797 13883.960352 -59.878797 0.002809
852 8520.000000 8.482524 -68.313821 -59.831297 13950.880635 -59.831297 0.002824
853 8530.000000 8.480631 -68.337157 -59.856526 13947.768051 -59.856526 0.002830
854 8540.000000 8.487959 -68.371418 -59.883459 13959.820304 -59.883459 0.002837
855 8550.000000 8.199187 -68.400026 -60.200838 13484.888512 -60.200838 0.002850
856 8560.000000 8.045937 -68.436354 -60.390417 13232.843617 -60.390417 0.002866
857 8570.000000 8.307177 -68.472730 -60.165554 13662.494358 -60.165554 0.002877
858 8580.000000 8.641245 -68.514622 -59.873377 14211.923034 -59.873377 0.002882
859 8590.000000 8.414639 -68.544546 -60.129907 13839.233592 -60.129907 0.002885
