# istep , time , K , V , E , T , H_eff, P
1 10.000000 6.108840 -68.961732 -62.852891 10046.974983 -62.852891 0.002735
2 20.000000 6.111106 -68.919001 -62.807895 10050.700659 -62.807895 0.002772
3 30.000000 6.467382 -68.883961 -62.416579 10636.654675 -62.416579 0.002798
4 40.000000 6.701933 -68.857817 -62.155884 11022.411694 -62.155884 0.002809
5 50.000000 7.066196 -68.814918 -61.748723 11621.500701 -61.748723 0.002803
6 60.000000 7.320887 -68.777065 -61.456178 12040.381267 -61.456178 0.002784
7 70.000000 7.403252 -68.769405 -61.366154 12175.844017 -61.366154 0.002758
8 80.000000 7.412894 -68.802575 -61.389681 12191.702477 -61.389681 0.002725
9 90.000000 7.523060 -68.815749 -61.292689 12372.888234 -61.292689 0.002694
10 100.000000 7.691760 -68.814225 -61.122465 12650.341555 -61.122465 0.002667
11 110.000000 7.957644 -68.782961 -60.825316 13087.632106 -60.825316 0.002664
12 120.000000 8.458757 -68.716770 -60.258013 13911.792449 -60.258013 0.002680
13 130.000000 8.175215 -68.622490 -60.447275 13445.461795 -60.447275 0.002707
14 140.000000 7.824966 -68.518393 -60.693428 12869.420803 -60.693428 0.002737
15 150.000000 7.877042 -68.452617 -60.575574 12955.069098 -60.575574 0.002759
16 160.000000 8.019601 -68.398297 -60.378695 13189.530140 -60.378695 0.002776
17 170.000000 8.082371 -68.360634 -60.278263 13292.764733 -60.278263 0.002788
18 180.000000 8.305779 -68.320503 -60.014723 13660.196354 -60.014723 0.002797
19 190.000000 8.346996 -68.308355 -59.961359 13727.984118 -59.961359 0.002791
20 200.000000 8.343719 -68.294073 -59.950354 13722.594012 -59.950354 0.002778
21 210.000000 8.372999 -68.286779 -59.913780 13770.750407 -59.913780 0.002769
22 220.000000 8.426942 -68.288125 -59.861183 13859.467648 -59.861183 0.002758
23 230.000000 8.493546 -68.290565 -59.797019 13969.008483 -59.797019 0.002747
24 240.000000 8.759264 -68.273748 -59.514484 14406.025673 -59.514484 0.002740
25 250.000000 8.681719 -68.221818 -59.540100 14278.489389 -59.540100 0.002741
26 260.000000 8.799165 -68.132703 -59.333538 14471.648448 -59.333538 0.002746
27 270.000000 8.819207 -68.045973 -59.226766 14504.610973 -59.226766 0.002741
28 280.000000 8.571309 -68.042537 -59.471228 14096.903133 -59.471228 0.002720
29 290.000000 8.650918 -68.136149 -59.485231 14227.831789 -59.485231 0.002687
30 300.000000 8.581196 -68.234154 -59.652958 14113.163021 -59.652958 0.002641
31 310.000000 8.701676 -68.308337 -59.606661 14311.312797 -59.606661 0.002603
32 320.000000 8.797584 -68.355956 -59.558372 14469.049147 -59.558372 0.002579
33 330.000000 8.993077 -68.392375 -59.399298 14790.567707 -59.399298 0.002567
34 340.000000 9.052506 -68.408199 -59.355693 14888.309518 -59.355693 0.002567
35 350.000000 8.929170 -68.408607 -59.479437 14685.462720 -59.479437 0.002574
36 360.000000 9.055460 -68.377308 -59.321847 14893.167815 -59.321847 0.002590
37 370.000000 8.857980 -68.309853 -59.451873 14568.378636 -59.451873 0.002619
38 380.000000 8.745709 -68.252686 -59.506978 14383.730854 -59.506978 0.002645
39 390.000000 8.804402 -68.240357 -59.435955 14480.261468 -59.435955 0.002665
40 400.000000 8.827538 -68.295852 -59.468314 14518.312679 -59.468314 0.002673
41 410.000000 8.691167 -68.333005 -59.641838 14294.028978 -59.641838 0.002678
42 420.000000 8.864938 -68.336502 -59.471564 14579.822895 -59.471564 0.002685
43 430.000000 8.613266 -68.328830 -59.715564 14165.908120 -59.715564 0.002699
44 440.000000 8.882691 -68.360125 -59.477434 14609.021105 -59.477434 0.002701
45 450.000000 9.205653 -68.410558 -59.204905 15140.183841 -59.204905 0.002694
46 460.000000 8.940002 -68.430295 -59.490293 14703.278657 -59.490293 0.002683
47 470.000000 8.697315 -68.399721 -59.702405 14304.140404 -59.702405 0.002679
48 480.000000 8.430277 -68.329943 -59.899665 13864.952870 -59.899665 0.002683
49 490.000000 8.643699 -68.301274 -59.657575 14215.959606 -59.657575 0.002681
50 500.000000 8.511701 -68.345864 -59.834163 13998.866877 -59.834163 0.002667
51 510.000000 8.644648 -68.468238 -59.823590 14217.520000 -59.823590 0.002633
52 520.000000 9.021789 -68.571872 -59.550083 14837.789497 -59.550083 0.002598
53 530.000000 9.117014 -68.632166 -59.515151 14994.403329 -59.515151 0.002570
54 540.000000 9.315596 -68.664705 -59.349109 15321.002625 -59.349109 0.002551
55 550.000000 9.417040 -68.683040 -59.266000 15487.843996 -59.266000 0.002545
56 560.000000 9.568320 -68.680691 -59.112371 15736.649062 -59.112371 0.002545
57 570.000000 9.243518 -68.674373 -59.430855 15202.459778 -59.430855 0.002554
58 580.000000 8.882626 -68.644002 -59.761376 14608.913956 -59.761376 0.002575
59 590.000000 8.951560 -68.635309 -59.683750 14722.286168 -59.683750 0.002601
60 600.000000 9.254871 -68.671477 -59.416606 15221.130193 -59.416606 0.002615
61 610.000000 9.044428 -68.708909 -59.664481 14875.023931 -59.664481 0.002624
62 620.000000 9.523214 -68.725590 -59.202376 15662.464902 -59.202376 0.002637
63 630.000000 9.619411 -68.736513 -59.117103 15820.675027 -59.117103 0.002645
64 640.000000 9.230005 -68.717009 -59.487004 15180.234401 -59.487004 0.002668
65 650.000000 8.875743 -68.679299 -59.803556 14597.594122 -59.803556 0.002703
66 660.000000 8.660333 -68.638120 -59.977788 14243.316530 -59.977788 0.002743
67 670.000000 8.843761 -68.627718 -59.783957 14544.993911 -59.783957 0.002777
68 680.000000 9.102863 -68.650577 -59.547714 14971.129076 -59.547714 0.002807
69 690.000000 9.337192 -68.718776 -59.381584 15356.520797 -59.381584 0.002829
70 700.000000 9.203892 -68.772032 -59.568140 15137.288163 -59.568140 0.002846
71 710.000000 8.872561 -68.765056 -59.892495 14592.360679 -59.892495 0.002856
72 720.000000 8.687961 -68.693471 -60.005510 14288.755143 -60.005510 0.002880
73 730.000000 8.542673 -68.586356 -60.043683 14049.806221 -60.043683 0.002899
74 740.000000 8.592467 -68.478359 -59.885892 14131.699803 -59.885892 0.002901
75 750.000000 8.775888 -68.360526 -59.584638 14433.365944 -59.584638 0.002884
76 760.000000 9.116142 -68.399223 -59.283081 14992.968731 -59.283081 0.002827
77 770.000000 9.284171 -68.513004 -59.228833 15269.318939 -59.228833 0.002756
78 780.000000 9.558420 -68.570305 -59.011885 15720.366231 -59.011885 0.002692
79 790.000000 9.506561 -68.539498 -59.032937 15635.075630 -59.032937 0.002653
80 800.000000 9.660089 -68.480221 -58.820132 15887.577544 -58.820132 0.002631
81 810.000000 9.962965 -68.426009 -58.463043 16385.706606 -58.463043 0.002609
82 820.000000 9.542945 -68.390946 -58.848001 15694.914556 -58.848001 0.002590
83 830.000000 9.618497 -68.375960 -58.757463 15819.172016 -58.757463 0.002577
84 840.000000 9.731110 -68.387983 -58.656873 16004.383361 -58.656873 0.002568
85 850.000000 9.932219 -68.425647 -58.493428 16335.138870 -58.493428 0.002565
86 860.000000 9.995984 -68.465518 -58.469534 16440.010130 -58.469534 0.002564
87 870.000000 9.695503 -68.502389 -58.806886 15945.821346 -58.806886 0.002572
88 880.000000 9.353125 -68.519194 -59.166069 15382.725772 -59.166069 0.002588
89 890.000000 9.458128 -68.512215 -59.054087 15555.420185 -59.054087 0.002617
90 900.000000 9.244532 -68.479986 -59.235454 15204.126236 -59.235454 0.002652
91 910.000000 9.221453 -68.421896 -59.200444 15166.168710 -59.200444 0.002686
92 920.000000 8.955118 -68.365118 -59.410000 14728.138530 -59.410000 0.002716
93 930.000000 8.971156 -68.363533 -59.392377 14754.515006 -59.392377 0.002737
94 940.000000 9.192867 -68.433481 -59.240614 15119.155079 -59.240614 0.002738
95 950.000000 9.374995 -68.548494 -59.173499 15418.694840 -59.173499 0.002717
96 960.000000 9.243790 -68.647745 -59.403955 15202.905667 -59.403955 0.002695
97 970.000000 9.354150 -68.703935 -59.349785 15384.411696 -59.349785 0.002682
98 980.000000 9.551262 -68.714348 -59.163086 15708.593552 -59.163086 0.002681
99 990.000000 9.502610 -68.707181 -59.204571 15628.577887 -59.204571 0.002681
100 1000.000000 9.592847 -68.689869 -59.097022 15776.987476 -59.097022 0.002693
101 1010.000000 9.491068 -68.664170 -59.173103 15609.594748 -59.173103 0.002713
102 1020.000000 9.331666 -68.652085 -59.320420 15347.431976 -59.320420 0.002718
103 1030.000000 9.105427 -68.658001 -59.552574 14975.345599 -59.552574 0.002715
104 1040.000000 9.106078 -68.685817 -59.579739 14976.416856 -59.579739 0.002698
105 1050.000000 8.925713 -68.728257 -59.802544 14679.776851 -59.802544 0.002680
106 1060.000000 8.996743 -68.738245 -59.741502 14796.597913 -59.741502 0.002674
107 1070.000000 8.826353 -68.720572 -59.894219 14516.363704 -59.894219 0.002670
108 1080.000000 8.729344 -68.683030 -59.953685 14356.817571 -59.953685 0.002673
109 1090.000000 8.774221 -68.688537 -59.914316 14430.624759 -59.914316 0.002660
110 1100.000000 8.781517 -68.706606 -59.925090 14442.623101 -59.925090 0.002639
111 1110.000000 8.743472 -68.728760 -59.985288 14380.052805 -59.985288 0.002614
112 1120.000000 8.596298 -68.734629 -60.138332 14138.000308 -60.138332 0.002595
113 1130.000000 8.488807 -68.738254 -60.249447 13961.214019 -60.249447 0.002575
114 1140.000000 8.333114 -68.744099 -60.410985 13705.152317 -60.410985 0.002556
115 1150.000000 8.913067 -68.761421 -59.848355 14658.978125 -59.848355 0.002542
116 1160.000000 9.214943 -68.772754 -59.557811 15155.463071 -59.557811 0.002532
117 1170.000000 9.577101 -68.773006 -59.195905 15751.090203 -59.195905 0.002531
118 1180.000000 9.683917 -68.740921 -59.057004 15926.766972 -59.057004 0.002535
119 1190.000000 10.007067 -68.646875 -58.639808 16458.239351 -58.639808 0.002565
120 1200.000000 9.720597 -68.481830 -58.761233 15987.092452 -58.761233 0.002616
121 1210.000000 9.766146 -68.311419 -58.545272 16062.005458 -58.545272 0.002650
122 1220.000000 9.665166 -68.231885 -58.566719 15895.927709 -58.566719 0.002659
123 1230.000000 9.791626 -68.335402 -58.543775 16103.911655 -58.543775 0.002621
124 1240.000000 9.624044 -68.461607 -58.837563 15828.294985 -58.837563 0.002564
125 1250.000000 10.113782 -68.547968 -58.434186 16633.749038 -58.434186 0.002517
126 1260.000000 9.995259 -68.595971 -58.600712 16438.817731 -58.600712 0.002477
127 1270.000000 10.130587 -68.609906 -58.479320 16661.386532 -58.479320 0.002452
128 1280.000000 9.942846 -68.623872 -58.681026 16352.616872 -58.681026 0.002433
129 1290.000000 10.372402 -68.640273 -58.267871 17059.090970 -58.267871 0.002419
130 1300.000000 10.065947 -68.660144 -58.594196 16555.077060 -58.594196 0.002416
131 1310.000000 9.727555 -68.672605 -58.945049 15998.536432 -58.945049 0.002420
132 1320.000000 9.672766 -68.673143 -59.000378 15908.426170 -59.000378 0.002435
133 1330.000000 9.586990 -68.676503 -59.089513 15767.354846 -59.089513 0.002456
134 1340.000000 9.549878 -68.694171 -59.144292 15706.318257 -59.144292 0.002480
135 1350.000000 9.534988 -68.751803 -59.216815 15681.829233 -59.216815 0.002497
136 1360.000000 9.770058 -68.809771 -59.039713 16068.439064 -59.039713 0.002508
137 1370.000000 9.690743 -68.841578 -59.150834 15937.993362 -59.150834 0.002526
138 1380.000000 9.985028 -68.839274 -58.854246 16421.991594 -58.854246 0.002547
139 1390.000000 10.007343 -68.822699 -58.815356 16458.692172 -58.815356 0.002569
140 1400.000000 9.809856 -68.784286 -58.974430 16133.892913 -58.974430 0.002603
141 1410.000000 9.516258 -68.744798 -59.228540 15651.024016 -59.228540 0.002635
142 1420.000000 9.535277 -68.705316 -59.170038 15682.304542 -59.170038 0.002662
143 1430.000000 9.685166 -68.704220 -59.019054 15928.820295 -59.019054 0.002677
144 1440.000000 9.388459 -68.722361 -59.333902 15440.837252 -59.333902 0.002679
145 1450.000000 9.252417 -68.736708 -59.484292 15217.094462 -59.484292 0.002677
146 1460.000000 9.312101 -68.737435 -59.425333 15315.255168 -59.425333 0.002671
147 1470.000000 9.220666 -68.726224 -59.505557 15164.875754 -59.505557 0.002670
148 1480.000000 9.125737 -68.715808 -59.590071 15008.748914 -59.590071 0.002664
149 1490.000000 9.220165 -68.708483 -59.488318 15164.050638 -59.488318 0.002656
150 1500.000000 9.153395 -68.702372 -59.548976 15054.237702 -59.548976 0.002651
151 1510.000000 8.852290 -68.704351 -59.852061 14559.021592 -59.852061 0.002648
152 1520.000000 9.307119 -68.711553 -59.404434 15307.061340 -59.404434 0.002641
153 1530.000000 9.316666 -68.706523 -59.389857 15322.762978 -59.389857 0.002632
154 1540.000000 9.216824 -68.671236 -59.454412 15158.556766 -59.454412 0.002628
155 1550.000000 9.208799 -68.628815 -59.420016 15145.358276 -59.420016 0.002633
156 1560.000000 9.098285 -68.608540 -59.510255 14963.599824 -59.510255 0.002626
157 1570.000000 9.115799 -68.581341 -59.465541 14992.405162 -59.465541 0.002615
158 1580.000000 9.001002 -68.554429 -59.553427 14803.601578 -59.553427 0.002607
159 1590.000000 9.081255 -68.530889 -59.449634 14935.591308 -59.449634 0.002596
160 1600.000000 9.387110 -68.526601 -59.139492 15438.618957 -59.139492 0.002585
161 1610.000000 9.536510 -68.538927 -59.002417 15684.331144 -59.002417 0.002566
162 1620.000000 9.552021 -68.562833 -59.010812 15709.841939 -59.010812 0.002544
163 1630.000000 9.579716 -68.586999 -59.007284 15755.390413 -59.007284 0.002517
164 1640.000000 9.491141 -68.608229 -59.117088 15609.714417 -59.117088 0.002490
165 1650.000000 9.247050 -68.612497 -59.365447 15208.268596 -59.365447 0.002471
166 1660.000000 9.244071 -68.606989 -59.362918 15203.368730 -59.362918 0.002458
167 1670.000000 8.869665 -68.588083 -59.718419 14587.596836 -59.718419 0.002449
168 1680.000000 8.701517 -68.574317 -59.872800 14311.051306 -59.872800 0.002443
169 1690.000000 8.625707 -68.575233 -59.949526 14186.369037 -59.949526 0.002430
170 1700.000000 8.473619 -68.582872 -60.109253 13936.235606 -60.109253 0.002421
171 1710.000000 8.939917 -68.601970 -59.662053 14703.138631 -59.662053 0.002419
172 1720.000000 9.102707 -68.602964 -59.500258 14970.871998 -59.500258 0.002433
173 1730.000000 8.990480 -68.571364 -59.580883 14786.297510 -59.580883 0.002460
174 1740.000000 8.934403 -68.529258 -59.594855 14694.069387 -59.594855 0.002493
175 1750.000000 8.467680 -68.484057 -60.016377 13926.467608 -60.016377 0.002528
176 1760.000000 8.499704 -68.464167 -59.964463 13979.136024 -59.964463 0.002553
177 1770.000000 8.019098 -68.433350 -60.414252 13188.702643 -60.414252 0.002585
178 1780.000000 7.962886 -68.392945 -60.430059 13096.252206 -60.430059 0.002622
179 1790.000000 7.817757 -68.351325 -60.533568 12857.564159 -60.533568 0.002660
180 1800.000000 7.575257 -68.316647 -60.741390 12458.734728 -60.741390 0.002688
181 1810.000000 7.728080 -68.310109 -60.582028 12710.076854 -60.582028 0.002703
182 1820.000000 7.696218 -68.358947 -60.662729 12657.673976 -60.662729 0.002692
183 1830.000000 8.053166 -68.419663 -60.366497 13244.733598 -60.366497 0.002669
184 1840.000000 8.563201 -68.488912 -59.925711 14083.567461 -59.925711 0.002636
185 1850.000000 9.056676 -68.547900 -59.491223 14895.167760 -59.491223 0.002609
186 1860.000000 9.206993 -68.582775 -59.375782 15142.387719 -59.375782 0.002595
187 1870.000000 9.410285 -68.587564 -59.177279 15476.734614 -59.177279 0.002600
188 1880.000000 9.363640 -68.556519 -59.192879 15400.018858 -59.192879 0.002623
189 1890.000000 9.396764 -68.501028 -59.104264 15454.496750 -59.104264 0.002648
190 1900.000000 9.326458 -68.463950 -59.137492 15338.866607 -59.137492 0.002664
191 1910.000000 9.648287 -68.445322 -58.797036 15868.166508 -58.797036 0.002672
192 1920.000000 9.416415 -68.458971 -59.042556 15486.816618 -59.042556 0.002662
193 1930.000000 9.188456 -68.503200 -59.314745 15111.900233 -59.314745 0.002644
194 1940.000000 9.057323 -68.572940 -59.515617 14896.231519 -59.515617 0.002617
195 1950.000000 8.749970 -68.627493 -59.877523 14390.739547 -59.877523 0.002597
196 1960.000000 8.744612 -68.649772 -59.905161 14381.926637 -59.905161 0.002586
197 1970.000000 8.667141 -68.632585 -59.965445 14254.513163 -59.965445 0.002583
198 1980.000000 8.890783 -68.604007 -59.713224 14622.328607 -59.713224 0.002597
199 1990.000000 8.697835 -68.586827 -59.888992 14304.995907 -59.888992 0.002608
200 2000.000000 8.522232 -68.617404 -60.095172 14016.187925 -60.095172 0.002607
201 2010.000000 8.509693 -68.654258 -60.144565 13995.565445 -60.144565 0.002611
202 2020.000000 9.025495 -68.688774 -59.663279 14843.885292 -59.663279 0.002622
203 2030.000000 9.646404 -68.707150 -59.060746 15865.070461 -59.060746 0.002642
204 2040.000000 9.446527 -68.708524 -59.261997 15536.340614 -59.261997 0.002672
205 2050.000000 9.410586 -68.680175 -59.269589 15477.229097 -59.269589 0.002706
206 2060.000000 9.052131 -68.643241 -59.591110 14887.691982 -59.591110 0.002745
207 2070.000000 9.077065 -68.596838 -59.519772 14928.700558 -59.519772 0.002785
208 2080.000000 8.919424 -68.561129 -59.641705 14669.434022 -59.641705 0.002822
209 2090.000000 9.186347 -68.570096 -59.383750 15108.431281 -59.383750 0.002843
210 2100.000000 8.680189 -68.569901 -59.889712 14275.973127 -59.889712 0.002862
211 2110.000000 8.656298 -68.551730 -59.895432 14236.681443 -59.895432 0.002876
212 2120.000000 8.919012 -68.495939 -59.576927 14668.755776 -59.576927 0.002878
213 2130.000000 8.701269 -68.426838 -59.725570 14310.642424 -59.725570 0.002875
214 2140.000000 8.596951 -68.367827 -59.770876 14139.074964 -59.770876 0.002865
215 2150.000000 8.443994 -68.346023 -59.902029 13887.512478 -59.902029 0.002833
216 2160.000000 8.618430 -68.369157 -59.750727 14174.399949 -59.750727 0.002784
217 2170.000000 8.798938 -68.382268 -59.583330 14471.274943 -59.583330 0.002739
218 2180.000000 9.069634 -68.361619 -59.291985 14916.478090 -59.291985 0.002701
219 2190.000000 8.866935 -68.320693 -59.453758 14583.107785 -59.453758 0.002675
220 2200.000000 9.030342 -68.285478 -59.255136 14851.856114 -59.255136 0.002654
221 2210.000000 8.967373 -68.259665 -59.292291 14748.294382 -59.292291 0.002647
222 2220.000000 8.997327 -68.246953 -59.249625 14797.558888 -59.249625 0.002646
223 2230.000000 9.120876 -68.245988 -59.125112 15000.754596 -59.125112 0.002648
224 2240.000000 8.700557 -68.235138 -59.534582 14309.471198 -59.534582 0.002658
225 2250.000000 8.643132 -68.221352 -59.578220 14215.027270 -59.578220 0.002676
226 2260.000000 8.503962 -68.220294 -59.716332 13986.139214 -59.716332 0.002683
227 2270.000000 8.467216 -68.226018 -59.758803 13925.704234 -59.758803 0.002684
228 2280.000000 8.354141 -68.240355 -59.886214 13739.734247 -59.886214 0.002681
229 2290.000000 8.533993 -68.279203 -59.745210 14035.529771 -59.745210 0.002668
230 2300.000000 8.393172 -68.336651 -59.943479 13803.928145 -59.943479 0.002645
231 2310.000000 8.294502 -68.362205 -60.067704 13641.648167 -60.067704 0.002623
232 2320.000000 8.512696 -68.388847 -59.876151 14000.504260 -59.876151 0.002597
233 2330.000000 8.717046 -68.467735 -59.750689 14336.590772 -59.750689 0.002561
234 2340.000000 8.970778 -68.572828 -59.602050 14753.893395 -59.602050 0.002525
235 2350.000000 8.537375 -68.648363 -60.110988 14041.093027 -60.110988 0.002499
236 2360.000000 8.371098 -68.681346 -60.310248 13767.622564 -60.310248 0.002490
237 2370.000000 8.294754 -68.682751 -60.387997 13642.063382 -60.387997 0.002497
238 2380.000000 8.150445 -68.669313 -60.518867 13404.724575 -60.518867 0.002508
239 2390.000000 8.216113 -68.646815 -60.430702 13512.724654 -60.430702 0.002524
240 2400.000000 8.336644 -68.614517 -60.277873 13710.958460 -60.277873 0.002549
241 2410.000000 8.679205 -68.580266 -59.901061 14274.355324 -59.901061 0.002581
242 2420.000000 8.962900 -68.550864 -59.587964 14740.937132 -59.587964 0.002618
243 2430.000000 8.816882 -68.516249 -59.699367 14500.787484 -59.699367 0.002664
244 2440.000000 8.785894 -68.472678 -59.686784 14449.822566 -59.686784 0.002710
245 2450.000000 8.611372 -68.428341 -59.816968 14162.793258 -59.816968 0.002755
246 2460.000000 8.700712 -68.390546 -59.689834 14309.726186 -59.689834 0.002791
247 2470.000000 8.763284 -68.364774 -59.601489 14412.637381 -59.601489 0.002811
248 2480.000000 8.758729 -68.397192 -59.638463 14405.145346 -59.638463 0.002799
249 2490.000000 8.568320 -68.410897 -59.842577 14091.986074 -59.842577 0.002782
250 2500.000000 8.608333 -68.425004 -59.816671 14157.794279 -59.816671 0.002763
251 2510.000000 8.779762 -68.433795 -59.654033 14439.737096 -59.654033 0.002741
252 2520.000000 8.884070 -68.449688 -59.565618 14611.288533 -59.565618 0.002710
253 2530.000000 9.066430 -68.473402 -59.406973 14911.208776 -59.406973 0.002674
254 2540.000000 9.467827 -68.501425 -59.033597 15571.371695 -59.033597 0.002633
255 2550.000000 9.126210 -68.511400 -59.385190 15009.526825 -59.385190 0.002597
256 2560.000000 9.090229 -68.524661 -59.434432 14950.350807 -59.434432 0.002569
257 2570.000000 9.120149 -68.544388 -59.424238 14999.558834 -59.424238 0.002542
258 2580.000000 9.078764 -68.551587 -59.472823 14931.494114 -59.472823 0.002527
259 2590.000000 8.958733 -68.558303 -59.599570 14734.084022 -59.599570 0.002522
260 2600.000000 8.891482 -68.562806 -59.671324 14623.478318 -59.671324 0.002523
261 2610.000000 9.027836 -68.560594 -59.532758 14847.735805 -59.532758 0.002522
262 2620.000000 9.339961 -68.546902 -59.206941 15361.074937 -59.206941 0.002530
263 2630.000000 9.530051 -68.517026 -58.986976 15673.708359 -58.986976 0.002530
264 2640.000000 9.809670 -68.470584 -58.660914 16133.587558 -58.660914 0.002527
265 2650.000000 9.957177 -68.433749 -58.476572 16376.186947 -58.476572 0.002525
266 2660.000000 9.828825 -68.413417 -58.584592 16165.090163 -58.584592 0.002519
267 2670.000000 9.644935 -68.387520 -58.742586 15862.653728 -58.742586 0.002521
268 2680.000000 9.403398 -68.375290 -58.971892 15465.406754 -58.971892 0.002529
269 2690.000000 9.472724 -68.337841 -58.865117 15579.425823 -58.865117 0.002548
270 2700.000000 9.429159 -68.257485 -58.828326 15507.776006 -58.828326 0.002576
271 2710.000000 9.292557 -68.164242 -58.871685 15283.110800 -58.871685 0.002600
272 2720.000000 9.386611 -68.151328 -58.764717 15437.798747 -58.764717 0.002603
273 2730.000000 9.617641 -68.221549 -58.603909 15817.764211 -58.603909 0.002583
274 2740.000000 9.363613 -68.272783 -58.909169 15399.975384 -58.909169 0.002567
275 2750.000000 9.504977 -68.267772 -58.762795 15632.469964 -58.762795 0.002564
276 2760.000000 9.191372 -68.243966 -59.052594 15116.696916 -59.052594 0.002574
277 2770.000000 9.499749 -68.238574 -58.738824 15623.872576 -58.738824 0.002589
278 2780.000000 9.552472 -68.255633 -58.703161 15710.583457 -58.703161 0.002606
279 2790.000000 9.582417 -68.285250 -58.702833 15759.833216 -58.702833 0.002631
280 2800.000000 9.255147 -68.314799 -59.059652 15221.584743 -59.059652 0.002662
281 2810.000000 9.030049 -68.292838 -59.262789 14851.374868 -59.262789 0.002710
282 2820.000000 8.817399 -68.221712 -59.404313 14501.637757 -59.404313 0.002764
283 2830.000000 8.873201 -68.182057 -59.308855 14593.413124 -59.308855 0.002804
284 2840.000000 9.358325 -68.248737 -58.890412 15391.277675 -58.890412 0.002820
285 2850.000000 9.472755 -68.305335 -58.832580 15579.476422 -58.832580 0.002833
286 2860.000000 9.612191 -68.276788 -58.664596 15808.801478 -58.664596 0.002855
287 2870.000000 9.929296 -68.234537 -58.305241 16330.331504 -58.305241 0.002870
288 2880.000000 9.849122 -68.216884 -58.367762 16198.472615 -58.367762 0.002870
289 2890.000000 9.872007 -68.250621 -58.378615 16236.110002 -58.378615 0.002850
290 2900.000000 9.885197 -68.312251 -58.427054 16257.803749 -58.427054 0.002825
291 2910.000000 9.689557 -68.411161 -58.721604 15936.041480 -58.721604 0.002785
292 2920.000000 9.073852 -68.502661 -59.428808 14923.416368 -59.428808 0.002752
293 2930.000000 8.714763 -68.578026 -59.863263 14332.835143 -59.863263 0.002723
294 2940.000000 8.997446 -68.655643 -59.658197 14797.753717 -59.658197 0.002696
295 2950.000000 8.697419 -68.690420 -59.993001 14304.310448 -59.993001 0.002681
296 2960.000000 8.693997 -68.689132 -59.995136 14298.682104 -59.995136 0.002672
297 2970.000000 8.121159 -68.667096 -60.545936 13356.558948 -60.545936 0.002674
298 2980.000000 8.301357 -68.647452 -60.346095 13652.922448 -60.346095 0.002681
299 2990.000000 8.368117 -68.658307 -60.290190 13762.720893 -60.290190 0.002682
300 3000.000000 8.459210 -68.692399 -60.233189 13912.537168 -60.233189 0.002678
301 3010.000000 8.313405 -68.733118 -60.419713 13672.738634 -60.419713 0.002672
302 3020.000000 8.510243 -68.780752 -60.270509 13996.469014 -60.270509 0.002661
303 3030.000000 8.588267 -68.822349 -60.234083 14124.792764 -60.234083 0.002646
304 3040.000000 8.638684 -68.878146 -60.239462 14207.712257 -60.239462 0.002626
305 3050.000000 8.596977 -68.924531 -60.327554 14139.118453 -60.327554 0.002597
306 3060.000000 8.591516 -68.948764 -60.357248 14130.136820 -60.357248 0.002574
307 3070.000000 8.757609 -68.948235 -60.190626 14403.302315 -60.190626 0.002555
308 3080.000000 8.607569 -68.943975 -60.336406 14156.538052 -60.336406 0.002546
309 3090.000000 8.892252 -68.931709 -60.039457 14624.744595 -60.039457 0.002538
310 3100.000000 9.454017 -68.918927 -59.464911 15548.658031 -59.464911 0.002528
311 3110.000000 9.735798 -68.903346 -59.167548 16012.093345 -59.167548 0.002530
312 3120.000000 9.832465 -68.872888 -59.040423 16171.077307 -59.040423 0.002553
313 3130.000000 9.547624 -68.853662 -59.306038 15702.610700 -59.306038 0.002578
314 3140.000000 9.524993 -68.844220 -59.319227 15665.390394 -59.319227 0.002600
315 3150.000000 9.713865 -68.829008 -59.115143 15976.020723 -59.115143 0.002620
316 3160.000000 9.505348 -68.807640 -59.302292 15633.080361 -59.302292 0.002641
317 3170.000000 9.429561 -68.789762 -59.360201 15508.436880 -59.360201 0.002662
318 3180.000000 9.626627 -68.763121 -59.136494 15832.542835 -59.136494 0.002684
319 3190.000000 9.562207 -68.720148 -59.157941 15726.594468 -59.157941 0.002711
320 3200.000000 9.520594 -68.663173 -59.142579 15658.154696 -59.142579 0.002736
321 3210.000000 9.484299 -68.600493 -59.116194 15598.461876 -59.116194 0.002760
322 3220.000000 9.674904 -68.554358 -58.879454 15911.943522 -58.879454 0.002777
323 3230.000000 9.812241 -68.547493 -58.735252 16137.815514 -58.735252 0.002785
324 3240.000000 10.181653 -68.569782 -58.388129 16745.373395 -58.388129 0.002779
325 3250.000000 10.356095 -68.576148 -58.220052 17032.272272 -58.220052 0.002771
326 3260.000000 10.363671 -68.534159 -58.170488 17044.731725 -58.170488 0.002766
327 3270.000000 10.098150 -68.467962 -58.369812 16608.040085 -58.369812 0.002760
328 3280.000000 10.039144 -68.381374 -58.342230 16510.994970 -58.342230 0.002759
329 3290.000000 10.203154 -68.319733 -58.116579 16780.735444 -58.116579 0.002754
330 3300.000000 10.101984 -68.288164 -58.186180 16614.344260 -58.186180 0.002742
331 3310.000000 10.350511 -68.312389 -57.961878 17023.087480 -57.961878 0.002716
332 3320.000000 10.338486 -68.339054 -58.000568 17003.311340 -58.000568 0.002688
333 3330.000000 10.771062 -68.351233 -57.580170 17714.752408 -57.580170 0.002667
334 3340.000000 10.684248 -68.353800 -57.669552 17571.972334 -57.669552 0.002651
335 3350.000000 10.695836 -68.400305 -57.704469 17591.030297 -57.704469 0.002633
336 3360.000000 10.632176 -68.440223 -57.808047 17486.331677 -57.808047 0.002631
337 3370.000000 11.187586 -68.496301 -57.308714 18399.793296 -57.308714 0.002630
338 3380.000000 11.289986 -68.574533 -57.284547 18568.206406 -57.284547 0.002630
339 3390.000000 11.377060 -68.659832 -57.282772 18711.413581 -57.282772 0.002637
340 3400.000000 11.195256 -68.732320 -57.537063 18412.408161 -57.537063 0.002648
341 3410.000000 10.968487 -68.791174 -57.822687 18039.448722 -57.822687 0.002652
342 3420.000000 11.277819 -68.825917 -57.548099 18548.195180 -57.548099 0.002656
343 3430.000000 11.414468 -68.827490 -57.413022 18772.936628 -57.413022 0.002665
344 3440.000000 10.955370 -68.824647 -57.869277 18017.876085 -57.869277 0.002659
345 3450.000000 10.724893 -68.834322 -58.109429 17638.819815 -58.109429 0.002644
346 3460.000000 9.984878 -68.837790 -58.852912 16421.745731 -58.852912 0.002622
347 3470.000000 9.855206 -68.841776 -58.986570 16208.478944 -58.986570 0.002592
348 3480.000000 9.920308 -68.847256 -58.926948 16315.550279 -58.926948 0.002563
349 3490.000000 9.893083 -68.853472 -58.960389 16270.772921 -58.960389 0.002535
350 3500.000000 9.967649 -68.840582 -58.872933 16393.409832 -58.872933 0.002525
351 3510.000000 9.775659 -68.799643 -59.023985 16077.650109 -59.023985 0.002519
352 3520.000000 9.614006 -68.732453 -59.118446 15811.786947 -59.118446 0.002523
353 3530.000000 9.537680 -68.666883 -59.129202 15686.256086 -59.129202 0.002534
354 3540.000000 9.455492 -68.605386 -59.149894 15551.084408 -59.149894 0.002550
355 3550.000000 9.333299 -68.549021 -59.215722 15350.118646 -59.215722 0.002564
356 3560.000000 9.418135 -68.504041 -59.085906 15489.645005 -59.085906 0.002580
357 3570.000000 9.122926 -68.498485 -59.375558 15004.126766 -59.375558 0.002589
358 3580.000000 8.816840 -68.530758 -59.713918 14500.717996 -59.713918 0.002593
359 3590.000000 8.843125 -68.563325 -59.720200 14543.948013 -59.720200 0.002597
360 3600.000000 8.702637 -68.582792 -59.880154 14312.893422 -59.880154 0.002606
361 3610.000000 8.928962 -68.604354 -59.675392 14685.120841 -59.675392 0.002618
362 3620.000000 8.993622 -68.624396 -59.630774 14791.464959 -59.630774 0.002637
363 3630.000000 9.316696 -68.611172 -59.294476 15322.811684 -59.294476 0.002676
364 3640.000000 9.258575 -68.566037 -59.307462 15227.223072 -59.307462 0.002721
365 3650.000000 8.795574 -68.508547 -59.712973 14465.741989 -59.712973 0.002772
366 3660.000000 8.854773 -68.517627 -59.662854 14563.105135 -59.662854 0.002800
367 3670.000000 9.032643 -68.532498 -59.499855 14855.641188 -59.499855 0.002825
368 3680.000000 9.048007 -68.543263 -59.495256 14880.909819 -59.495256 0.002848
369 3690.000000 9.045993 -68.536050 -59.490056 14877.597658 -59.490056 0.002870
370 3700.000000 8.828882 -68.524132 -59.695250 14520.523870 -59.695250 0.002876
371 3710.000000 8.686152 -68.517205 -59.831054 14285.779913 -59.831054 0.002866
372 3720.000000 8.862891 -68.536766 -59.673876 14576.455959 -59.673876 0.002834
373 3730.000000 8.649536 -68.573491 -59.923955 14225.559329 -59.923955 0.002795
374 3740.000000 8.954484 -68.606994 -59.652511 14727.095049 -59.652511 0.002758
375 3750.000000 9.158285 -68.638955 -59.480670 15062.279311 -59.480670 0.002720
376 3760.000000 9.735722 -68.663165 -58.927444 16011.967180 -58.927444 0.002678
377 3770.000000 10.097135 -68.678202 -58.581068 16606.369414 -58.581068 0.002633
378 3780.000000 10.285487 -68.662469 -58.376982 16916.146071 -58.376982 0.002583
379 3790.000000 10.392615 -68.624237 -58.231623 17092.334078 -58.231623 0.002539
380 3800.000000 10.166973 -68.560922 -58.393949 16721.230564 -58.393949 0.002513
381 3810.000000 9.842232 -68.507835 -58.665604 16187.140101 -58.665604 0.002491
382 3820.000000 9.442356 -68.459714 -59.017358 15529.480323 -59.017358 0.002482
383 3830.000000 9.085097 -68.432912 -59.347815 14941.910825 -59.347815 0.002476
384 3840.000000 9.584770 -68.414782 -58.830012 15763.702843 -58.830012 0.002476
385 3850.000000 9.771137 -68.421262 -58.650126 16070.213435 -58.650126 0.002481
386 3860.000000 10.256608 -68.432016 -58.175408 16868.649663 -58.175408 0.002491
387 3870.000000 10.068775 -68.452890 -58.384116 16559.726738 -58.384116 0.002499
388 3880.000000 10.244772 -68.498122 -58.253350 16849.182978 -58.253350 0.002501
389 3890.000000 10.452245 -68.561127 -58.108881 17190.406371 -58.108881 0.002495
390 3900.000000 10.903732 -68.618329 -57.714597 17932.949861 -57.714597 0.002484
391 3910.000000 10.952806 -68.648863 -57.696057 18013.658841 -57.696057 0.002480
392 3920.000000 10.706000 -68.645468 -57.939469 17607.746439 -57.939469 0.002489
393 3930.000000 10.499442 -68.635211 -58.135769 17268.028127 -58.135769 0.002505
394 3940.000000 10.582253 -68.621726 -58.039473 17404.225629 -58.039473 0.002524
395 3950.000000 10.930381 -68.631661 -57.701279 17976.778274 -57.701279 0.002531
396 3960.000000 10.430098 -68.634489 -58.204391 17153.980766 -58.204391 0.002533
397 3970.000000 10.345173 -68.620103 -58.274929 17014.308662 -58.274929 0.002543
398 3980.000000 10.285475 -68.601384 -58.315909 16916.126102 -58.315909 0.002547
399 3990.000000 10.299874 -68.583493 -58.283619 16939.807062 -58.283619 0.002543
400 4000.000000 10.384165 -68.598705 -58.214540 17078.437728 -58.214540 0.002543
401 4010.000000 10.190064 -68.651075 -58.461011 16759.206166 -58.461011 0.002537
402 4020.000000 9.997376 -68.699336 -58.701960 16442.299719 -58.701960 0.002528
403 4030.000000 10.286220 -68.712138 -58.425918 16917.350949 -58.425918 0.002525
404 4040.000000 9.895778 -68.687602 -58.791824 16275.206013 -58.791824 0.002533
405 4050.000000 9.231925 -68.671157 -59.439232 15183.391885 -59.439232 0.002540
406 4060.000000 9.477853 -68.690409 -59.212556 15587.860571 -59.212556 0.002540
407 4070.000000 9.368674 -68.728741 -59.360067 15408.297732 -59.360067 0.002539
408 4080.000000 9.067871 -68.750320 -59.682449 14913.578721 -59.682449 0.002548
409 4090.000000 8.679526 -68.761612 -60.082086 14274.883287 -60.082086 0.002563
410 4100.000000 8.987071 -68.758170 -59.771099 14780.690693 -59.771099 0.002585
411 4110.000000 8.957983 -68.743968 -59.785985 14732.849777 -59.785985 0.002609
412 4120.000000 8.888044 -68.717419 -59.829375 14617.825275 -59.829375 0.002636
413 4130.000000 8.847522 -68.680128 -59.832606 14551.179858 -59.832606 0.002666
414 4140.000000 8.787561 -68.607162 -59.819602 14452.563732 -59.819602 0.002702
415 4150.000000 8.898776 -68.503726 -59.604950 14635.475187 -59.604950 0.002740
416 4160.000000 9.203676 -68.380188 -59.176512 15136.932264 -59.176512 0.002777
417 4170.000000 8.720318 -68.326427 -59.606110 14341.971945 -59.606110 0.002793
418 4180.000000 9.083887 -68.343996 -59.260109 14939.919925 -59.260109 0.002779
419 4190.000000 9.139518 -68.382524 -59.243006 15031.414365 -59.243006 0.002757
420 4200.000000 9.476388 -68.433631 -58.957242 15585.451746 -58.957242 0.002722
421 4210.000000 9.189370 -68.455297 -59.265926 15113.404120 -59.265926 0.002687
422 4220.000000 9.302099 -68.441406 -59.139306 15298.805100 -59.139306 0.002664
423 4230.000000 9.293736 -68.374928 -59.081192 15285.050490 -59.081192 0.002656
424 4240.000000 8.666226 -68.289161 -59.622935 14253.008950 -59.622935 0.002651
425 4250.000000 8.816019 -68.287177 -59.471159 14499.367176 -59.471159 0.002627
426 4260.000000 9.096127 -68.356526 -59.260399 14960.051425 -59.260399 0.002586
427 4270.000000 9.474830 -68.444174 -58.969344 15582.889369 -58.969344 0.002543
428 4280.000000 9.798915 -68.508801 -58.709887 16115.898290 -58.709887 0.002504
429 4290.000000 9.627874 -68.545249 -58.917375 15834.594318 -58.917375 0.002481
430 4300.000000 9.471136 -68.562755 -59.091618 15576.813998 -59.091618 0.002476
431 4310.000000 9.502902 -68.577033 -59.074131 15629.057456 -59.074131 0.002479
432 4320.000000 9.752027 -68.578889 -58.826862 16038.784808 -58.826862 0.002500
433 4330.000000 9.932711 -68.574022 -58.641311 16335.949055 -58.641311 0.002518
434 4340.000000 9.969434 -68.569731 -58.600297 16396.345103 -58.600297 0.002535
435 4350.000000 10.017680 -68.588137 -58.570457 16475.693420 -58.570457 0.002554
436 4360.000000 10.085800 -68.616021 -58.530221 16587.727414 -58.530221 0.002569
437 4370.000000 10.097924 -68.623793 -58.525869 16607.667289 -58.525869 0.002589
438 4380.000000 9.731362 -68.576150 -58.844787 16004.797977 -58.844787 0.002617
439 4390.000000 10.216298 -68.494227 -58.277929 16802.352817 -58.277929 0.002646
440 4400.000000 10.347198 -68.385027 -58.037829 17017.638911 -58.037829 0.002678
441 4410.000000 9.890629 -68.293954 -58.403325 16266.737869 -58.403325 0.002701
442 4420.000000 9.671158 -68.262048 -58.590890 15905.782019 -58.590890 0.002710
443 4430.000000 9.898530 -68.289631 -58.391101 16279.732502 -58.391101 0.002707
444 4440.000000 10.461278 -68.341842 -57.880565 17205.261689 -57.880565 0.002698
445 4450.000000 10.349426 -68.354815 -58.005389 17021.303989 -58.005389 0.002706
446 4460.000000 10.229177 -68.364665 -58.135488 16823.534675 -58.135488 0.002714
447 4470.000000 10.018031 -68.417007 -58.398976 16476.270292 -58.398976 0.002711
448 4480.000000 10.261454 -68.505858 -58.244404 16876.619552 -58.244404 0.002695
449 4490.000000 10.024007 -68.599093 -58.575086 16486.099411 -58.575086 0.002679
450 4500.000000 10.017329 -68.691663 -58.674334 16475.116319 -58.674334 0.002670
451 4510.000000 9.816750 -68.747079 -58.930329 16145.231862 -58.930329 0.002675
452 4520.000000 9.625055 -68.764733 -59.139679 15829.957950 -59.139679 0.002691
453 4530.000000 9.811704 -68.778018 -58.966314 16136.932979 -58.966314 0.002706
454 4540.000000 9.616799 -68.775979 -59.159180 15816.380030 -59.159180 0.002716
455 4550.000000 9.456440 -68.767965 -59.311525 15552.643408 -59.311525 0.002724
456 4560.000000 9.823644 -68.758942 -58.935298 16156.569472 -58.935298 0.002725
457 4570.000000 10.173889 -68.765190 -58.591301 16732.604171 -58.591301 0.002713
458 4580.000000 10.122834 -68.774098 -58.651264 16648.636379 -58.651264 0.002693
459 4590.000000 10.063061 -68.810439 -58.747377 16550.330443 -58.747377 0.002671
460 4600.000000 10.242900 -68.818863 -58.575963 16846.104958 -58.575963 0.002657
461 4610.000000 10.243397 -68.749945 -58.506548 16846.920757 -58.506548 0.002665
462 4620.000000 10.090081 -68.618728 -58.528646 16594.769422 -58.528646 0.002682
463 4630.000000 9.888925 -68.519454 -58.630529 16263.935017 -58.630529 0.002696
464 4640.000000 9.689879 -68.457852 -58.767973 15936.571725 -58.767973 0.002700
465 4650.000000 9.235638 -68.393073 -59.157435 15189.499401 -59.157435 0.002699
466 4660.000000 8.786432 -68.390357 -59.603924 14450.707728 -59.603924 0.002685
467 4670.000000 8.961243 -68.435663 -59.474419 14738.212673 -59.474419 0.002668
468 4680.000000 9.095111 -68.504328 -59.409217 14958.380490 -59.409217 0.002648
469 4690.000000 9.187906 -68.540068 -59.352162 15110.995454 -59.352162 0.002629
470 4700.000000 9.459328 -68.509435 -59.050107 15557.393160 -59.050107 0.002627
471 4710.000000 9.518385 -68.420424 -58.902039 15654.521997 -58.902039 0.002645
472 4720.000000 9.147531 -68.328352 -59.180821 15044.592201 -59.180821 0.002671
473 4730.000000 9.154100 -68.270106 -59.116007 15055.395969 -59.116007 0.002689
474 4740.000000 8.840708 -68.293012 -59.452304 14539.972661 -59.452304 0.002684
475 4750.000000 8.893201 -68.342227 -59.449025 14626.306395 -59.449025 0.002674
476 4760.000000 8.718821 -68.393123 -59.674302 14339.509723 -59.674302 0.002660
477 4770.000000 8.707874 -68.418126 -59.710251 14321.506675 -59.710251 0.002647
478 4780.000000 8.658225 -68.404611 -59.746386 14239.849930 -59.746386 0.002650
479 4790.000000 8.621374 -68.361495 -59.740121 14179.242568 -59.740121 0.002659
480 4800.000000 9.070931 -68.350700 -59.279769 14918.611685 -59.279769 0.002659
481 4810.000000 8.717043 -68.400842 -59.683799 14336.585909 -59.683799 0.002640
482 4820.000000 8.855355 -68.506741 -59.651385 14564.062703 -59.651385 0.002613
483 4830.000000 9.153442 -68.578753 -59.425311 15054.314641 -59.425311 0.002598
484 4840.000000 9.151884 -68.591545 -59.439661 15051.751877 -59.439661 0.002600
485 4850.000000 8.889857 -68.529527 -59.639670 14620.807147 -59.639670 0.002627
486 4860.000000 8.798211 -68.427662 -59.629451 14470.080206 -59.629451 0.002667
487 4870.000000 8.894881 -68.310065 -59.415185 14629.068382 -59.415185 0.002707
488 4880.000000 9.131922 -68.176450 -59.044528 15018.921064 -59.044528 0.002747
489 4890.000000 9.228961 -68.100517 -58.871556 15178.517183 -58.871556 0.002764
490 4900.000000 9.023772 -68.076205 -59.052433 14841.050915 -59.052433 0.002767
491 4910.000000 8.880972 -68.107066 -59.226094 14606.193754 -59.226094 0.002757
492 4920.000000 8.718708 -68.157883 -59.439175 14339.324716 -59.439175 0.002740
493 4930.000000 8.784628 -68.168769 -59.384141 14447.739534 -59.384141 0.002732
494 4940.000000 8.845544 -68.124979 -59.279435 14547.926465 -59.279435 0.002730
495 4950.000000 8.917483 -68.061354 -59.143871 14666.242238 -59.143871 0.002730
496 4960.000000 9.138541 -68.027502 -58.888960 15029.808067 -58.888960 0.002719
497 4970.000000 9.042235 -68.041034 -58.998799 14871.417027 -58.998799 0.002695
498 4980.000000 9.191152 -68.083429 -58.892276 15116.335004 -58.892276 0.002663
499 4990.000000 9.501390 -68.144494 -58.643104 15626.571225 -58.643104 0.002639
500 5000.000000 9.692607 -68.189118 -58.496511 15941.057713 -58.496511 0.002630
501 5010.000000 9.712805 -68.211838 -58.499032 15974.278012 -58.499032 0.002637
502 5020.000000 9.631334 -68.164000 -58.532665 15840.285618 -58.532665 0.002667
503 5030.000000 9.530174 -68.154890 -58.624716 15673.911036 -58.624716 0.002698
504 5040.000000 9.991087 -68.229653 -58.238566 16431.956690 -58.238566 0.002717
505 5050.000000 9.771366 -68.308570 -58.537204 16070.590280 -58.537204 0.002739
506 5060.000000 9.588251 -68.363213 -58.774962 15769.428271 -58.774962 0.002758
507 5070.000000 9.259356 -68.358094 -59.098739 15228.506725 -59.098739 0.002781
508 5080.000000 9.468532 -68.342754 -58.874221 15572.531341 -58.874221 0.002801
509 5090.000000 9.358082 -68.345960 -58.987878 15390.878350 -58.987878 0.002823
510 5100.000000 9.034983 -68.386863 -59.351881 14859.488692 -59.351881 0.002828
511 5110.000000 8.954334 -68.446916 -59.492582 14726.849591 -59.492582 0.002810
512 5120.000000 9.373753 -68.490240 -59.116487 15416.651733 -59.116487 0.002789
513 5130.000000 9.540262 -68.507315 -58.967053 15690.501972 -58.967053 0.002766
514 5140.000000 9.823896 -68.505407 -58.681511 16156.983728 -58.681511 0.002747
515 5150.000000 9.895847 -68.499398 -58.603551 16275.320120 -58.603551 0.002731
516 5160.000000 9.994232 -68.507573 -58.513341 16437.129186 -58.513341 0.002712
517 5170.000000 9.832362 -68.528100 -58.695738 16170.907921 -58.695738 0.002681
518 5180.000000 10.027867 -68.560783 -58.532916 16492.448227 -58.532916 0.002642
519 5190.000000 9.867026 -68.562497 -58.695471 16227.919288 -58.695471 0.002611
520 5200.000000 9.833053 -68.542114 -58.709062 16172.043882 -58.709062 0.002594
521 5210.000000 9.788744 -68.518881 -58.730138 16099.170505 -58.730138 0.002596
522 5220.000000 9.895912 -68.485217 -58.589305 16275.426310 -58.589305 0.002607
523 5230.000000 10.025025 -68.468717 -58.443692 16487.773116 -58.443692 0.002626
524 5240.000000 9.709379 -68.474164 -58.764785 15968.642433 -58.764785 0.002645
525 5250.000000 9.716192 -68.527159 -58.810967 15979.847729 -58.810967 0.002645
526 5260.000000 9.538593 -68.578035 -59.039442 15687.757107 -59.039442 0.002644
527 5270.000000 9.320452 -68.599081 -59.278629 15328.989351 -59.278629 0.002650
528 5280.000000 9.365304 -68.612707 -59.247403 15402.756487 -59.247403 0.002652
529 5290.000000 9.558653 -68.661175 -59.102522 15720.749118 -59.102522 0.002647
530 5300.000000 9.458992 -68.720893 -59.261901 15556.840106 -59.261901 0.002648
531 5310.000000 9.599568 -68.757354 -59.157787 15788.040221 -59.157787 0.002655
532 5320.000000 9.849719 -68.758613 -58.908894 16199.454851 -58.908894 0.002665
533 5330.000000 9.643217 -68.723223 -59.080006 15859.828019 -59.080006 0.002686
534 5340.000000 9.185977 -68.676533 -59.490557 15107.822697 -59.490557 0.002711
535 5350.000000 9.209741 -68.655886 -59.446146 15146.906732 -59.446146 0.002732
536 5360.000000 9.381491 -68.685966 -59.304474 15429.378370 -59.304474 0.002727
537 5370.000000 9.286641 -68.715934 -59.429293 15273.382161 -59.429293 0.002731
538 5380.000000 9.130278 -68.728113 -59.597834 15016.218195 -59.597834 0.002732
539 5390.000000 9.422869 -68.726784 -59.303915 15497.430634 -59.303915 0.002730
540 5400.000000 9.510357 -68.700133 -59.189776 15641.318696 -59.189776 0.002724
541 5410.000000 9.679737 -68.654282 -58.974545 15919.891770 -58.974545 0.002716
542 5420.000000 9.638317 -68.601525 -58.963207 15851.770546 -58.963207 0.002702
543 5430.000000 9.302391 -68.539356 -59.236964 15299.285754 -59.236964 0.002682
544 5440.000000 9.152772 -68.487501 -59.334729 15053.212513 -59.334729 0.002667
545 5450.000000 9.220104 -68.434538 -59.214434 15163.950855 -59.214434 0.002652
546 5460.000000 9.668885 -68.383685 -58.714801 15902.043234 -58.714801 0.002638
547 5470.000000 9.811706 -68.314617 -58.502911 16136.936412 -58.502911 0.002639
548 5480.000000 9.607248 -68.207931 -58.600683 15800.671753 -58.600683 0.002641
549 5490.000000 9.910406 -68.076522 -58.166116 16299.263920 -58.166116 0.002643
550 5500.000000 9.794824 -68.136637 -58.341814 16109.170463 -58.341814 0.002611
551 5510.000000 9.899200 -68.287825 -58.388625 16280.833720 -58.388625 0.002570
552 5520.000000 9.982959 -68.381102 -58.398142 16418.589931 -58.398142 0.002543
553 5530.000000 10.342439 -68.427131 -58.084692 17009.812106 -58.084692 0.002536
554 5540.000000 10.195741 -68.453925 -58.258183 16768.544261 -58.258183 0.002543
555 5550.000000 10.336504 -68.447980 -58.111476 17000.051117 -58.111476 0.002560
556 5560.000000 10.453123 -68.398913 -57.945790 17191.849854 -57.945790 0.002593
557 5570.000000 10.412304 -68.355463 -57.943159 17124.716135 -57.943159 0.002621
558 5580.000000 10.399675 -68.339488 -57.939814 17103.945178 -57.939814 0.002633
559 5590.000000 10.148285 -68.392762 -58.244477 16690.494452 -58.244477 0.002623
560 5600.000000 10.162339 -68.521423 -58.359084 16713.608211 -58.359084 0.002594
561 5610.000000 9.888933 -68.607690 -58.718757 16263.948181 -58.718757 0.002567
562 5620.000000 9.624435 -68.642218 -59.017784 15828.937866 -59.017784 0.002551
563 5630.000000 9.305419 -68.657903 -59.352484 15304.265444 -59.352484 0.002538
564 5640.000000 8.908166 -68.658014 -59.749848 14650.918655 -59.749848 0.002532
565 5650.000000 9.051013 -68.644953 -59.593940 14885.853036 -59.593940 0.002533
566 5660.000000 9.230204 -68.633080 -59.402875 15180.562694 -59.402875 0.002532
567 5670.000000 9.463733 -68.617219 -59.153486 15564.637435 -59.153486 0.002533
568 5680.000000 9.384058 -68.611529 -59.227471 15433.599715 -59.227471 0.002536
569 5690.000000 9.528367 -68.600323 -59.071956 15670.939757 -59.071956 0.002550
570 5700.000000 9.891729 -68.577843 -58.686115 16268.546306 -58.686115 0.002573
571 5710.000000 10.025071 -68.561072 -58.536002 16487.849021 -58.536002 0.002600
572 5720.000000 9.990850 -68.562207 -58.571357 16431.567078 -58.571357 0.002622
573 5730.000000 9.434216 -68.583399 -59.149183 15516.093339 -59.149183 0.002646
574 5740.000000 9.916143 -68.619563 -58.703420 16308.700038 -58.703420 0.002669
575 5750.000000 9.767678 -68.640094 -58.872416 16064.524044 -58.872416 0.002693
576 5760.000000 9.226971 -68.630502 -59.403531 15175.244665 -59.403531 0.002725
577 5770.000000 9.097157 -68.595294 -59.498137 14961.744473 -59.498137 0.002760
578 5780.000000 8.929663 -68.569500 -59.639837 14686.273290 -59.639837 0.002783
579 5790.000000 9.198503 -68.560505 -59.362003 15128.423977 -59.362003 0.002800
580 5800.000000 9.262778 -68.579262 -59.316484 15234.135407 -59.316484 0.002799
581 5810.000000 9.237735 -68.597197 -59.359462 15192.948725 -59.359462 0.002780
582 5820.000000 9.222873 -68.627468 -59.404595 15168.504214 -59.404595 0.002754
583 5830.000000 9.570254 -68.670462 -59.100208 15739.828454 -59.100208 0.002729
584 5840.000000 9.851131 -68.678758 -58.827627 16201.776988 -58.827627 0.002710
585 5850.000000 9.739216 -68.679726 -58.940511 16017.713673 -58.940511 0.002695
586 5860.000000 10.081384 -68.657268 -58.575884 16580.464247 -58.575884 0.002686
587 5870.000000 9.970750 -68.638562 -58.667812 16398.508891 -58.667812 0.002675
588 5880.000000 9.752235 -68.629563 -58.877328 16039.126277 -58.877328 0.002657
589 5890.000000 10.146806 -68.632022 -58.485215 16688.062596 -58.485215 0.002639
590 5900.000000 9.852623 -68.618305 -58.765682 16204.230657 -58.765682 0.002621
591 5910.000000 10.099243 -68.578610 -58.479368 16609.836331 -58.479368 0.002604
592 5920.000000 9.920052 -68.522458 -58.602406 16315.129206 -58.602406 0.002595
593 5930.000000 10.062170 -68.510133 -58.447963 16548.864469 -58.447963 0.002584
594 5940.000000 9.834278 -68.492927 -58.658649 16174.059400 -58.658649 0.002583
595 5950.000000 9.583818 -68.452847 -58.869029 15762.136994 -58.869029 0.002596
596 5960.000000 9.858214 -68.405631 -58.547417 16213.426016 -58.547417 0.002612
597 5970.000000 9.495093 -68.374616 -58.879523 15616.215107 -58.879523 0.002624
598 5980.000000 9.696688 -68.353366 -58.656678 15947.770151 -58.656678 0.002633
599 5990.000000 9.457190 -68.341333 -58.884143 15553.876965 -58.884143 0.002639
600 6000.000000 9.109599 -68.341454 -59.231856 14982.207048 -59.231856 0.002643
601 6010.000000 9.091354 -68.354260 -59.262906 14952.201230 -59.262906 0.002639
602 6020.000000 9.291695 -68.423026 -59.131331 15281.694224 -59.131331 0.002624
603 6030.000000 9.449880 -68.501107 -59.051227 15541.855095 -59.051227 0.002604
604 6040.000000 8.966174 -68.554698 -59.588524 14746.321361 -59.588524 0.002579
605 6050.000000 8.622305 -68.574732 -59.952428 14180.773604 -59.952428 0.002560
606 6060.000000 8.522391 -68.584370 -60.061979 14016.448359 -60.061979 0.002544
607 6070.000000 8.547947 -68.606174 -60.058226 14058.480663 -60.058226 0.002527
608 6080.000000 8.465037 -68.671371 -60.206334 13922.120524 -60.206334 0.002495
609 6090.000000 8.415326 -68.731187 -60.315860 13840.363782 -60.315860 0.002468
610 6100.000000 8.649348 -68.787506 -60.138157 14225.251075 -60.138157 0.002440
611 6110.000000 8.952838 -68.816947 -59.864109 14724.388539 -59.864109 0.002420
612 6120.000000 9.178346 -68.826595 -59.648249 15095.273653 -59.648249 0.002411
613 6130.000000 9.362566 -68.789944 -59.427378 15398.253195 -59.427378 0.002421
614 6140.000000 9.332927 -68.723582 -59.390655 15349.506451 -59.390655 0.002446
615 6150.000000 9.559821 -68.610701 -59.050880 15722.670795 -59.050880 0.002486
616 6160.000000 9.062297 -68.426413 -59.364116 14904.411269 -59.364116 0.002542
617 6170.000000 9.002206 -68.234319 -59.232113 14805.582240 -59.232113 0.002598
618 6180.000000 9.089401 -68.191255 -59.101854 14948.988377 -59.101854 0.002621
619 6190.000000 9.160876 -68.294303 -59.133427 15066.541100 -59.133427 0.002619
620 6200.000000 9.053886 -68.429588 -59.375702 14890.578210 -59.375702 0.002610
621 6210.000000 9.201800 -68.555267 -59.353467 15133.846796 -59.353467 0.002589
622 6220.000000 9.228939 -68.647559 -59.418619 15178.481939 -59.418619 0.002575
623 6230.000000 9.293989 -68.686359 -59.392370 15285.466783 -59.392370 0.002571
624 6240.000000 9.301503 -68.680235 -59.378732 15297.825192 -59.378732 0.002574
625 6250.000000 8.911921 -68.638814 -59.726893 14657.094382 -59.726893 0.002586
626 6260.000000 8.462151 -68.584390 -60.122238 13917.375197 -60.122238 0.002592
627 6270.000000 8.614675 -68.529516 -59.914841 14168.224787 -59.914841 0.002601
628 6280.000000 8.656259 -68.464445 -59.808186 14236.617076 -59.808186 0.002621
629 6290.000000 8.722784 -68.405390 -59.682606 14346.027169 -59.682606 0.002640
630 6300.000000 8.575497 -68.369683 -59.794186 14103.790875 -59.794186 0.002647
631 6310.000000 8.404478 -68.384153 -59.979675 13822.521958 -59.979675 0.002639
632 6320.000000 8.291688 -68.433044 -60.141356 13637.020544 -60.141356 0.002619
633 6330.000000 8.380593 -68.514247 -60.133654 13783.238709 -60.133654 0.002589
634 6340.000000 8.755339 -68.584541 -59.829203 14399.569371 -59.829203 0.002556
635 6350.000000 8.349903 -68.639497 -60.289593 13732.765223 -60.289593 0.002538
636 6360.000000 8.669650 -68.681222 -60.011572 14258.640227 -60.011572 0.002530
637 6370.000000 8.747701 -68.710406 -59.962704 14387.008469 -59.962704 0.002525
638 6380.000000 8.700620 -68.713771 -60.013151 14309.576319 -60.013151 0.002527
639 6390.000000 8.527066 -68.697813 -60.170747 14024.137781 -60.170747 0.002541
640 6400.000000 8.609693 -68.686203 -60.076511 14160.030931 -60.076511 0.002560
641 6410.000000 8.553970 -68.683099 -60.129129 14068.386277 -60.129129 0.002576
642 6420.000000 8.178978 -68.695806 -60.516828 13451.650450 -60.516828 0.002583
643 6430.000000 8.417761 -68.718429 -60.300668 13844.368405 -60.300668 0.002586
644 6440.000000 7.873986 -68.738809 -60.864823 12950.042416 -60.864823 0.002574
645 6450.000000 8.075071 -68.745159 -60.670088 13280.758881 -60.670088 0.002565
646 6460.000000 8.384897 -68.745956 -60.361059 13790.317945 -60.361059 0.002560
647 6470.000000 8.385889 -68.721207 -60.335318 13791.949733 -60.335318 0.002565
648 6480.000000 8.546276 -68.696334 -60.150058 14055.731424 -60.150058 0.002578
649 6490.000000 8.794533 -68.685012 -59.890479 14464.030654 -59.890479 0.002593
650 6500.000000 8.788229 -68.703224 -59.914995 14453.662588 -59.914995 0.002600
651 6510.000000 8.932848 -68.698795 -59.765947 14691.511531 -59.765947 0.002612
652 6520.000000 9.296987 -68.685800 -59.388813 15290.397159 -59.388813 0.002622
653 6530.000000 9.112900 -68.649550 -59.536650 14987.636378 -59.536650 0.002637
654 6540.000000 9.368553 -68.576310 -59.207757 15408.099928 -59.207757 0.002665
655 6550.000000 9.146800 -68.471239 -59.324439 15043.390129 -59.324439 0.002698
656 6560.000000 9.039761 -68.405533 -59.365773 14867.347210 -59.365773 0.002716
657 6570.000000 8.980338 -68.364110 -59.383772 14769.616628 -59.383772 0.002731
658 6580.000000 9.477488 -68.342777 -58.865289 15587.260860 -58.865289 0.002739
659 6590.000000 9.529221 -68.335388 -58.806167 15672.342970 -58.806167 0.002735
660 6600.000000 9.310822 -68.326016 -59.015195 15313.150640 -59.015195 0.002721
661 6610.000000 9.438356 -68.326050 -58.887694 15522.901252 -58.887694 0.002704
662 6620.000000 9.179344 -68.330113 -59.150769 15096.914666 -59.150769 0.002695
663 6630.000000 9.497891 -68.333307 -58.835416 15620.816835 -58.835416 0.002687
664 6640.000000 9.557974 -68.345990 -58.788016 15719.632213 -58.788016 0.002679
665 6650.000000 9.744219 -68.362795 -58.618575 16025.943440 -58.618575 0.002671
666 6660.000000 9.796452 -68.385352 -58.588900 16111.847921 -58.588900 0.002667
667 6670.000000 10.083498 -68.394179 -58.310681 16583.941725 -58.310681 0.002659
668 6680.000000 10.341420 -68.401688 -58.060268 17008.136052 -58.060268 0.002646
669 6690.000000 10.216206 -68.413625 -58.197419 16802.202166 -58.197419 0.002630
670 6700.000000 10.320696 -68.452045 -58.131349 16974.052618 -58.131349 0.002605
671 6710.000000 10.500756 -68.520063 -58.019307 17270.190773 -58.019307 0.002582
672 6720.000000 10.086582 -68.610868 -58.524285 16589.014124 -58.524285 0.002553
673 6730.000000 9.765923 -68.686823 -58.920899 16061.638984 -58.920899 0.002520
674 6740.000000 10.092003 -68.738588 -58.646585 16597.929421 -58.646585 0.002488
675 6750.000000 10.451644 -68.755007 -58.303363 17189.417528 -58.303363 0.002468
676 6760.000000 10.544682 -68.756718 -58.212036 17342.434003 -58.212036 0.002451
677 6770.000000 11.044196 -68.751497 -57.707301 18163.964688 -57.707301 0.002436
678 6780.000000 10.518596 -68.730049 -58.211453 17299.530710 -58.211453 0.002429
679 6790.000000 10.181801 -68.702546 -58.520745 16745.617037 -58.520745 0.002428
680 6800.000000 9.888020 -68.663305 -58.775284 16262.447488 -58.775284 0.002442
681 6810.000000 9.383926 -68.628980 -59.245054 15433.383237 -59.245054 0.002466
682 6820.000000 9.381995 -68.590327 -59.208332 15430.207389 -59.208332 0.002500
683 6830.000000 9.232599 -68.551768 -59.319169 15184.501621 -59.319169 0.002543
684 6840.000000 8.862605 -68.502523 -59.639918 14575.986115 -59.639918 0.002591
685 6850.000000 9.042255 -68.443394 -59.401139 14871.449447 -59.401139 0.002636
686 6860.000000 8.883046 -68.398202 -59.515156 14609.604556 -59.515156 0.002665
687 6870.000000 8.878707 -68.363657 -59.484950 14602.468065 -59.484950 0.002688
688 6880.000000 8.889285 -68.371206 -59.481921 14619.865163 -59.481921 0.002690
689 6890.000000 8.758429 -68.368791 -59.610362 14404.652074 -59.610362 0.002693
690 6900.000000 8.614988 -68.379407 -59.764419 14168.739354 -59.764419 0.002687
691 6910.000000 8.765698 -68.422537 -59.656839 14416.607009 -59.656839 0.002658
692 6920.000000 9.023388 -68.471087 -59.447699 14840.419548 -59.447699 0.002627
693 6930.000000 8.943105 -68.534985 -59.591881 14708.380541 -59.591881 0.002595
694 6940.000000 9.304526 -68.596087 -59.291561 15302.797070 -59.291561 0.002566
695 6950.000000 8.954464 -68.617044 -59.662580 14727.062631 -59.662580 0.002554
696 6960.000000 9.279086 -68.591650 -59.312563 15260.956807 -59.312563 0.002564
697 6970.000000 9.392951 -68.516429 -59.123478 15448.225787 -59.123478 0.002589
698 6980.000000 9.622694 -68.428637 -58.805943 15826.074723 -58.805943 0.002624
699 6990.000000 9.191206 -68.341521 -59.150315 15116.423110 -59.150315 0.002669
700 7000.000000 8.662969 -68.282384 -59.619415 14247.653094 -59.619415 0.002707
701 7010.000000 8.508400 -68.260536 -59.752136 13993.438753 -59.752136 0.002726
702 7020.000000 8.519354 -68.246718 -59.727364 14011.455035 -59.727364 0.002737
703 7030.000000 7.847132 -68.275137 -60.428005 12905.875802 -60.428005 0.002741
704 7040.000000 7.931129 -68.333068 -60.401939 13044.022944 -60.401939 0.002734
705 7050.000000 7.727008 -68.402367 -60.675359 12708.313045 -60.675359 0.002723
706 7060.000000 7.943854 -68.442744 -60.498890 13064.951442 -60.498890 0.002723
707 7070.000000 8.294998 -68.452186 -60.157188 13642.465026 -60.157188 0.002727
708 7080.000000 8.591965 -68.441995 -59.850030 14130.874523 -59.850030 0.002738
709 7090.000000 8.526005 -68.439442 -59.913437 14022.393050 -59.913437 0.002748
710 7100.000000 9.053369 -68.434698 -59.381328 14889.728320 -59.381328 0.002761
711 7110.000000 9.124303 -68.438901 -59.314598 15006.391232 -59.314598 0.002771
712 7120.000000 8.959443 -68.439328 -59.479885 14735.252228 -59.479885 0.002785
713 7130.000000 9.384451 -68.476860 -59.092408 15434.246865 -59.092408 0.002777
714 7140.000000 9.147376 -68.521497 -59.374121 15044.338038 -59.374121 0.002762
715 7150.000000 8.575051 -68.548199 -59.973148 14103.056757 -59.973148 0.002744
716 7160.000000 8.535406 -68.546782 -60.011376 14037.854111 -60.011376 0.002735
717 7170.000000 8.569459 -68.552094 -59.982635 14093.859842 -59.982635 0.002720
718 7180.000000 8.217785 -68.564588 -60.346802 13515.476130 -60.346802 0.002703
719 7190.000000 8.385427 -68.555194 -60.169768 13791.189029 -60.169768 0.002697
720 7200.000000 8.003116 -68.501183 -60.498067 13162.417827 -60.498067 0.002700
721 7210.000000 7.998647 -68.425105 -60.426458 13155.067925 -60.426458 0.002709
722 7220.000000 7.882487 -68.385665 -60.503178 12964.022878 -60.503178 0.002712
723 7230.000000 8.040216 -68.375878 -60.335662 13223.433851 -60.335662 0.002710
724 7240.000000 8.248304 -68.402199 -60.153894 13565.669083 -60.153894 0.002696
725 7250.000000 8.634916 -68.413880 -59.778964 14201.515425 -59.778964 0.002679
726 7260.000000 8.473504 -68.397559 -59.924055 13936.046781 -59.924055 0.002663
727 7270.000000 8.684418 -68.341656 -59.657238 14282.929200 -59.657238 0.002648
728 7280.000000 8.761756 -68.299179 -59.537422 14410.124298 -59.537422 0.002637
729 7290.000000 9.231090 -68.305825 -59.074735 15182.019296 -59.074735 0.002608
730 7300.000000 9.010975 -68.330942 -59.319966 14820.005248 -59.319966 0.002574
731 7310.000000 8.867465 -68.371077 -59.503613 14583.978266 -59.503613 0.002542
732 7320.000000 8.808098 -68.412624 -59.604526 14486.340414 -59.604526 0.002518
733 7330.000000 9.193876 -68.432530 -59.238653 15120.815138 -59.238653 0.002507
734 7340.000000 9.585579 -68.445795 -58.860216 15765.033465 -58.860216 0.002503
735 7350.000000 9.441309 -68.443017 -59.001708 15527.758882 -59.001708 0.002516
736 7360.000000 9.470823 -68.424163 -58.953339 15576.299391 -58.953339 0.002541
737 7370.000000 9.346670 -68.403343 -59.056673 15372.108970 -59.056673 0.002577
738 7380.000000 9.242340 -68.373881 -59.131542 15200.521224 -59.131542 0.002616
739 7390.000000 9.237209 -68.334581 -59.097372 15192.081996 -59.097372 0.002653
740 7400.000000 9.071252 -68.274281 -59.203029 14919.139286 -59.203029 0.002696
741 7410.000000 9.288437 -68.202400 -58.913963 15276.335477 -58.913963 0.002736
742 7420.000000 9.557247 -68.133180 -58.575933 15718.437714 -58.575933 0.002771
743 7430.000000 10.166466 -68.145131 -57.978665 16720.395654 -57.978665 0.002778
744 7440.000000 10.062513 -68.239147 -58.176634 16549.428732 -58.176634 0.002761
745 7450.000000 10.075858 -68.358880 -58.283022 16571.376167 -58.283022 0.002732
746 7460.000000 10.162683 -68.438442 -58.275759 16714.174453 -58.275759 0.002711
747 7470.000000 10.353728 -68.495638 -58.141910 17028.378637 -58.141910 0.002689
748 7480.000000 10.344587 -68.517377 -58.172790 17013.344571 -58.172790 0.002679
749 7490.000000 10.134037 -68.501812 -58.367775 16667.061685 -58.367775 0.002673
750 7500.000000 9.751472 -68.442911 -58.691439 16037.870607 -58.691439 0.002672
751 7510.000000 9.605374 -68.381054 -58.775680 15797.589491 -58.775680 0.002670
752 7520.000000 9.318159 -68.345745 -59.027586 15325.218307 -59.027586 0.002663
753 7530.000000 9.289294 -68.364433 -59.075140 15277.744460 -59.075140 0.002640
754 7540.000000 9.127123 -68.394551 -59.267428 15011.028021 -59.267428 0.002604
755 7550.000000 9.147133 -68.407734 -59.260601 15043.938703 -59.260601 0.002576
756 7560.000000 9.153075 -68.407831 -59.254755 15053.711193 -59.254755 0.002552
757 7570.000000 9.168560 -68.392742 -59.224182 15079.177963 -59.224182 0.002535
758 7580.000000 9.112841 -68.357219 -59.244377 14987.540294 -59.244377 0.002532
759 7590.000000 8.979683 -68.318567 -59.338884 14768.540091 -59.338884 0.002529
760 7600.000000 8.942441 -68.286660 -59.344219 14707.288813 -59.344219 0.002526
761 7610.000000 8.597310 -68.282840 -59.685530 14139.664896 -59.685530 0.002516
762 7620.000000 8.431612 -68.283596 -59.851983 13867.148657 -59.851983 0.002514
763 7630.000000 8.513748 -68.285899 -59.772151 14002.234877 -59.772151 0.002512
764 7640.000000 8.243749 -68.297150 -60.053400 13558.178124 -60.053400 0.002510
765 7650.000000 8.396707 -68.311825 -59.915118 13809.741522 -59.915118 0.002508
766 7660.000000 8.178136 -68.342411 -60.164275 13450.265684 -60.164275 0.002501
767 7670.000000 8.193283 -68.402387 -60.209104 13475.178314 -60.209104 0.002488
768 7680.000000 8.433195 -68.480016 -60.046821 13869.751802 -60.046821 0.002470
769 7690.000000 8.341232 -68.530402 -60.189171 13718.503770 -60.189171 0.002464
770 7700.000000 8.571196 -68.530575 -59.959379 14096.717234 -59.959379 0.002474
771 7710.000000 8.722496 -68.499744 -59.777248 14345.554369 -59.777248 0.002496
772 7720.000000 8.312366 -68.437041 -60.124675 13671.029148 -60.124675 0.002532
773 7730.000000 8.100278 -68.379378 -60.279099 13322.216828 -60.279099 0.002563
774 7740.000000 8.072992 -68.352320 -60.279328 13277.339740 -60.279328 0.002583
775 7750.000000 8.442038 -68.359664 -59.917626 13884.296338 -59.917626 0.002591
776 7760.000000 8.049421 -68.380549 -60.331128 13238.573976 -60.331128 0.002594
777 7770.000000 8.400822 -68.388561 -59.987738 13816.510055 -59.987738 0.002603
778 7780.000000 8.457598 -68.391487 -59.933889 13909.887040 -59.933889 0.002621
779 7790.000000 8.853728 -68.392616 -59.538888 14561.385859 -59.538888 0.002636
780 7800.000000 8.637272 -68.412193 -59.774920 14205.390281 -59.774920 0.002644
781 7810.000000 9.066337 -68.426584 -59.360247 14911.056472 -59.360247 0.002653
782 7820.000000 9.103962 -68.407253 -59.303290 14972.937221 -59.303290 0.002679
783 7830.000000 9.137002 -68.353607 -59.216605 15027.276494 -59.216605 0.002717
784 7840.000000 8.850143 -68.264835 -59.414692 14555.489910 -59.414692 0.002766
785 7850.000000 9.288972 -68.225352 -58.936379 15277.216236 -58.936379 0.002795
786 7860.000000 9.201881 -68.236542 -59.034661 15133.980728 -59.034661 0.002814
787 7870.000000 9.319031 -68.217453 -58.898423 15326.651627 -58.898423 0.002840
788 7880.000000 8.848075 -68.146719 -59.298644 14552.088515 -59.298644 0.002861
789 7890.000000 8.874452 -68.072900 -59.198448 14595.471053 -59.198448 0.002876
790 7900.000000 8.819495 -68.051678 -59.232184 14505.084293 -59.232184 0.002870
791 7910.000000 8.817154 -68.080727 -59.263573 14501.234875 -59.263573 0.002843
792 7920.000000 8.966123 -68.142452 -59.176329 14746.238459 -59.176329 0.002808
793 7930.000000 8.766322 -68.168362 -59.402040 14417.633172 -59.402040 0.002788
794 7940.000000 9.011145 -68.173949 -59.162804 14820.283866 -59.162804 0.002779
795 7950.000000 8.848346 -68.118448 -59.270102 14552.534783 -59.270102 0.002784
796 7960.000000 8.959525 -68.023861 -59.064336 14735.387252 -59.064336 0.002801
797 7970.000000 8.440319 -67.922709 -59.482390 13881.468500 -59.482390 0.002818
798 7980.000000 8.128677 -67.879180 -59.750503 13368.922000 -59.750503 0.002824
799 7990.000000 8.167710 -67.919961 -59.752251 13433.119666 -59.752251 0.002800
800 8000.000000 8.346913 -68.003077 -59.656164 13727.847540 -59.656164 0.002754
801 8010.000000 8.993624 -68.068759 -59.075136 14791.467509 -59.075136 0.002708
802 8020.000000 8.626396 -68.094440 -59.468044 14187.501891 -59.468044 0.002671
803 8030.000000 8.846214 -68.087071 -59.240857 14549.028491 -59.240857 0.002647
804 8040.000000 8.873207 -68.081675 -59.208468 14593.423046 -59.208468 0.002630
805 8050.000000 9.095286 -68.097279 -59.001992 14958.668097 -59.001992 0.002616
806 8060.000000 9.301913 -68.133984 -58.832071 15298.498728 -58.832071 0.002599
807 8070.000000 9.414434 -68.146998 -58.732563 15483.558170 -58.732563 0.002599
808 8080.000000 8.771820 -68.141064 -59.369244 14426.675363 -59.369244 0.002618
809 8090.000000 9.082139 -68.130292 -59.048153 14937.044619 -59.048153 0.002637
810 8100.000000 8.800299 -68.108726 -59.308428 14473.512925 -59.308428 0.002655
811 8110.000000 9.011015 -68.106426 -59.095410 14820.071049 -59.095410 0.002658
812 8120.000000 9.168293 -68.109844 -58.941552 15078.739176 -58.941552 0.002654
813 8130.000000 8.928089 -68.157769 -59.229679 14683.685458 -59.229679 0.002642
814 8140.000000 9.255131 -68.266072 -59.010941 15221.557636 -59.010941 0.002617
815 8150.000000 9.561180 -68.391210 -58.830030 15724.905649 -58.830030 0.002580
816 8160.000000 9.765189 -68.497658 -58.732469 16060.431368 -58.732469 0.002548
817 8170.000000 9.581456 -68.565329 -58.983873 15758.253350 -58.983873 0.002528
818 8180.000000 9.439421 -68.612666 -59.173245 15524.653402 -59.173245 0.002520
819 8190.000000 9.426509 -68.657205 -59.230696 15503.417209 -59.230696 0.002519
820 8200.000000 9.062241 -68.701376 -59.639135 14904.320469 -59.639135 0.002516
821 8210.000000 9.356289 -68.733624 -59.377335 15387.929449 -59.377335 0.002510
822 8220.000000 9.515581 -68.753048 -59.237467 15649.910851 -59.237467 0.002510
823 8230.000000 9.701082 -68.752599 -59.051518 15954.996683 -59.051518 0.002510
824 8240.000000 9.357732 -68.727265 -59.369534 15390.301567 -59.369534 0.002515
825 8250.000000 9.365856 -68.686096 -59.320240 15403.664257 -59.320240 0.002526
826 8260.000000 9.788114 -68.658131 -58.870017 16098.135369 -58.870017 0.002532
827 8270.000000 9.515696 -68.627026 -59.111330 15650.099997 -59.111330 0.002539
828 8280.000000 9.622802 -68.587585 -58.964783 15826.252412 -58.964783 0.002553
829 8290.000000 9.659254 -68.537146 -58.877893 15886.203331 -58.877893 0.002574
830 8300.000000 9.649373 -68.476571 -58.827199 15869.952365 -58.827199 0.002598
831 8310.000000 10.111768 -68.426573 -58.314805 16630.436708 -58.314805 0.002624
832 8320.000000 9.686978 -68.397920 -58.710943 15931.799917 -58.710943 0.002648
833 8330.000000 9.446124 -68.389524 -58.943400 15535.676742 -58.943400 0.002661
834 8340.000000 9.838361 -68.421338 -58.582977 16180.774323 -58.582977 0.002666
835 8350.000000 9.903855 -68.449698 -58.545842 16288.490122 -58.545842 0.002672
836 8360.000000 10.114738 -68.447453 -58.332715 16635.321596 -58.332715 0.002683
837 8370.000000 10.237561 -68.424627 -58.187066 16837.323154 -58.187066 0.002698
838 8380.000000 10.046656 -68.399827 -58.353170 16523.349764 -58.353170 0.002714
839 8390.000000 9.797903 -68.386700 -58.588797 16114.233940 -58.588797 0.002709
840 8400.000000 9.480504 -68.394498 -58.913994 15592.220768 -58.913994 0.002694
841 8410.000000 9.328574 -68.416047 -59.087474 15342.347148 -59.087474 0.002672
842 8420.000000 9.695584 -68.429931 -58.734346 15945.954997 -58.734346 0.002656
843 8430.000000 9.521439 -68.463643 -58.942204 15659.544902 -58.942204 0.002628
844 8440.000000 9.515193 -68.489958 -58.974765 15649.273094 -58.974765 0.002602
845 8450.000000 9.503071 -68.473150 -58.970079 15629.335358 -58.970079 0.002583
846 8460.000000 9.379415 -68.444411 -59.064996 15425.963850 -59.064996 0.002564
847 8470.000000 9.229493 -68.409907 -59.180413 15179.392969 -59.180413 0.002550
848 8480.000000 9.095411 -68.416773 -59.321362 14958.873461 -59.321362 0.002532
849 8490.000000 8.916270 -68.447836 -59.531566 14664.246920 -59.531566 0.002514
850 8500.000000 8.824721 -68.474982 -59.650261 14513.679807 -59.650261 0.002502
851 8510.000000 8.627362 -68.472204 -59.844842 14189.091512 -59.844842 0.002502
852 8520.000000 8.723199 -68.455483 -59.732285 14346.709567 -59.732285 0.002513
853 8530.000000 8.848795 -68.459964 -59.611169 14553.272772 -59.611169 0.002523
854 8540.000000 8.704380 -68.463576 -59.759196 14315.759191 -59.759196 0.002537
855 8550.000000 8.230568 -68.464632 -60.234064 13536.498765 -60.234064 0.002549
856 8560.000000 8.397776 -68.479752 -60.081976 13811.499982 -60.081976 0.002558
857 8570.000000 8.418012 -68.502136 -60.084124 13844.780189 -60.084124 0.002571
