# istep , time , K , V , E , T , H_eff, P
1 10.000000 2.784958 -73.202538 -70.417580 4580.313368 -70.417580 0.001153
2 20.000000 3.071996 -73.201970 -70.129974 5052.393983 -70.129974 0.001164
3 30.000000 3.301346 -73.206840 -69.905494 5429.596953 -69.905494 0.001173
4 40.000000 3.188588 -73.212000 -70.023413 5244.147488 -70.023413 0.001178
5 50.000000 3.340440 -73.204049 -69.863609 5493.892681 -69.863609 0.001185
6 60.000000 3.455343 -73.181478 -69.726135 5682.870124 -69.726135 0.001191
7 70.000000 3.416844 -73.156358 -69.739514 5619.551597 -69.739514 0.001189
8 80.000000 3.425083 -73.110853 -69.685769 5633.103264 -69.685769 0.001184
9 90.000000 3.324992 -73.075426 -69.750434 5468.486942 -69.750434 0.001177
10 100.000000 3.358524 -73.043942 -69.685417 5523.636120 -69.685417 0.001165
11 110.000000 3.523848 -73.035267 -69.511419 5795.537909 -69.511419 0.001142
12 120.000000 3.576342 -73.019605 -69.443263 5881.872800 -69.443263 0.001121
13 130.000000 3.554713 -73.001765 -69.447052 5846.299386 -69.447052 0.001095
14 140.000000 3.956671 -72.987561 -69.030890 6507.384831 -69.030890 0.001068
15 150.000000 4.137623 -72.940113 -68.802491 6804.989007 -68.802491 0.001045
16 160.000000 4.159483 -72.869510 -68.710027 6840.942055 -68.710027 0.001036
17 170.000000 4.115372 -72.791561 -68.676189 6768.394593 -68.676189 0.001034
18 180.000000 4.086064 -72.710438 -68.624373 6720.192697 -68.624373 0.001034
19 190.000000 4.130195 -72.628403 -68.498208 6792.772928 -68.498208 0.001036
20 200.000000 4.075097 -72.567453 -68.492356 6702.155547 -68.492356 0.001034
21 210.000000 4.015979 -72.571222 -68.555243 6604.926819 -68.555243 0.001025
22 220.000000 3.993748 -72.596483 -68.602735 6568.363268 -68.602735 0.001014
23 230.000000 4.084338 -72.623246 -68.538908 6717.354298 -68.538908 0.001008
24 240.000000 4.137135 -72.650511 -68.513376 6804.186971 -68.513376 0.001011
25 250.000000 4.333429 -72.652254 -68.318825 7127.024506 -68.318825 0.001021
26 260.000000 4.448931 -72.627367 -68.178436 7316.985597 -68.178436 0.001030
27 270.000000 4.479791 -72.595326 -68.115535 7367.739879 -68.115535 0.001047
28 280.000000 4.399099 -72.555405 -68.156306 7235.029157 -68.156306 0.001071
29 290.000000 4.190337 -72.520082 -68.329745 6891.685686 -68.329745 0.001094
30 300.000000 4.099702 -72.492219 -68.392518 6742.622101 -68.392518 0.001115
31 310.000000 4.189765 -72.450280 -68.260515 6890.744752 -68.260515 0.001133
32 320.000000 4.161610 -72.399564 -68.237954 6844.439643 -68.237954 0.001154
33 330.000000 4.050053 -72.334148 -68.284095 6660.967183 -68.284095 0.001176
34 340.000000 3.963618 -72.270232 -68.306614 6518.809805 -68.306614 0.001193
35 350.000000 4.082586 -72.225898 -68.143312 6714.472758 -68.143312 0.001203
36 360.000000 3.988342 -72.233526 -68.245184 6559.472309 -68.245184 0.001201
37 370.000000 4.112192 -72.281370 -68.169177 6763.164983 -68.169177 0.001192
38 380.000000 4.142469 -72.346376 -68.203907 6812.960220 -68.203907 0.001180
39 390.000000 4.274088 -72.395005 -68.120918 7029.427585 -68.120918 0.001173
40 400.000000 4.275358 -72.400029 -68.124671 7031.517847 -68.124671 0.001179
41 410.000000 4.400432 -72.353533 -67.953101 7237.221808 -67.953101 0.001198
42 420.000000 4.385093 -72.268434 -67.883340 7211.994140 -67.883340 0.001228
43 430.000000 4.218359 -72.172752 -67.954393 6937.773395 -67.954393 0.001268
44 440.000000 3.977148 -72.087241 -68.110093 6541.062323 -68.110093 0.001304
45 450.000000 4.018592 -72.032672 -68.014079 6609.224631 -68.014079 0.001328
46 460.000000 3.876522 -71.989719 -68.113196 6375.567545 -68.113196 0.001338
47 470.000000 4.069146 -71.958615 -67.889468 6692.368473 -67.889468 0.001341
48 480.000000 4.121102 -71.944571 -67.823468 6777.818937 -67.823468 0.001336
49 490.000000 4.118641 -71.929274 -67.810633 6773.770608 -67.810633 0.001320
50 500.000000 4.251153 -71.911488 -67.660335 6991.707754 -67.660335 0.001291
51 510.000000 4.185653 -71.891175 -67.705523 6883.982047 -67.705523 0.001254
52 520.000000 4.069622 -71.866003 -67.796381 6693.150525 -67.796381 0.001214
53 530.000000 4.047598 -71.838168 -67.790569 6656.929709 -67.790569 0.001175
54 540.000000 4.052320 -71.822814 -67.770494 6664.695312 -67.770494 0.001135
55 550.000000 3.960724 -71.791625 -67.830901 6514.051053 -67.830901 0.001104
56 560.000000 3.911847 -71.757642 -67.845794 6433.664981 -67.845794 0.001075
57 570.000000 3.886529 -71.698375 -67.811846 6392.024584 -67.811846 0.001051
58 580.000000 3.933244 -71.628652 -67.695408 6468.855868 -67.695408 0.001030
59 590.000000 3.901446 -71.560559 -67.659113 6416.558452 -67.659113 0.001010
60 600.000000 3.772088 -71.500847 -67.728760 6203.807891 -67.728760 0.001001
61 610.000000 3.763926 -71.450740 -67.686814 6190.384759 -67.686814 0.000994
62 620.000000 3.950740 -71.423070 -67.472331 6497.629591 -67.472331 0.000987
63 630.000000 3.880170 -71.414554 -67.534384 6381.567306 -67.534384 0.000977
64 640.000000 3.918268 -71.411837 -67.493569 6444.224857 -67.493569 0.000976
65 650.000000 3.910822 -71.424619 -67.513797 6431.979381 -67.513797 0.000975
66 660.000000 4.119254 -71.434915 -67.315662 6774.778085 -67.315662 0.000978
67 670.000000 4.127436 -71.440559 -67.313124 6788.235066 -67.313124 0.000984
68 680.000000 4.274867 -71.445316 -67.170449 7030.709628 -67.170449 0.000998
69 690.000000 4.250647 -71.443855 -67.193208 6990.876351 -67.193208 0.001011
70 700.000000 4.361452 -71.423641 -67.062189 7173.112903 -67.062189 0.001026
71 710.000000 4.284505 -71.415641 -67.131136 7046.560665 -67.131136 0.001046
72 720.000000 4.345930 -71.404251 -67.058322 7147.583337 -67.058322 0.001065
73 730.000000 4.271140 -71.402947 -67.131806 7024.580672 -67.131806 0.001086
74 740.000000 4.050980 -71.426582 -67.375603 6662.490483 -67.375603 0.001101
75 750.000000 4.139245 -71.479694 -67.340449 6807.657277 -67.340449 0.001113
76 760.000000 4.317616 -71.539776 -67.222161 7101.016567 -67.222161 0.001122
77 770.000000 4.302849 -71.579822 -67.276973 7076.731222 -67.276973 0.001132
78 780.000000 4.395820 -71.601900 -67.206080 7229.636114 -67.206080 0.001144
79 790.000000 4.435654 -71.609110 -67.173456 7295.150370 -67.173456 0.001159
80 800.000000 4.336708 -71.612201 -67.275493 7132.417339 -67.275493 0.001178
81 810.000000 4.223165 -71.609431 -67.386266 6945.676698 -67.386266 0.001192
82 820.000000 4.425981 -71.623892 -67.197911 7279.241234 -67.197911 0.001198
83 830.000000 4.619685 -71.645331 -67.025646 7597.818755 -67.025646 0.001196
84 840.000000 4.545731 -71.672614 -67.126883 7476.189306 -67.126883 0.001182
85 850.000000 4.627181 -71.689375 -67.062194 7610.146503 -67.062194 0.001170
86 860.000000 4.348303 -71.696959 -67.348656 7151.486932 -67.348656 0.001163
87 870.000000 4.330762 -71.692571 -67.361809 7122.637395 -67.361809 0.001151
88 880.000000 4.443211 -71.683467 -67.240255 7307.578710 -67.240255 0.001139
89 890.000000 4.774924 -71.678529 -66.903605 7853.133682 -66.903605 0.001124
90 900.000000 5.010785 -71.665547 -66.654763 8241.045068 -66.654763 0.001106
91 910.000000 5.327367 -71.643975 -66.316608 8761.716449 -66.316608 0.001090
92 920.000000 5.244812 -71.622575 -66.377763 8625.940974 -66.377763 0.001077
93 930.000000 5.038153 -71.594619 -66.556466 8286.056394 -66.556466 0.001067
94 940.000000 5.121784 -71.552013 -66.430229 8423.601003 -66.430229 0.001055
95 950.000000 5.106633 -71.511202 -66.404569 8398.683787 -66.404569 0.001049
96 960.000000 5.072759 -71.496815 -66.424056 8342.971237 -66.424056 0.001039
97 970.000000 5.156748 -71.491460 -66.334712 8481.104761 -66.334712 0.001029
98 980.000000 5.013755 -71.469697 -66.455941 8245.930384 -66.455941 0.001017
99 990.000000 4.844609 -71.446431 -66.601822 7967.742246 -66.601822 0.001007
100 1000.000000 4.921667 -71.416248 -66.494582 8094.476250 -66.494582 0.000996
101 1010.000000 4.742862 -71.381879 -66.639017 7800.402448 -66.639017 0.000990
102 1020.000000 4.887400 -71.349317 -66.461917 8038.119347 -66.461917 0.000992
103 1030.000000 5.072595 -71.317081 -66.244486 8342.702267 -66.244486 0.000995
104 1040.000000 4.973575 -71.279929 -66.306354 8179.847273 -66.306354 0.001005
105 1050.000000 4.984731 -71.230448 -66.245716 8198.195809 -66.245716 0.001022
106 1060.000000 4.881595 -71.200525 -66.318930 8028.572235 -66.318930 0.001034
107 1070.000000 4.776326 -71.168089 -66.391763 7855.440134 -66.391763 0.001042
108 1080.000000 4.756972 -71.164848 -66.407876 7823.609128 -66.407876 0.001042
109 1090.000000 4.797076 -71.172884 -66.375808 7889.566466 -66.375808 0.001040
110 1100.000000 4.917176 -71.195122 -66.277946 8087.090464 -66.277946 0.001032
111 1110.000000 4.879218 -71.213201 -66.333983 8024.662812 -66.333983 0.001019
112 1120.000000 4.965037 -71.215624 -66.250587 8165.806167 -66.250587 0.001012
113 1130.000000 4.898300 -71.191142 -66.292842 8056.045873 -66.292842 0.001020
114 1140.000000 4.755816 -71.137610 -66.381794 7821.707132 -66.381794 0.001039
115 1150.000000 4.622250 -71.065283 -66.443033 7602.036802 -66.443033 0.001062
116 1160.000000 4.637989 -70.995250 -66.357261 7627.923168 -66.357261 0.001086
117 1170.000000 4.661449 -70.965639 -66.304190 7666.506461 -66.304190 0.001098
118 1180.000000 4.753210 -70.956946 -66.203736 7817.421551 -66.203736 0.001102
119 1190.000000 4.962089 -70.960539 -65.998450 8160.957043 -65.998450 0.001101
120 1200.000000 4.926196 -70.976788 -66.050592 8101.925636 -66.050592 0.001095
121 1210.000000 5.006129 -71.005481 -65.999352 8233.387498 -65.999352 0.001088
122 1220.000000 4.898551 -71.026531 -66.127980 8056.458410 -66.127980 0.001080
123 1230.000000 4.889349 -71.032543 -66.143194 8041.325168 -66.143194 0.001068
124 1240.000000 4.766183 -71.003837 -66.237654 7838.757775 -66.237654 0.001059
125 1250.000000 4.854438 -70.978826 -66.124388 7983.907217 -66.124388 0.001054
126 1260.000000 4.792224 -70.974707 -66.182483 7881.586691 -66.182483 0.001049
127 1270.000000 4.571481 -70.994916 -66.423435 7518.540006 -66.423435 0.001041
128 1280.000000 4.775463 -71.042810 -66.267346 7854.020652 -66.267346 0.001024
129 1290.000000 5.105548 -71.099199 -65.993651 8396.897945 -65.993651 0.001008
130 1300.000000 5.056651 -71.133449 -66.076798 8316.480295 -66.076798 0.000992
131 1310.000000 5.146349 -71.170676 -66.024327 8464.002197 -66.024327 0.000981
132 1320.000000 5.166088 -71.202173 -66.036085 8496.465826 -66.036085 0.000975
133 1330.000000 5.054422 -71.220978 -66.166556 8312.813909 -66.166556 0.000974
134 1340.000000 5.179862 -71.232471 -66.052608 8519.120616 -66.052608 0.000976
135 1350.000000 4.878634 -71.241991 -66.363357 8023.701267 -66.363357 0.000981
136 1360.000000 4.968302 -71.240959 -66.272657 8171.175529 -66.272657 0.000985
137 1370.000000 5.129404 -71.244250 -66.114847 8436.133078 -66.114847 0.000989
138 1380.000000 4.919992 -71.232427 -66.312435 8091.722613 -66.312435 0.000993
139 1390.000000 5.123109 -71.204706 -66.081597 8425.781007 -66.081597 0.000999
140 1400.000000 5.186317 -71.165705 -65.979388 8529.736759 -65.979388 0.001006
141 1410.000000 5.175388 -71.148887 -65.973499 8511.761885 -65.973499 0.001006
142 1420.000000 5.227077 -71.129114 -65.902036 8596.773579 -65.902036 0.001011
143 1430.000000 5.252221 -71.112553 -65.860331 8638.126791 -65.860331 0.001009
144 1440.000000 5.142422 -71.090255 -65.947833 8457.544032 -65.947833 0.001012
145 1450.000000 5.094499 -71.079233 -65.984734 8378.726197 -65.984734 0.001012
146 1460.000000 5.148251 -71.068571 -65.920320 8467.130748 -65.920320 0.001007
147 1470.000000 5.112702 -71.055089 -65.942387 8408.664915 -65.942387 0.001005
148 1480.000000 5.007721 -71.033327 -66.025606 8236.006906 -66.025606 0.001009
149 1490.000000 4.834864 -71.009154 -66.174290 7951.714647 -66.174290 0.001010
150 1500.000000 4.789799 -70.979879 -66.190081 7877.597839 -66.190081 0.001010
151 1510.000000 4.746072 -70.942174 -66.196102 7805.682245 -66.196102 0.001005
152 1520.000000 4.847128 -70.900069 -66.052941 7971.885041 -66.052941 0.000998
153 1530.000000 4.533234 -70.854132 -66.320898 7455.636347 -66.320898 0.000990
154 1540.000000 4.417801 -70.816476 -66.398676 7265.786962 -66.398676 0.000977
155 1550.000000 4.320641 -70.787992 -66.467351 7105.992486 -66.467351 0.000966
156 1560.000000 4.552792 -70.777665 -66.224873 7487.802408 -66.224873 0.000956
157 1570.000000 4.491964 -70.771309 -66.279344 7387.761267 -66.279344 0.000940
158 1580.000000 4.249785 -70.751275 -66.501490 6989.458749 -66.501490 0.000929
159 1590.000000 4.167846 -70.740634 -66.572789 6854.695715 -66.572789 0.000922
160 1600.000000 4.040278 -70.730134 -66.689855 6644.890580 -66.689855 0.000918
161 1610.000000 3.999096 -70.724273 -66.725177 6577.160171 -66.725177 0.000917
162 1620.000000 4.177530 -70.718071 -66.540541 6870.622784 -66.540541 0.000920
163 1630.000000 4.276576 -70.733054 -66.456478 7033.519517 -66.456478 0.000923
164 1640.000000 4.455563 -70.767782 -66.312220 7327.892760 -66.312220 0.000929
165 1650.000000 4.664702 -70.798916 -66.134215 7671.855485 -66.134215 0.000932
166 1660.000000 4.770502 -70.821326 -66.050825 7845.860982 -66.050825 0.000933
167 1670.000000 4.657563 -70.840304 -66.182741 7660.115646 -66.182741 0.000939
168 1680.000000 4.626319 -70.858022 -66.231702 7608.729855 -66.231702 0.000953
169 1690.000000 4.462370 -70.866243 -66.403874 7339.087889 -66.403874 0.000969
170 1700.000000 4.529356 -70.866991 -66.337635 7449.257380 -66.337635 0.000983
171 1710.000000 4.467826 -70.869608 -66.401782 7348.061829 -66.401782 0.000998
172 1720.000000 4.400538 -70.864545 -66.464007 7237.395054 -66.464007 0.001013
173 1730.000000 4.344771 -70.863355 -66.518585 7145.677187 -66.518585 0.001029
174 1740.000000 4.524365 -70.851558 -66.327193 7441.049615 -66.327193 0.001044
175 1750.000000 4.606372 -70.831902 -66.225530 7575.922792 -66.225530 0.001058
176 1760.000000 4.501145 -70.808224 -66.307079 7402.860278 -66.307079 0.001078
177 1770.000000 4.506347 -70.778303 -66.271956 7411.415649 -66.271956 0.001089
178 1780.000000 4.627467 -70.796443 -66.168976 7610.617043 -66.168976 0.001087
179 1790.000000 4.580532 -70.852931 -66.272400 7533.424496 -66.272400 0.001073
180 1800.000000 4.637729 -70.930096 -66.292367 7627.494504 -66.292367 0.001054
181 1810.000000 4.696280 -70.975344 -66.279064 7723.791147 -66.279064 0.001039
182 1820.000000 4.692792 -70.990368 -66.297576 7718.054224 -66.297576 0.001032
183 1830.000000 4.647540 -70.987810 -66.340270 7643.630779 -66.340270 0.001033
184 1840.000000 4.537628 -70.987014 -66.449385 7462.862764 -66.449385 0.001033
185 1850.000000 4.533462 -70.985815 -66.452352 7456.011577 -66.452352 0.001036
186 1860.000000 4.497604 -70.999474 -66.501870 7397.037094 -66.501870 0.001037
187 1870.000000 4.436301 -71.008640 -66.572339 7296.213906 -66.572339 0.001036
188 1880.000000 4.573665 -71.013291 -66.439626 7522.131545 -66.439626 0.001038
189 1890.000000 4.448519 -71.012451 -66.563932 7316.308654 -66.563932 0.001038
190 1900.000000 4.528799 -71.011806 -66.483008 7448.341360 -66.483008 0.001036
191 1910.000000 4.605089 -71.030611 -66.425522 7573.812487 -66.425522 0.001025
192 1920.000000 4.602302 -71.068261 -66.465959 7569.230125 -66.465959 0.001000
193 1930.000000 4.693335 -71.096406 -66.403071 7718.948343 -66.403071 0.000978
194 1940.000000 4.674523 -71.110459 -66.435936 7688.008279 -66.435936 0.000960
195 1950.000000 4.712629 -71.121390 -66.408761 7750.679350 -66.408761 0.000945
196 1960.000000 4.713025 -71.124829 -66.411804 7751.330839 -66.411804 0.000935
197 1970.000000 4.643128 -71.127518 -66.484391 7636.373637 -66.484391 0.000929
198 1980.000000 4.621273 -71.107231 -66.485957 7600.430942 -66.485957 0.000934
199 1990.000000 4.597989 -71.057490 -66.459501 7562.135624 -66.459501 0.000947
200 2000.000000 4.545646 -70.996993 -66.451347 7476.049798 -66.451347 0.000961
201 2010.000000 4.466483 -70.937504 -66.471021 7345.853198 -66.471021 0.000978
202 2020.000000 4.423998 -70.876932 -66.452933 7275.979773 -66.452933 0.000990
203 2030.000000 4.261110 -70.841528 -66.580418 7008.084068 -66.580418 0.000999
204 2040.000000 4.078321 -70.861081 -66.782760 6707.457537 -66.782760 0.000987
205 2050.000000 4.151095 -70.929954 -66.778859 6827.146928 -66.778859 0.000963
206 2060.000000 4.282506 -71.004715 -66.722209 7043.273428 -66.722209 0.000934
207 2070.000000 4.456362 -71.072163 -66.615802 7329.206634 -66.615802 0.000906
208 2080.000000 4.693803 -71.132430 -66.438627 7719.716703 -66.438627 0.000882
209 2090.000000 4.644212 -71.176051 -66.531839 7638.157186 -66.531839 0.000864
210 2100.000000 4.848833 -71.219784 -66.370951 7974.689681 -66.370951 0.000850
211 2110.000000 4.871497 -71.246388 -66.374891 8011.963924 -66.374891 0.000844
212 2120.000000 4.922863 -71.276439 -66.353576 8096.444368 -66.353576 0.000835
213 2130.000000 5.072294 -71.301575 -66.229281 8342.207219 -66.229281 0.000833
214 2140.000000 5.222539 -71.324678 -66.102139 8589.309582 -66.102139 0.000833
215 2150.000000 5.162082 -71.351058 -66.188976 8489.877231 -66.188976 0.000833
216 2160.000000 5.270283 -71.372503 -66.102220 8667.832541 -66.102220 0.000836
217 2170.000000 5.414885 -71.400573 -65.985688 8905.652686 -65.985688 0.000845
218 2180.000000 5.196683 -71.412897 -66.216214 8546.784484 -66.216214 0.000857
219 2190.000000 4.869803 -71.436055 -66.566252 8009.177811 -66.566252 0.000872
220 2200.000000 4.902457 -71.454092 -66.551635 8062.882697 -66.551635 0.000880
221 2210.000000 4.768882 -71.477848 -66.708967 7843.196301 -66.708967 0.000892
222 2220.000000 4.739693 -71.499192 -66.759499 7795.191579 -66.759499 0.000906
223 2230.000000 4.741357 -71.499662 -66.758304 7797.928418 -66.758304 0.000923
224 2240.000000 4.673116 -71.487044 -66.813928 7685.694553 -66.813928 0.000945
225 2250.000000 4.881870 -71.455301 -66.573431 8029.024607 -66.573431 0.000970
226 2260.000000 4.784239 -71.408143 -66.623904 7868.454689 -66.623904 0.000992
227 2270.000000 4.757359 -71.382098 -66.624738 7824.246147 -66.624738 0.001003
228 2280.000000 4.822728 -71.378765 -66.556037 7931.755053 -66.556037 0.001009
229 2290.000000 4.886729 -71.392836 -66.506107 8037.015653 -66.506107 0.001013
230 2300.000000 4.816700 -71.423410 -66.606710 7921.841721 -66.606710 0.001019
231 2310.000000 4.785599 -71.460107 -66.674508 7870.690055 -66.674508 0.001019
232 2320.000000 4.617664 -71.479362 -66.861698 7594.494039 -66.861698 0.001022
233 2330.000000 4.456602 -71.462813 -67.006210 7329.602625 -67.006210 0.001031
234 2340.000000 4.487580 -71.418323 -66.930743 7380.550396 -66.930743 0.001040
235 2350.000000 4.437194 -71.375962 -66.938767 7297.682937 -66.938767 0.001043
236 2360.000000 4.432003 -71.342839 -66.910835 7289.145274 -66.910835 0.001041
237 2370.000000 4.525662 -71.331227 -66.805565 7443.182384 -66.805565 0.001032
238 2380.000000 4.556393 -71.339260 -66.782867 7493.724063 -66.782867 0.001017
239 2390.000000 4.410511 -71.347576 -66.937064 7253.798478 -66.937064 0.001010
240 2400.000000 4.476208 -71.359806 -66.883598 7361.846801 -66.883598 0.001003
241 2410.000000 4.695966 -71.375939 -66.679972 7723.275477 -66.679972 0.001004
242 2420.000000 4.570038 -71.383775 -66.813737 7516.166194 -66.813737 0.001011
243 2430.000000 4.576568 -71.366810 -66.790242 7526.905659 -66.790242 0.001023
244 2440.000000 4.689948 -71.353649 -66.663701 7713.377688 -66.663701 0.001039
245 2450.000000 4.823580 -71.353300 -66.529720 7933.156674 -66.529720 0.001056
246 2460.000000 5.066364 -71.364720 -66.298356 8332.454577 -66.298356 0.001064
247 2470.000000 5.097393 -71.352235 -66.254842 8383.486329 -66.254842 0.001075
248 2480.000000 5.097631 -71.321800 -66.224169 8383.877266 -66.224169 0.001089
249 2490.000000 4.982301 -71.263958 -66.281657 8194.199648 -66.281657 0.001104
250 2500.000000 4.778073 -71.194405 -66.416332 7858.313124 -66.416332 0.001119
251 2510.000000 4.745265 -71.117650 -66.372385 7804.355086 -66.372385 0.001132
252 2520.000000 4.779444 -71.077369 -66.297926 7860.567280 -66.297926 0.001138
253 2530.000000 4.668644 -71.073274 -66.404629 7678.339848 -66.404629 0.001136
254 2540.000000 4.609955 -71.105825 -66.495870 7581.816120 -66.495870 0.001132
255 2550.000000 4.509583 -71.157842 -66.648258 7416.738226 -66.648258 0.001116
256 2560.000000 4.542515 -71.194847 -66.652332 7470.900395 -66.652332 0.001096
257 2570.000000 4.761345 -71.216584 -66.455239 7830.801113 -66.455239 0.001081
258 2580.000000 4.802139 -71.210917 -66.408777 7897.894098 -66.408777 0.001067
259 2590.000000 4.862832 -71.187063 -66.324232 7997.712553 -66.324232 0.001061
260 2600.000000 4.695381 -71.164381 -66.469000 7722.312583 -66.469000 0.001060
261 2610.000000 4.673322 -71.137931 -66.464609 7686.033127 -66.464609 0.001065
262 2620.000000 4.890429 -71.130399 -66.239969 8043.100956 -66.239969 0.001060
263 2630.000000 4.938080 -71.123090 -66.185010 8121.469855 -66.185010 0.001051
264 2640.000000 5.012186 -71.111622 -66.099437 8243.349026 -66.099437 0.001043
265 2650.000000 4.827583 -71.105439 -66.277856 7939.740831 -66.277856 0.001035
266 2660.000000 4.717174 -71.108806 -66.391632 7758.154829 -66.391632 0.001026
267 2670.000000 4.585707 -71.115446 -66.529740 7541.935944 -66.529740 0.001014
268 2680.000000 4.626658 -71.119889 -66.493231 7609.286556 -66.493231 0.001010
269 2690.000000 4.705039 -71.111903 -66.406864 7738.196613 -66.406864 0.001012
270 2700.000000 4.696836 -71.104278 -66.407443 7724.705284 -66.407443 0.001022
271 2710.000000 4.647931 -71.088307 -66.440376 7644.274303 -66.440376 0.001036
272 2720.000000 4.557877 -71.065822 -66.507945 7496.164882 -66.507945 0.001049
273 2730.000000 4.593501 -71.023339 -66.429838 7554.755248 -66.429838 0.001066
274 2740.000000 4.551412 -70.992322 -66.440911 7485.531802 -66.440911 0.001081
275 2750.000000 4.647803 -70.980020 -66.332217 7644.063060 -66.332217 0.001091
276 2760.000000 4.635348 -70.990212 -66.354864 7623.578591 -66.354864 0.001098
277 2770.000000 4.760847 -71.012433 -66.251586 7829.982222 -66.251586 0.001102
278 2780.000000 4.987037 -71.040028 -66.052991 8201.987457 -66.052991 0.001091
279 2790.000000 5.056377 -71.065358 -66.008981 8316.028981 -66.008981 0.001074
280 2800.000000 5.072001 -71.084969 -66.012968 8341.725597 -66.012968 0.001054
281 2810.000000 4.951291 -71.099951 -66.148661 8143.197797 -66.148661 0.001033
282 2820.000000 5.176090 -71.104019 -65.927928 8512.916646 -65.927928 0.001016
283 2830.000000 5.188211 -71.126091 -65.937880 8532.850882 -65.937880 0.000996
284 2840.000000 5.124726 -71.143201 -66.018475 8428.440472 -66.018475 0.000978
285 2850.000000 5.137685 -71.168116 -66.030430 8449.753850 -66.030430 0.000962
286 2860.000000 5.250667 -71.171449 -65.920781 8635.570525 -65.920781 0.000947
287 2870.000000 5.072966 -71.161755 -66.088789 8343.312330 -66.088789 0.000933
288 2880.000000 5.073645 -71.160896 -66.087251 8344.428316 -66.087251 0.000921
289 2890.000000 4.950892 -71.169221 -66.218329 8142.542113 -66.218329 0.000914
290 2900.000000 5.099446 -71.187913 -66.088467 8386.862973 -66.088467 0.000915
291 2910.000000 5.068923 -71.198481 -66.129558 8336.663643 -66.129558 0.000918
292 2920.000000 5.129264 -71.195327 -66.066063 8435.902826 -66.066063 0.000915
293 2930.000000 5.330354 -71.194522 -65.864167 8766.629169 -65.864167 0.000916
294 2940.000000 5.368323 -71.203761 -65.835438 8829.074724 -65.835438 0.000917
295 2950.000000 5.159859 -71.217657 -66.057798 8486.221503 -66.057798 0.000923
296 2960.000000 5.047822 -71.250287 -66.202465 8301.958473 -66.202465 0.000931
297 2970.000000 5.094950 -71.295362 -66.200411 8379.468654 -66.200411 0.000941
298 2980.000000 5.079402 -71.355361 -66.275959 8353.897541 -66.275959 0.000959
299 2990.000000 5.279543 -71.405124 -66.125581 8683.061279 -66.125581 0.000989
300 3000.000000 5.370657 -71.391253 -66.020595 8832.913924 -66.020595 0.001031
301 3010.000000 5.202817 -71.333200 -66.130383 8556.873346 -66.130383 0.001083
302 3020.000000 5.046914 -71.249872 -66.202958 8300.465051 -66.202958 0.001136
303 3030.000000 4.934869 -71.196357 -66.261488 8116.190025 -66.261488 0.001178
304 3040.000000 4.862137 -71.198889 -66.336752 7996.570575 -66.336752 0.001201
305 3050.000000 4.873411 -71.230631 -66.357221 8015.111772 -66.357221 0.001212
306 3060.000000 5.137583 -71.316344 -66.178761 8449.585110 -66.178761 0.001208
307 3070.000000 5.064564 -71.429650 -66.365087 8329.493201 -66.365087 0.001189
308 3080.000000 5.177793 -71.538359 -66.360567 8515.716750 -66.360567 0.001164
309 3090.000000 5.318342 -71.617300 -66.298958 8746.872978 -66.298958 0.001142
310 3100.000000 5.358220 -71.641583 -66.283363 8812.458102 -66.283363 0.001125
311 3110.000000 5.453163 -71.628200 -66.175038 8968.607431 -66.175038 0.001109
312 3120.000000 5.429793 -71.599718 -66.169925 8930.172038 -66.169925 0.001093
313 3130.000000 5.238390 -71.564552 -66.326162 8615.378716 -66.326162 0.001077
314 3140.000000 5.268541 -71.521407 -66.252866 8664.966308 -66.252866 0.001066
315 3150.000000 5.030015 -71.471431 -66.441416 8272.672968 -66.441416 0.001058
316 3160.000000 4.922354 -71.404437 -66.482082 8095.607165 -66.482082 0.001053
317 3170.000000 5.031502 -71.335835 -66.304334 8275.117740 -66.304334 0.001047
318 3180.000000 4.948689 -71.285896 -66.337207 8138.918750 -66.337207 0.001034
319 3190.000000 4.782923 -71.242743 -66.459820 7866.290396 -66.459820 0.001022
320 3200.000000 4.916001 -71.215767 -66.299767 8085.157791 -66.299767 0.001005
321 3210.000000 4.836494 -71.221667 -66.385173 7954.395748 -66.385173 0.000986
322 3220.000000 4.970902 -71.226029 -66.255127 8175.451310 -66.255127 0.000963
323 3230.000000 4.914564 -71.245226 -66.330662 8082.795122 -66.330662 0.000935
324 3240.000000 5.095664 -71.262838 -66.167174 8380.643073 -66.167174 0.000910
325 3250.000000 5.056360 -71.274760 -66.218400 8316.001601 -66.218400 0.000885
326 3260.000000 4.972504 -71.282480 -66.309976 8178.086652 -66.309976 0.000862
327 3270.000000 5.109014 -71.288149 -66.179136 8402.598294 -66.179136 0.000851
328 3280.000000 5.060702 -71.299582 -66.238879 8323.142656 -66.238879 0.000846
329 3290.000000 5.181634 -71.308869 -66.127235 8522.033668 -66.127235 0.000849
330 3300.000000 4.992671 -71.324122 -66.331451 8211.254013 -66.331451 0.000860
331 3310.000000 4.953435 -71.340157 -66.386723 8146.723540 -66.386723 0.000875
332 3320.000000 4.865248 -71.347816 -66.482568 8001.686156 -66.482568 0.000888
333 3330.000000 4.484012 -71.348197 -66.864185 7374.681690 -66.864185 0.000902
334 3340.000000 4.489507 -71.350846 -66.861339 7383.719147 -66.861339 0.000925
335 3350.000000 4.565578 -71.356858 -66.791280 7508.831243 -66.791280 0.000946
336 3360.000000 4.500339 -71.367792 -66.867452 7401.535049 -66.867452 0.000960
337 3370.000000 4.405468 -71.380308 -66.974840 7245.504756 -66.974840 0.000969
338 3380.000000 4.499699 -71.404810 -66.905111 7400.481788 -66.905111 0.000973
339 3390.000000 4.489335 -71.434532 -66.945197 7383.436075 -66.945197 0.000972
340 3400.000000 4.650938 -71.451636 -66.800699 7649.218346 -66.800699 0.000970
341 3410.000000 4.621944 -71.485291 -66.863347 7601.534531 -66.863347 0.000970
342 3420.000000 4.562803 -71.529795 -66.966992 7504.266834 -66.966992 0.000968
343 3430.000000 4.399365 -71.588946 -67.189581 7235.466615 -67.189581 0.000958
344 3440.000000 4.242992 -71.621861 -67.378870 6978.285524 -67.378870 0.000954
345 3450.000000 4.244796 -71.615907 -67.371111 6981.252791 -67.371111 0.000956
346 3460.000000 4.309358 -71.572172 -67.262814 7087.435668 -67.262814 0.000966
347 3470.000000 4.456417 -71.506003 -67.049586 7329.297477 -67.049586 0.000981
348 3480.000000 4.412393 -71.431064 -67.018671 7256.892532 -67.018671 0.000997
349 3490.000000 4.308822 -71.352836 -67.044013 7086.554409 -67.044013 0.001009
350 3500.000000 4.418110 -71.313035 -66.894925 7266.296397 -66.894925 0.001012
351 3510.000000 4.353818 -71.319991 -66.966173 7160.557132 -66.966173 0.001006
352 3520.000000 4.296821 -71.352166 -67.055345 7066.817156 -67.055345 0.000990
353 3530.000000 4.484025 -71.407885 -66.923860 7374.703183 -66.923860 0.000969
354 3540.000000 4.613997 -71.447011 -66.833014 7588.463544 -66.833014 0.000952
355 3550.000000 4.613870 -71.473183 -66.859313 7588.254758 -66.859313 0.000940
356 3560.000000 4.626390 -71.483449 -66.857060 7608.845298 -66.857060 0.000929
357 3570.000000 4.515133 -71.472237 -66.957104 7425.866182 -66.957104 0.000923
358 3580.000000 4.549454 -71.443522 -66.894067 7482.312874 -66.894067 0.000926
359 3590.000000 4.422652 -71.395091 -66.972438 7273.766539 -66.972438 0.000935
360 3600.000000 4.528354 -71.334254 -66.805900 7447.609828 -66.805900 0.000946
361 3610.000000 4.371137 -71.281481 -66.910344 7189.040693 -66.910344 0.000960
362 3620.000000 4.517236 -71.260363 -66.743127 7429.323940 -66.743127 0.000973
363 3630.000000 4.407074 -71.279316 -66.872241 7248.145988 -66.872241 0.000985
364 3640.000000 4.869200 -71.317809 -66.448609 8008.186014 -66.448609 0.000997
365 3650.000000 4.920810 -71.345913 -66.425103 8093.067913 -66.425103 0.001015
366 3660.000000 5.054412 -71.348893 -66.294481 8312.797534 -66.294481 0.001038
367 3670.000000 5.170513 -71.335695 -66.165182 8503.744484 -66.165182 0.001063
368 3680.000000 5.319070 -71.307476 -65.988406 8748.070190 -65.988406 0.001082
369 3690.000000 5.289798 -71.293558 -66.003760 8699.927771 -66.003760 0.001104
370 3700.000000 5.147380 -71.325667 -66.178287 8465.698372 -66.178287 0.001113
371 3710.000000 4.944803 -71.376520 -66.431717 8132.527109 -66.431717 0.001120
372 3720.000000 4.934872 -71.418921 -66.484050 8116.193648 -66.484050 0.001123
373 3730.000000 4.903840 -71.435982 -66.532142 8065.156785 -66.532142 0.001132
374 3740.000000 4.909544 -71.429450 -66.519905 8074.539080 -66.519905 0.001133
375 3750.000000 4.867028 -71.405992 -66.538964 8004.613444 -66.538964 0.001132
376 3760.000000 5.056936 -71.364676 -66.307740 8316.948270 -66.307740 0.001126
377 3770.000000 5.012880 -71.314841 -66.301961 8244.490871 -66.301961 0.001121
378 3780.000000 4.693602 -71.275639 -66.582037 7719.386794 -66.582037 0.001113
379 3790.000000 4.747437 -71.266790 -66.519354 7807.927100 -66.519354 0.001089
380 3800.000000 4.841451 -71.279545 -66.438095 7962.547882 -66.438095 0.001058
381 3810.000000 4.898632 -71.292512 -66.393879 8056.592089 -66.393879 0.001028
382 3820.000000 4.887051 -71.301915 -66.414864 8037.545351 -66.414864 0.000997
383 3830.000000 4.886166 -71.308285 -66.422119 8036.089258 -66.422119 0.000968
384 3840.000000 4.690688 -71.316795 -66.626107 7714.594962 -66.626107 0.000945
385 3850.000000 4.624798 -71.331449 -66.706651 7606.227760 -66.706651 0.000923
386 3860.000000 4.794261 -71.345154 -66.550894 7884.936412 -66.550894 0.000908
387 3870.000000 4.843620 -71.343561 -66.499942 7966.115399 -66.499942 0.000906
388 3880.000000 4.802107 -71.325497 -66.523390 7897.840569 -66.523390 0.000911
389 3890.000000 4.640667 -71.294664 -66.653998 7632.325977 -66.653998 0.000916
390 3900.000000 4.575435 -71.259887 -66.684452 7525.042207 -66.684452 0.000922
391 3910.000000 4.461754 -71.230092 -66.768338 7338.075605 -66.768338 0.000929
392 3920.000000 4.314293 -71.236032 -66.921739 7095.551534 -66.921739 0.000928
393 3930.000000 4.292619 -71.281660 -66.989041 7059.905687 -66.989041 0.000918
394 3940.000000 4.143332 -71.327868 -67.184537 6814.378442 -67.184537 0.000913
395 3950.000000 4.231021 -71.378702 -67.147682 6958.597175 -67.147682 0.000910
396 3960.000000 4.216459 -71.429136 -67.212677 6934.647781 -67.212677 0.000911
397 3970.000000 4.385555 -71.473915 -67.088359 7212.754011 -67.088359 0.000918
398 3980.000000 4.278116 -71.490885 -67.212769 7036.053131 -67.212769 0.000925
399 3990.000000 4.325226 -71.491354 -67.166128 7113.533462 -67.166128 0.000932
400 4000.000000 4.362299 -71.472070 -67.109771 7174.506253 -67.109771 0.000944
401 4010.000000 4.345165 -71.454158 -67.108992 7146.326009 -67.108992 0.000957
402 4020.000000 4.394750 -71.460647 -67.065897 7227.877150 -67.065897 0.000967
403 4030.000000 4.467303 -71.478313 -67.011010 7347.202269 -67.011010 0.000982
404 4040.000000 4.460661 -71.491450 -67.030789 7336.278098 -67.030789 0.001005
405 4050.000000 4.371162 -71.502127 -67.130965 7189.082851 -67.130965 0.001021
406 4060.000000 4.302935 -71.515431 -67.212495 7076.872728 -67.212495 0.001036
407 4070.000000 4.433888 -71.534082 -67.100194 7292.245714 -67.100194 0.001043
408 4080.000000 4.464474 -71.561755 -67.097281 7342.548576 -67.097281 0.001041
409 4090.000000 4.316600 -71.577253 -67.260653 7099.346469 -67.260653 0.001038
410 4100.000000 4.207318 -71.571452 -67.364134 6919.614131 -67.364134 0.001039
411 4110.000000 4.178712 -71.552169 -67.373458 6872.566564 -67.373458 0.001038
412 4120.000000 4.016514 -71.518928 -67.502414 6605.807012 -67.502414 0.001043
413 4130.000000 3.974359 -71.473443 -67.499084 6536.475876 -67.499084 0.001047
414 4140.000000 4.053067 -71.434095 -67.381028 6665.922982 -67.381028 0.001048
415 4150.000000 4.175567 -71.412580 -67.237013 6867.393843 -67.237013 0.001047
416 4160.000000 4.132515 -71.400479 -67.267964 6796.588977 -67.267964 0.001041
417 4170.000000 4.107426 -71.422065 -67.314639 6755.325742 -67.314639 0.001036
418 4180.000000 4.069597 -71.451748 -67.382151 6693.109399 -67.382151 0.001032
419 4190.000000 4.120719 -71.454692 -67.333973 6777.187723 -67.333973 0.001035
420 4200.000000 4.138299 -71.439179 -67.300879 6806.101607 -67.300879 0.001042
421 4210.000000 4.166628 -71.415094 -67.248466 6852.692250 -67.248466 0.001054
422 4220.000000 4.111040 -71.391079 -67.280039 6761.269577 -67.280039 0.001070
423 4230.000000 4.002528 -71.387565 -67.385037 6582.804128 -67.385037 0.001078
424 4240.000000 4.070628 -71.415416 -67.344788 6694.806064 -67.344788 0.001082
425 4250.000000 4.285048 -71.466450 -67.181402 7047.453698 -67.181402 0.001082
426 4260.000000 4.412355 -71.514297 -67.101943 7256.829967 -67.101943 0.001079
427 4270.000000 4.399151 -71.538145 -67.138993 7235.114784 -67.138993 0.001081
428 4280.000000 4.396354 -71.533160 -67.136806 7230.515337 -67.136806 0.001090
429 4290.000000 4.402835 -71.516038 -67.113203 7241.173279 -67.113203 0.001102
430 4300.000000 4.403400 -71.480755 -67.077355 7242.102407 -67.077355 0.001119
431 4310.000000 4.509630 -71.447900 -66.938270 7416.815177 -66.938270 0.001136
432 4320.000000 4.306362 -71.406977 -67.100615 7082.507876 -67.100615 0.001148
433 4330.000000 4.282026 -71.360353 -67.078327 7042.483118 -67.078327 0.001160
434 4340.000000 4.170389 -71.303139 -67.132751 6858.878019 -67.132751 0.001173
435 4350.000000 4.115213 -71.269019 -67.153806 6768.133316 -67.153806 0.001178
436 4360.000000 3.986759 -71.245288 -67.258529 6556.869455 -67.258529 0.001176
437 4370.000000 4.179540 -71.232895 -67.053356 6873.928209 -67.053356 0.001168
438 4380.000000 4.143268 -71.242370 -67.099102 6814.273602 -67.099102 0.001157
439 4390.000000 4.123242 -71.247177 -67.123935 6781.338528 -67.123935 0.001135
440 4400.000000 4.129600 -71.244228 -67.114628 6791.795188 -67.114628 0.001111
441 4410.000000 4.113715 -71.227938 -67.114223 6765.668487 -67.114223 0.001092
442 4420.000000 4.091122 -71.202569 -67.111447 6728.510788 -67.111447 0.001076
443 4430.000000 4.299797 -71.177744 -66.877947 7071.710612 -66.877947 0.001062
444 4440.000000 4.368022 -71.164323 -66.796301 7183.918678 -66.796301 0.001048
445 4450.000000 4.717478 -71.167644 -66.450166 7758.654249 -66.450166 0.001032
446 4460.000000 4.898703 -71.164293 -66.265591 8056.707895 -66.265591 0.001011
447 4470.000000 4.886366 -71.168886 -66.282520 8036.418387 -66.282520 0.000999
448 4480.000000 5.039740 -71.183167 -66.143428 8288.666362 -66.143428 0.000984
449 4490.000000 5.050758 -71.211216 -66.160458 8306.787526 -66.160458 0.000970
450 4500.000000 5.023134 -71.229331 -66.206198 8261.354766 -66.206198 0.000957
451 4510.000000 4.760399 -71.231332 -66.470934 7829.245210 -66.470934 0.000941
452 4520.000000 4.750279 -71.214584 -66.464305 7812.601203 -66.464305 0.000934
453 4530.000000 4.643825 -71.203702 -66.559878 7637.520074 -66.559878 0.000928
454 4540.000000 4.724918 -71.192273 -66.467355 7770.891300 -66.467355 0.000924
455 4550.000000 4.956212 -71.190828 -66.234617 8151.291050 -66.234617 0.000915
456 4560.000000 4.953404 -71.177682 -66.224278 8146.672848 -66.224278 0.000909
457 4570.000000 4.859093 -71.150367 -66.291274 7991.562889 -66.291274 0.000903
458 4580.000000 4.936457 -71.119581 -66.183124 8118.801425 -66.183124 0.000896
459 4590.000000 4.961145 -71.101700 -66.140556 8159.404285 -66.140556 0.000890
460 4600.000000 4.889917 -71.096378 -66.206462 8042.258531 -66.206462 0.000880
461 4610.000000 4.837715 -71.102655 -66.264940 7956.403722 -66.264940 0.000870
462 4620.000000 4.999409 -71.126960 -66.127551 8222.336617 -66.127551 0.000863
463 4630.000000 4.940475 -71.150878 -66.210403 8125.409255 -66.210403 0.000859
464 4640.000000 4.916649 -71.181966 -66.265317 8086.223528 -66.265317 0.000861
465 4650.000000 5.073177 -71.210436 -66.137259 8343.659387 -66.137259 0.000865
466 4660.000000 5.096152 -71.230348 -66.134196 8381.445097 -66.134196 0.000873
467 4670.000000 4.930524 -71.231712 -66.301188 8109.043524 -66.301188 0.000887
468 4680.000000 4.981033 -71.227382 -66.246349 8192.113293 -66.246349 0.000902
469 4690.000000 4.988174 -71.214352 -66.226179 8203.858055 -66.226179 0.000922
470 4700.000000 5.004344 -71.181340 -66.176996 8230.452006 -66.176996 0.000944
471 4710.000000 4.850466 -71.140207 -66.289741 7977.375219 -66.289741 0.000969
472 4720.000000 4.832600 -71.096324 -66.263725 7947.991272 -66.263725 0.000994
473 4730.000000 4.758152 -71.075699 -66.317547 7825.550245 -66.317547 0.001010
474 4740.000000 4.883362 -71.064998 -66.181636 8031.478149 -66.181636 0.001017
475 4750.000000 5.076839 -71.078068 -66.001229 8349.681844 -66.001229 0.001015
476 4760.000000 5.141184 -71.107735 -65.966551 8455.508490 -65.966551 0.001009
477 4770.000000 5.105760 -71.143787 -66.038027 8397.247265 -66.038027 0.001001
478 4780.000000 5.317146 -71.172246 -65.855100 8744.905751 -65.855100 0.000994
479 4790.000000 5.345598 -71.176483 -65.830885 8791.699916 -65.830885 0.000993
480 4800.000000 5.293952 -71.178554 -65.884603 8706.759261 -65.884603 0.000991
481 4810.000000 5.124021 -71.173467 -66.049446 8427.280745 -66.049446 0.000986
482 4820.000000 4.954602 -71.169702 -66.215100 8148.643878 -66.215100 0.000976
483 4830.000000 5.075094 -71.159205 -66.084111 8346.812420 -66.084111 0.000970
484 4840.000000 5.128326 -71.131070 -66.002744 8434.360558 -66.002744 0.000963
485 4850.000000 5.255160 -71.084928 -65.829769 8642.959546 -65.829769 0.000957
486 4860.000000 5.294277 -71.024430 -65.730153 8707.293778 -65.730153 0.000953
487 4870.000000 5.383217 -70.947860 -65.564643 8853.569840 -65.564643 0.000953
488 4880.000000 5.358351 -70.850915 -65.492564 8812.673878 -65.492564 0.000952
489 4890.000000 5.156784 -70.765678 -65.608894 8481.164411 -65.608894 0.000951
490 4900.000000 5.220744 -70.717989 -65.497245 8586.357438 -65.497245 0.000945
491 4910.000000 5.053133 -70.725094 -65.671961 8310.694435 -65.671961 0.000929
492 4920.000000 5.199285 -70.760345 -65.561060 8551.063571 -65.561060 0.000902
493 4930.000000 5.172647 -70.818093 -65.645446 8507.253629 -65.645446 0.000873
494 4940.000000 5.089808 -70.871031 -65.781223 8371.012444 -65.781223 0.000853
495 4950.000000 5.118750 -70.912923 -65.794173 8418.610766 -65.794173 0.000842
496 4960.000000 5.366722 -70.940057 -65.573334 8826.442231 -65.573334 0.000837
497 4970.000000 5.524907 -70.973953 -65.449046 9086.601877 -65.449046 0.000836
498 4980.000000 5.463931 -71.006229 -65.542298 8986.317979 -65.542298 0.000840
499 4990.000000 5.385877 -71.019745 -65.633867 8857.945195 -65.633867 0.000851
500 5000.000000 5.501489 -70.999082 -65.497593 9048.088167 -65.497593 0.000871
501 5010.000000 5.364064 -70.969705 -65.605641 8822.070124 -65.605641 0.000894
502 5020.000000 5.237891 -70.940741 -65.702850 8614.557399 -65.702850 0.000919
503 5030.000000 5.124673 -70.907295 -65.782622 8428.352887 -65.782622 0.000940
504 5040.000000 5.361370 -70.862999 -65.501628 8817.639408 -65.501628 0.000962
505 5050.000000 5.409654 -70.853007 -65.443353 8897.050917 -65.443353 0.000982
506 5060.000000 5.292924 -70.886938 -65.594014 8705.068371 -65.594014 0.000991
507 5070.000000 5.045452 -70.928530 -65.883078 8298.060936 -65.883078 0.000993
508 5080.000000 5.215582 -71.007457 -65.791875 8577.867115 -65.791875 0.000989
509 5090.000000 5.100743 -71.084852 -65.984109 8388.995669 -65.984109 0.000982
510 5100.000000 5.050975 -71.133747 -66.082771 8307.144825 -66.082771 0.000978
511 5110.000000 5.125518 -71.142331 -66.016814 8429.741941 -66.016814 0.000976
512 5120.000000 4.959623 -71.115422 -66.155799 8156.900815 -66.155799 0.000979
513 5130.000000 4.861975 -71.083644 -66.221669 7996.302818 -66.221669 0.000982
514 5140.000000 4.853374 -71.070999 -66.217625 7982.157540 -66.217625 0.000978
515 5150.000000 4.718284 -71.068297 -66.350012 7759.980833 -66.350012 0.000970
516 5160.000000 4.865011 -71.070556 -66.205545 8001.296177 -66.205545 0.000958
517 5170.000000 4.909711 -71.067026 -66.157314 8074.813287 -66.157314 0.000950
518 5180.000000 5.171376 -71.051011 -65.879635 8505.163432 -65.879635 0.000946
519 5190.000000 5.118611 -71.007974 -65.889363 8418.382654 -65.889363 0.000949
520 5200.000000 5.126104 -70.935259 -65.809155 8430.706097 -65.809155 0.000951
521 5210.000000 5.106524 -70.866106 -65.759581 8398.504566 -65.759581 0.000952
522 5220.000000 4.893920 -70.847052 -65.953132 8048.841710 -65.953132 0.000942
523 5230.000000 4.935740 -70.853593 -65.917853 8117.621935 -65.917853 0.000924
524 5240.000000 4.986087 -70.875598 -65.889511 8200.425569 -65.889511 0.000901
525 5250.000000 5.072267 -70.893433 -65.821165 8342.163479 -65.821165 0.000882
526 5260.000000 5.327563 -70.896213 -65.568650 8762.038064 -65.568650 0.000865
527 5270.000000 5.549418 -70.891643 -65.342224 9126.915239 -65.342224 0.000856
528 5280.000000 5.428214 -70.867320 -65.439105 8927.575399 -65.439105 0.000849
529 5290.000000 5.333987 -70.837871 -65.503884 8772.603512 -65.503884 0.000849
530 5300.000000 5.225880 -70.810056 -65.584176 8594.803676 -65.584176 0.000858
531 5310.000000 5.288356 -70.763421 -65.475065 8697.556238 -65.475065 0.000872
532 5320.000000 5.298880 -70.707898 -65.409018 8714.864341 -65.409018 0.000885
533 5330.000000 5.105785 -70.671441 -65.565656 8397.288096 -65.565656 0.000893
534 5340.000000 4.967799 -70.650473 -65.682674 8170.348544 -65.682674 0.000905
535 5350.000000 4.805053 -70.654554 -65.849502 7902.685878 -65.849502 0.000915
536 5360.000000 4.831201 -70.665292 -65.834091 7945.689950 -65.834091 0.000926
537 5370.000000 4.815987 -70.681053 -65.865066 7920.668964 -65.865066 0.000939
538 5380.000000 4.841178 -70.693943 -65.852764 7962.100316 -65.852764 0.000957
539 5390.000000 4.912433 -70.725381 -65.812948 8079.289995 -65.812948 0.000974
540 5400.000000 4.964376 -70.759877 -65.795501 8164.718584 -65.795501 0.000997
541 5410.000000 5.049868 -70.811071 -65.761203 8305.324234 -65.761203 0.001016
542 5420.000000 5.257834 -70.870708 -65.612874 8647.358150 -65.612874 0.001029
543 5430.000000 5.444337 -70.938295 -65.493958 8954.092734 -65.493958 0.001034
544 5440.000000 5.611174 -71.024131 -65.412957 9228.482050 -65.412957 0.001035
545 5450.000000 5.604703 -71.105343 -65.500640 9217.840115 -65.500640 0.001033
546 5460.000000 5.393845 -71.158008 -65.764163 8871.049312 -65.764163 0.001035
547 5470.000000 5.717744 -71.195923 -65.478179 9403.753738 -65.478179 0.001037
548 5480.000000 5.626875 -71.214691 -65.587816 9254.305025 -65.587816 0.001045
549 5490.000000 5.633572 -71.215496 -65.581924 9265.319875 -65.581924 0.001055
550 5500.000000 5.442907 -71.205268 -65.762361 8951.739561 -65.762361 0.001064
551 5510.000000 5.233908 -71.179184 -65.945277 8608.006728 -65.945277 0.001078
552 5520.000000 5.252327 -71.159722 -65.907395 8638.300208 -65.907395 0.001087
553 5530.000000 5.335911 -71.176059 -65.840148 8775.767998 -65.840148 0.001092
554 5540.000000 5.374561 -71.206080 -65.831518 8839.334687 -65.831518 0.001092
555 5550.000000 5.304504 -71.231958 -65.927454 8724.114584 -65.927454 0.001088
556 5560.000000 5.327189 -71.267180 -65.939991 8761.423641 -65.939991 0.001086
557 5570.000000 5.270817 -71.302368 -66.031551 8668.710581 -66.031551 0.001086
558 5580.000000 5.166714 -71.336751 -66.170036 8497.496699 -66.170036 0.001090
559 5590.000000 5.122228 -71.340588 -66.218360 8424.332106 -66.218360 0.001095
560 5600.000000 5.081957 -71.345319 -66.263362 8358.099930 -66.263362 0.001097
561 5610.000000 5.089972 -71.361212 -66.271240 8371.282243 -66.271240 0.001096
562 5620.000000 5.144293 -71.378142 -66.233849 8460.620768 -66.233849 0.001094
563 5630.000000 5.207145 -71.393716 -66.186571 8563.991733 -66.186571 0.001092
564 5640.000000 5.156406 -71.394061 -66.237655 8480.542568 -66.237655 0.001090
565 5650.000000 5.076840 -71.385477 -66.308637 8349.683987 -66.308637 0.001080
566 5660.000000 5.250768 -71.362058 -66.111289 8635.736993 -66.111289 0.001072
567 5670.000000 5.166506 -71.317871 -66.151365 8497.154014 -66.151365 0.001060
568 5680.000000 5.276572 -71.296121 -66.019550 8678.174826 -66.019550 0.001044
569 5690.000000 5.049289 -71.309959 -66.260670 8304.371400 -66.260670 0.001025
570 5700.000000 5.119206 -71.352646 -66.233440 8419.361264 -66.233440 0.000998
571 5710.000000 5.173816 -71.398269 -66.224453 8509.177237 -66.224453 0.000975
572 5720.000000 5.186413 -71.443601 -66.257187 8529.895036 -66.257187 0.000958
573 5730.000000 5.195522 -71.458659 -66.263136 8544.875926 -66.263136 0.000946
574 5740.000000 5.117626 -71.464270 -66.346644 8416.763243 -66.346644 0.000943
575 5750.000000 4.880028 -71.471800 -66.591773 8025.994166 -66.591773 0.000943
576 5760.000000 4.667921 -71.470414 -66.802493 7677.149855 -66.802493 0.000947
577 5770.000000 4.514338 -71.451592 -66.937255 7424.557837 -66.937255 0.000951
578 5780.000000 4.515890 -71.425522 -66.909633 7427.110332 -66.909633 0.000963
579 5790.000000 4.514634 -71.393305 -66.878671 7425.044528 -66.878671 0.000979
580 5800.000000 4.527068 -71.354873 -66.827805 7445.495141 -66.827805 0.001000
581 5810.000000 4.226912 -71.319578 -67.092667 6951.839031 -67.092667 0.001021
582 5820.000000 4.285535 -71.301501 -67.015967 7048.254010 -67.015967 0.001032
583 5830.000000 4.158706 -71.292745 -67.134039 6839.664327 -67.134039 0.001040
584 5840.000000 4.161837 -71.269141 -67.107304 6844.813964 -67.107304 0.001047
585 5850.000000 4.467258 -71.251440 -66.784182 7347.128358 -66.784182 0.001051
586 5860.000000 4.486917 -71.250938 -66.764021 7379.459981 -66.764021 0.001050
587 5870.000000 4.340119 -71.252012 -66.911893 7138.027092 -66.911893 0.001047
588 5880.000000 4.556727 -71.257287 -66.700561 7494.273134 -66.700561 0.001040
589 5890.000000 4.593327 -71.241760 -66.648434 7554.467795 -66.648434 0.001036
590 5900.000000 4.467107 -71.230058 -66.762951 7346.878504 -66.762951 0.001028
591 5910.000000 4.353144 -71.221255 -66.868111 7159.448955 -66.868111 0.001018
592 5920.000000 4.307244 -71.218458 -66.911214 7083.959340 -66.911214 0.001007
593 5930.000000 4.284865 -71.221653 -66.936789 7047.152088 -66.936789 0.000997
594 5940.000000 4.346769 -71.227312 -66.880543 7148.964103 -66.880543 0.000989
595 5950.000000 4.453475 -71.219367 -66.765892 7324.458529 -66.765892 0.000980
596 5960.000000 4.453397 -71.199646 -66.746249 7324.330800 -66.746249 0.000968
597 5970.000000 4.422072 -71.176650 -66.754578 7272.812464 -66.754578 0.000954
598 5980.000000 4.681517 -71.149967 -66.468450 7699.510712 -66.468450 0.000938
599 5990.000000 4.740439 -71.131719 -66.391280 7796.417217 -66.391280 0.000926
600 6000.000000 4.801424 -71.128339 -66.326915 7896.718324 -66.326915 0.000915
601 6010.000000 4.736115 -71.125538 -66.389423 7789.305682 -66.389423 0.000904
602 6020.000000 4.457864 -71.127117 -66.669254 7331.677158 -66.669254 0.000895
603 6030.000000 4.402401 -71.137168 -66.734767 7240.459576 -66.734767 0.000889
604 6040.000000 4.571834 -71.137311 -66.565477 7519.119681 -66.565477 0.000887
605 6050.000000 4.557779 -71.132481 -66.574702 7496.003796 -66.574702 0.000891
606 6060.000000 4.596908 -71.127144 -66.530236 7560.358641 -66.530236 0.000900
607 6070.000000 4.787409 -71.108207 -66.320799 7873.667353 -66.320799 0.000911
608 6080.000000 4.762582 -71.088690 -66.326108 7832.835494 -66.326108 0.000927
609 6090.000000 4.570059 -71.062849 -66.492790 7516.200552 -66.492790 0.000943
610 6100.000000 4.612053 -71.049660 -66.437607 7585.266254 -66.437607 0.000956
611 6110.000000 4.585557 -71.043028 -66.457471 7541.690239 -66.457471 0.000972
612 6120.000000 4.577324 -71.041738 -66.464414 7528.148474 -66.464414 0.000986
613 6130.000000 4.519055 -71.041121 -66.522067 7432.315586 -66.522067 0.001001
614 6140.000000 4.331525 -71.039946 -66.708420 7123.893391 -66.708420 0.001012
615 6150.000000 4.521663 -71.031245 -66.509582 7436.606224 -66.509582 0.001025
616 6160.000000 4.526049 -71.008882 -66.482833 7443.818502 -66.482833 0.001038
617 6170.000000 4.562657 -70.983371 -66.420714 7504.026576 -66.420714 0.001044
618 6180.000000 4.454437 -70.965178 -66.510741 7326.041351 -66.510741 0.001049
619 6190.000000 4.444367 -70.943010 -66.498643 7309.479992 -66.498643 0.001053
620 6200.000000 4.359027 -70.933598 -66.574571 7169.124052 -66.574571 0.001047
621 6210.000000 4.481914 -70.945349 -66.463435 7371.231093 -66.463435 0.001031
622 6220.000000 4.473227 -70.941735 -66.468509 7356.943869 -66.468509 0.001018
623 6230.000000 4.487586 -70.927617 -66.440030 7380.560825 -66.440030 0.001003
624 6240.000000 4.463661 -70.921547 -66.457886 7341.212061 -66.457886 0.000991
625 6250.000000 4.397744 -70.911905 -66.514161 7232.801164 -66.514161 0.000981
626 6260.000000 4.267265 -70.908545 -66.641279 7018.207621 -66.641279 0.000964
627 6270.000000 4.309269 -70.911528 -66.602259 7087.289502 -66.602259 0.000948
628 6280.000000 4.197972 -70.927375 -66.729403 6904.243069 -66.729403 0.000937
629 6290.000000 4.334786 -70.945990 -66.611204 7129.256345 -66.611204 0.000932
630 6300.000000 4.356367 -70.969486 -66.613118 7164.750246 -66.613118 0.000927
631 6310.000000 4.268412 -70.997641 -66.729229 7020.092850 -66.729229 0.000926
632 6320.000000 4.385617 -71.013903 -66.628286 7212.855667 -66.628286 0.000932
633 6330.000000 4.299565 -71.015845 -66.716280 7071.329788 -66.716280 0.000945
634 6340.000000 4.382960 -71.018582 -66.635622 7208.485650 -66.635622 0.000961
635 6350.000000 4.490739 -71.025232 -66.534493 7385.746110 -66.534493 0.000973
636 6360.000000 4.593804 -71.033801 -66.439997 7555.253009 -66.439997 0.000988
637 6370.000000 4.777367 -71.044059 -66.266692 7857.152064 -66.266692 0.001005
638 6380.000000 4.646492 -71.063348 -66.416856 7641.906268 -66.416856 0.001018
639 6390.000000 4.578278 -71.078212 -66.499934 7529.717854 -66.499934 0.001027
640 6400.000000 4.746474 -71.087000 -66.340526 7806.343543 -66.340526 0.001032
641 6410.000000 4.941960 -71.114426 -66.172466 8127.851471 -66.172466 0.001036
642 6420.000000 5.065482 -71.149381 -66.083899 8331.003018 -66.083899 0.001033
643 6430.000000 5.227700 -71.171605 -65.943905 8597.796900 -65.943905 0.001028
644 6440.000000 5.034911 -71.174377 -66.139466 8280.724400 -66.139466 0.001023
645 6450.000000 5.079744 -71.139373 -66.059629 8354.459647 -66.059629 0.001029
646 6460.000000 5.125217 -71.086238 -65.961021 8429.247600 -65.961021 0.001036
647 6470.000000 5.341251 -71.030627 -65.689377 8784.549691 -65.689377 0.001044
648 6480.000000 5.261572 -70.982289 -65.720716 8653.506114 -65.720716 0.001053
649 6490.000000 5.280308 -70.951052 -65.670745 8684.319098 -65.670745 0.001058
650 6500.000000 5.216730 -70.935226 -65.718496 8579.755841 -65.718496 0.001056
651 6510.000000 5.442896 -70.926936 -65.484040 8951.722152 -65.484040 0.001049
652 6520.000000 5.433227 -70.925361 -65.492134 8935.820558 -65.492134 0.001039
653 6530.000000 5.455536 -70.919575 -65.464039 8972.511070 -65.464039 0.001034
654 6540.000000 5.268874 -70.901777 -65.632903 8665.514331 -65.632903 0.001028
655 6550.000000 5.085966 -70.861257 -65.775291 8364.692907 -65.775291 0.001020
656 6560.000000 4.833676 -70.801250 -65.967575 7949.760519 -65.967575 0.001015
657 6570.000000 4.748067 -70.747053 -65.998985 7808.963897 -65.998985 0.001008
658 6580.000000 4.699748 -70.693488 -65.993740 7729.494389 -65.993740 0.001002
659 6590.000000 4.757902 -70.669391 -65.911489 7825.138662 -65.911489 0.000994
660 6600.000000 4.768678 -70.665086 -65.896408 7842.861391 -65.896408 0.000988
661 6610.000000 4.858416 -70.676717 -65.818301 7990.450860 -65.818301 0.000982
662 6620.000000 4.855222 -70.690333 -65.835111 7985.197721 -65.835111 0.000977
663 6630.000000 4.591681 -70.697778 -66.106097 7551.762099 -66.106097 0.000981
664 6640.000000 4.550625 -70.703359 -66.152734 7484.238278 -66.152734 0.000989
665 6650.000000 4.726305 -70.707329 -65.981024 7773.171508 -65.981024 0.001001
666 6660.000000 4.679244 -70.720136 -66.040891 7695.773406 -66.040891 0.001010
667 6670.000000 4.346856 -70.752443 -66.405587 7149.106609 -66.405587 0.001013
668 6680.000000 4.384203 -70.803492 -66.419289 7210.530731 -66.419289 0.001012
669 6690.000000 4.474407 -70.863473 -66.389066 7358.885787 -66.389066 0.001004
670 6700.000000 4.636943 -70.928465 -66.291522 7626.201691 -66.291522 0.000994
671 6710.000000 4.730286 -70.985724 -66.255438 7779.720037 -66.255438 0.000984
672 6720.000000 4.688477 -71.038267 -66.349790 7710.958522 -66.349790 0.000975
673 6730.000000 4.510796 -71.063293 -66.552496 7418.733636 -66.552496 0.000972
674 6740.000000 4.754100 -71.067243 -66.313143 7818.886062 -66.313143 0.000975
675 6750.000000 4.785666 -71.067544 -66.281879 7870.800703 -66.281879 0.000981
676 6760.000000 4.715924 -71.072457 -66.356534 7756.098515 -66.356534 0.000982
677 6770.000000 4.570635 -71.060663 -66.490029 7517.147121 -66.490029 0.000989
678 6780.000000 4.672709 -71.028710 -66.356001 7685.025444 -66.356001 0.000996
679 6790.000000 4.657235 -70.983714 -66.326479 7659.574936 -66.326479 0.001004
680 6800.000000 4.563769 -70.961505 -66.397736 7505.854795 -66.397736 0.001001
681 6810.000000 4.611197 -71.020389 -66.409192 7583.858583 -66.409192 0.000982
682 6820.000000 4.606312 -71.091305 -66.484992 7575.824847 -66.484992 0.000959
683 6830.000000 4.658223 -71.136072 -66.477849 7661.199717 -66.477849 0.000945
684 6840.000000 4.732979 -71.153093 -66.420113 7784.149420 -66.420113 0.000937
685 6850.000000 4.714756 -71.155421 -66.440665 7754.178506 -66.440665 0.000935
686 6860.000000 4.578953 -71.135863 -66.556910 7530.828402 -66.556910 0.000945
687 6870.000000 4.620345 -71.104180 -66.483835 7598.903529 -66.483835 0.000963
688 6880.000000 4.560187 -71.073906 -66.513719 7499.964520 -66.513719 0.000982
689 6890.000000 4.538882 -71.052529 -66.513647 7464.925108 -66.513647 0.000999
690 6900.000000 4.559641 -71.048955 -66.489314 7499.066171 -66.489314 0.001017
691 6910.000000 4.485681 -71.038377 -66.552696 7377.428025 -66.552696 0.001035
692 6920.000000 4.664611 -71.032469 -66.367858 7671.706408 -66.367858 0.001058
693 6930.000000 4.680462 -71.036254 -66.355793 7697.775518 -66.355793 0.001078
694 6940.000000 4.812388 -71.034478 -66.222090 7914.749410 -66.222090 0.001098
695 6950.000000 4.644548 -71.042643 -66.398095 7638.709509 -66.398095 0.001109
696 6960.000000 4.628958 -71.070639 -66.441681 7613.069985 -66.441681 0.001112
697 6970.000000 4.617151 -71.108385 -66.491234 7593.651190 -66.491234 0.001112
698 6980.000000 4.615939 -71.133825 -66.517886 7591.657878 -66.517886 0.001105
699 6990.000000 4.640804 -71.156698 -66.515894 7632.552238 -66.515894 0.001093
700 7000.000000 4.847135 -71.154340 -66.307205 7971.896431 -66.307205 0.001079
701 7010.000000 4.806235 -71.131510 -66.325275 7904.630041 -66.325275 0.001068
702 7020.000000 4.544278 -71.082483 -66.538205 7473.799543 -66.538205 0.001063
703 7030.000000 4.564689 -70.995420 -66.430731 7507.369371 -66.430731 0.001063
704 7040.000000 4.521061 -70.907490 -66.386429 7435.615184 -66.386429 0.001058
705 7050.000000 4.590824 -70.854262 -66.263438 7550.352534 -66.263438 0.001047
706 7060.000000 4.486171 -70.847733 -66.361562 7378.232461 -66.361562 0.001025
707 7070.000000 4.367911 -70.859403 -66.491492 7183.735551 -66.491492 0.000994
708 7080.000000 4.296232 -70.871541 -66.575309 7065.847378 -66.575309 0.000968
709 7090.000000 4.364702 -70.866484 -66.501782 7178.456960 -66.501782 0.000952
710 7100.000000 4.584260 -70.846655 -66.262396 7539.555576 -66.262396 0.000940
711 7110.000000 4.651586 -70.818915 -66.167329 7650.284091 -66.167329 0.000931
712 7120.000000 4.707312 -70.790126 -66.082814 7741.934892 -66.082814 0.000915
713 7130.000000 4.517217 -70.759028 -66.241812 7429.292738 -66.241812 0.000906
714 7140.000000 4.514716 -70.742492 -66.227776 7425.180090 -66.227776 0.000896
715 7150.000000 4.244189 -70.738438 -66.494250 6980.254203 -66.494250 0.000882
716 7160.000000 4.150460 -70.743382 -66.592922 6826.101333 -66.592922 0.000874
717 7170.000000 4.204899 -70.747520 -66.542621 6915.635670 -66.542621 0.000862
718 7180.000000 4.309557 -70.758922 -66.449365 7087.763025 -66.449365 0.000850
719 7190.000000 4.369940 -70.760001 -66.390061 7187.071825 -66.390061 0.000848
720 7200.000000 4.351205 -70.764844 -66.413639 7156.259217 -66.413639 0.000849
721 7210.000000 4.466632 -70.765730 -66.299098 7346.098253 -66.299098 0.000854
722 7220.000000 4.307137 -70.770932 -66.463796 7083.782071 -66.463796 0.000854
723 7230.000000 4.483615 -70.778857 -66.295242 7374.028715 -66.295242 0.000853
724 7240.000000 4.518245 -70.795199 -66.276955 7430.983744 -66.276955 0.000854
725 7250.000000 4.724957 -70.816318 -66.091361 7770.955149 -66.091361 0.000855
726 7260.000000 4.635180 -70.828792 -66.193612 7623.302125 -66.193612 0.000860
727 7270.000000 4.521054 -70.838522 -66.317467 7435.604425 -66.317467 0.000862
728 7280.000000 4.311094 -70.842977 -66.531882 7090.291318 -66.531882 0.000867
729 7290.000000 4.406363 -70.841093 -66.434729 7246.976385 -66.434729 0.000870
730 7300.000000 4.111752 -70.840693 -66.728940 6762.441226 -66.728940 0.000876
731 7310.000000 4.254053 -70.832373 -66.578320 6996.478121 -66.578320 0.000884
732 7320.000000 4.028055 -70.825800 -66.797745 6624.787211 -66.797745 0.000890
733 7330.000000 3.983207 -70.809377 -66.826170 6551.028108 -66.826170 0.000898
734 7340.000000 4.016299 -70.790788 -66.774489 6605.452148 -66.774489 0.000913
735 7350.000000 4.051210 -70.768193 -66.716983 6662.869400 -66.716983 0.000928
736 7360.000000 4.096344 -70.738603 -66.642260 6737.099132 -66.642260 0.000948
737 7370.000000 3.961410 -70.710470 -66.749060 6515.179101 -66.749060 0.000973
738 7380.000000 4.016127 -70.672519 -66.656392 6605.170473 -66.656392 0.000999
739 7390.000000 4.235818 -70.637065 -66.401247 6966.487010 -66.401247 0.001024
740 7400.000000 4.223887 -70.610864 -66.386976 6946.864940 -66.386976 0.001051
741 7410.000000 4.340231 -70.614992 -66.274761 7138.210600 -66.274761 0.001072
742 7420.000000 4.207168 -70.661762 -66.454594 6919.367731 -66.454594 0.001086
743 7430.000000 4.217282 -70.722795 -66.505513 6936.001506 -66.505513 0.001098
744 7440.000000 4.263225 -70.778430 -66.515205 7011.562970 -66.515205 0.001106
745 7450.000000 4.154796 -70.823173 -66.668377 6833.233639 -66.668377 0.001112
746 7460.000000 4.339569 -70.875684 -66.536114 7137.122808 -66.536114 0.001116
747 7470.000000 4.337442 -70.923221 -66.585779 7133.624553 -66.585779 0.001121
748 7480.000000 4.383569 -70.952060 -66.568490 7209.487950 -66.568490 0.001126
749 7490.000000 4.345441 -70.960260 -66.614819 7146.780020 -66.614819 0.001135
750 7500.000000 4.438237 -70.987725 -66.549489 7299.397452 -66.549489 0.001137
751 7510.000000 4.555795 -71.039439 -66.483644 7492.740332 -66.483644 0.001136
752 7520.000000 4.537990 -71.114744 -66.576754 7463.458426 -66.576754 0.001129
753 7530.000000 4.817669 -71.171713 -66.354044 7923.435124 -66.354044 0.001125
754 7540.000000 4.810456 -71.190107 -66.379650 7911.572740 -66.379650 0.001122
755 7550.000000 5.070962 -71.206195 -66.135233 8340.015944 -66.135233 0.001125
756 7560.000000 5.036847 -71.215747 -66.178900 8283.909005 -66.178900 0.001133
757 7570.000000 4.747265 -71.203064 -66.455799 7807.644639 -66.455799 0.001141
758 7580.000000 4.631642 -71.179653 -66.548012 7617.483399 -66.548012 0.001150
759 7590.000000 4.560641 -71.128553 -66.567912 7500.710913 -66.567912 0.001159
760 7600.000000 4.513293 -71.088623 -66.575330 7422.839132 -66.575330 0.001171
761 7610.000000 4.525156 -71.079682 -66.554526 7442.349882 -66.554526 0.001174
762 7620.000000 4.597774 -71.102099 -66.504325 7561.782239 -66.504325 0.001163
763 7630.000000 4.713728 -71.136248 -66.422520 7752.487709 -66.422520 0.001145
764 7640.000000 4.864102 -71.185976 -66.321874 7999.802463 -66.321874 0.001127
765 7650.000000 4.970012 -71.237802 -66.267790 8173.987480 -66.267790 0.001109
766 7660.000000 4.999061 -71.279800 -66.280739 8221.763134 -66.280739 0.001088
767 7670.000000 4.836258 -71.300990 -66.464732 7954.007754 -66.464732 0.001069
768 7680.000000 4.733243 -71.303055 -66.569812 7784.582689 -66.569812 0.001054
769 7690.000000 4.655270 -71.285053 -66.629784 7656.343128 -66.629784 0.001043
770 7700.000000 4.768283 -71.253933 -66.485650 7842.211222 -66.485650 0.001034
771 7710.000000 4.898294 -71.227040 -66.328747 8056.035775 -66.328747 0.001019
772 7720.000000 4.838423 -71.208351 -66.369928 7957.568425 -66.369928 0.001009
773 7730.000000 4.756957 -71.175579 -66.418622 7823.584405 -66.418622 0.001002
774 7740.000000 4.507472 -71.154329 -66.646857 7413.265430 -66.646857 0.000994
775 7750.000000 4.497563 -71.145308 -66.647744 7396.969862 -66.647744 0.000984
776 7760.000000 4.486955 -71.148651 -66.661696 7379.521734 -66.661696 0.000973
777 7770.000000 4.545045 -71.139046 -66.594001 7475.060887 -66.594001 0.000962
778 7780.000000 4.619561 -71.120086 -66.500524 7597.615117 -66.500524 0.000954
779 7790.000000 4.711809 -71.094324 -66.382515 7749.331269 -66.382515 0.000945
780 7800.000000 4.770286 -71.069053 -66.298767 7845.505732 -66.298767 0.000942
781 7810.000000 4.756032 -71.050330 -66.294298 7822.063510 -66.294298 0.000945
782 7820.000000 4.597324 -71.020283 -66.422958 7561.042437 -66.422958 0.000950
783 7830.000000 4.528878 -70.986907 -66.458029 7448.471818 -66.458029 0.000956
784 7840.000000 4.499594 -70.955256 -66.455662 7400.310082 -66.455662 0.000958
785 7850.000000 4.385005 -70.941315 -66.556310 7211.849590 -66.556310 0.000959
786 7860.000000 4.240629 -70.924635 -66.684006 6974.398937 -66.684006 0.000959
787 7870.000000 4.320023 -70.905253 -66.585231 7104.975349 -66.585231 0.000958
788 7880.000000 4.293032 -70.890728 -66.597696 7060.585245 -66.597696 0.000960
789 7890.000000 4.459746 -70.882025 -66.422279 7334.772810 -66.422279 0.000956
790 7900.000000 4.427747 -70.888180 -66.460433 7282.145616 -66.460433 0.000949
791 7910.000000 4.320979 -70.902804 -66.581825 7106.548234 -66.581825 0.000940
792 7920.000000 4.270090 -70.927361 -66.657271 7022.852181 -66.657271 0.000929
793 7930.000000 4.372628 -70.952140 -66.579512 7191.493449 -66.579512 0.000921
794 7940.000000 4.545818 -70.983105 -66.437287 7476.332385 -66.437287 0.000918
795 7950.000000 4.599981 -71.019571 -66.419590 7565.411992 -66.419590 0.000918
796 7960.000000 4.438378 -71.054944 -66.616566 7299.629623 -66.616566 0.000919
