# istep , time , K , V , E , T , H_eff, P
1 10.000000 5.136833 -70.329519 -65.192686 8448.351913 -65.192686 0.001785
2 20.000000 5.312807 -70.396162 -65.083355 8737.769844 -65.083355 0.001763
3 30.000000 5.249810 -70.462624 -65.212815 8634.160472 -65.212815 0.001744
4 40.000000 5.169388 -70.515179 -65.345791 8501.893242 -65.345791 0.001735
5 50.000000 5.209744 -70.532674 -65.322929 8568.266177 -65.322929 0.001739
6 60.000000 5.170098 -70.521186 -65.351088 8503.061368 -65.351088 0.001751
7 70.000000 5.044235 -70.469411 -65.425175 8296.059940 -65.425175 0.001770
8 80.000000 5.173496 -70.383572 -65.210076 8508.649507 -65.210076 0.001795
9 90.000000 5.031403 -70.275265 -65.243861 8274.955929 -65.243861 0.001816
10 100.000000 5.069737 -70.167688 -65.097952 8338.001291 -65.097952 0.001833
11 110.000000 4.991500 -70.120157 -65.128657 8209.327980 -65.128657 0.001825
12 120.000000 5.087498 -70.128510 -65.041012 8367.212119 -65.041012 0.001791
13 130.000000 4.984797 -70.167433 -65.182636 8198.304345 -65.182636 0.001751
14 140.000000 4.663311 -70.201197 -65.537886 7669.568441 -65.537886 0.001713
15 150.000000 4.869238 -70.206482 -65.337244 8008.248159 -65.337244 0.001682
16 160.000000 4.905885 -70.193700 -65.287815 8068.521348 -65.287815 0.001663
17 170.000000 4.820887 -70.159283 -65.338397 7928.726999 -65.338397 0.001649
18 180.000000 4.806704 -70.104811 -65.298107 7905.402070 -65.298107 0.001646
19 190.000000 4.808843 -70.048224 -65.239381 7908.918599 -65.239381 0.001657
20 200.000000 5.071399 -70.003559 -64.932160 8340.735045 -64.932160 0.001672
21 210.000000 4.955431 -69.976457 -65.021026 8150.006412 -65.021026 0.001680
22 220.000000 4.874802 -69.972084 -65.097282 8017.400034 -65.097282 0.001678
23 230.000000 4.966423 -69.989065 -65.022642 8168.084440 -65.022642 0.001679
24 240.000000 4.925332 -70.016012 -65.090680 8100.505124 -65.090680 0.001681
25 250.000000 4.883413 -70.052098 -65.168685 8031.561423 -65.168685 0.001683
26 260.000000 4.781917 -70.075704 -65.293788 7864.634733 -65.293788 0.001691
27 270.000000 4.904314 -70.096943 -65.192630 8065.936165 -65.192630 0.001699
28 280.000000 4.999530 -70.115197 -65.115666 8222.535581 -65.115666 0.001705
29 290.000000 5.002561 -70.137201 -65.134640 8227.520610 -65.134640 0.001709
30 300.000000 4.839290 -70.166787 -65.327497 7958.994378 -65.327497 0.001714
31 310.000000 4.894220 -70.201468 -65.307249 8049.335006 -65.307249 0.001716
32 320.000000 5.085152 -70.246275 -65.161123 8363.353373 -65.161123 0.001717
33 330.000000 5.077895 -70.285380 -65.207485 8351.419433 -65.207485 0.001715
34 340.000000 5.253900 -70.327617 -65.073717 8640.887564 -65.073717 0.001714
35 350.000000 5.136979 -70.348517 -65.211538 8448.592039 -65.211538 0.001712
36 360.000000 5.188594 -70.350265 -65.161671 8533.480970 -65.161671 0.001710
37 370.000000 5.313970 -70.358620 -65.044650 8739.683004 -65.044650 0.001704
38 380.000000 5.377114 -70.383194 -65.006080 8843.532715 -65.006080 0.001700
39 390.000000 5.170653 -70.393256 -65.222604 8503.973645 -65.222604 0.001704
40 400.000000 5.197379 -70.393317 -65.195938 8547.930400 -65.195938 0.001714
41 410.000000 5.276019 -70.389260 -65.113241 8677.266521 -65.113241 0.001728
42 420.000000 5.146476 -70.394904 -65.248428 8464.211931 -65.248428 0.001737
43 430.000000 5.213354 -70.413870 -65.200516 8574.203273 -65.200516 0.001741
44 440.000000 5.198257 -70.413478 -65.215221 8549.373833 -65.215221 0.001753
45 450.000000 5.015907 -70.408181 -65.392273 8249.470322 -65.392273 0.001768
46 460.000000 4.982853 -70.394125 -65.411273 8195.106606 -65.411273 0.001786
47 470.000000 4.933725 -70.387176 -65.453451 8114.308662 -65.453451 0.001796
48 480.000000 5.046156 -70.384401 -65.338244 8299.219437 -65.338244 0.001804
49 490.000000 4.817824 -70.400327 -65.582502 7923.690887 -65.582502 0.001807
50 500.000000 4.643412 -70.431473 -65.788060 7636.841878 -65.788060 0.001803
51 510.000000 4.579533 -70.463659 -65.884125 7531.782697 -65.884125 0.001789
52 520.000000 4.644375 -70.494693 -65.850317 7638.425570 -65.850317 0.001766
53 530.000000 4.856396 -70.531757 -65.675361 7987.128182 -65.675361 0.001745
54 540.000000 5.037395 -70.571225 -65.533830 8284.810414 -65.533830 0.001720
55 550.000000 5.116510 -70.592510 -65.476000 8414.927299 -65.476000 0.001697
56 560.000000 5.204249 -70.600756 -65.396507 8559.228658 -65.396507 0.001678
57 570.000000 5.127220 -70.601427 -65.474207 8432.542329 -65.474207 0.001665
58 580.000000 5.057630 -70.595295 -65.537665 8318.090011 -65.537665 0.001657
59 590.000000 5.356424 -70.601055 -65.244631 8809.504328 -65.244631 0.001646
60 600.000000 5.416927 -70.614669 -65.197741 8909.012272 -65.197741 0.001638
61 610.000000 5.186987 -70.620790 -65.433803 8530.838176 -65.433803 0.001641
62 620.000000 5.066400 -70.608810 -65.542411 8332.513171 -65.542411 0.001653
63 630.000000 4.870234 -70.586610 -65.716376 8009.887334 -65.716376 0.001668
64 640.000000 5.040534 -70.572265 -65.531730 8289.973355 -65.531730 0.001676
65 650.000000 4.951651 -70.567243 -65.615592 8143.790319 -65.615592 0.001678
66 660.000000 4.731019 -70.556316 -65.825297 7780.924868 -65.825297 0.001680
67 670.000000 4.750920 -70.555784 -65.804865 7813.654841 -65.804865 0.001680
68 680.000000 4.753596 -70.564922 -65.811326 7818.056832 -65.811326 0.001676
69 690.000000 4.593510 -70.574334 -65.980824 7554.769219 -65.980824 0.001667
70 700.000000 4.648532 -70.601932 -65.953400 7645.261481 -65.953400 0.001653
71 710.000000 4.438968 -70.623065 -66.184097 7300.599931 -66.184097 0.001634
72 720.000000 4.513338 -70.624331 -66.110993 7422.913384 -66.110993 0.001619
73 730.000000 4.376193 -70.609894 -66.233701 7197.357017 -66.233701 0.001612
74 740.000000 4.372151 -70.590045 -66.217894 7190.709026 -66.217894 0.001612
75 750.000000 4.220695 -70.564935 -66.344240 6941.614733 -66.344240 0.001616
76 760.000000 4.292667 -70.545317 -66.252650 7059.984872 -66.252650 0.001628
77 770.000000 4.337261 -70.532824 -66.195563 7133.325936 -66.195563 0.001640
78 780.000000 4.479102 -70.526885 -66.047783 7366.607112 -66.047783 0.001652
79 790.000000 4.589885 -70.536196 -65.946311 7548.807702 -65.946311 0.001661
80 800.000000 4.594965 -70.554138 -65.959172 7557.162819 -65.959172 0.001671
81 810.000000 4.756514 -70.566883 -65.810369 7822.856235 -65.810369 0.001679
82 820.000000 5.043948 -70.571306 -65.527358 8295.587523 -65.527358 0.001688
83 830.000000 5.014312 -70.551819 -65.537507 8246.846872 -65.537507 0.001703
84 840.000000 4.856460 -70.530405 -65.673944 7987.233994 -65.673944 0.001723
85 850.000000 4.894951 -70.501300 -65.606349 8050.538176 -65.606349 0.001746
86 860.000000 4.728599 -70.467635 -65.739036 7776.944335 -65.739036 0.001764
87 870.000000 4.884811 -70.430848 -65.546037 8033.860546 -65.546037 0.001775
88 880.000000 4.873912 -70.385309 -65.511397 8015.936167 -65.511397 0.001779
89 890.000000 5.056958 -70.332229 -65.275272 8316.983789 -65.275272 0.001781
90 900.000000 5.213898 -70.324481 -65.110583 8575.097153 -65.110583 0.001773
91 910.000000 5.300684 -70.378836 -65.078152 8717.831769 -65.078152 0.001748
92 920.000000 5.386802 -70.420828 -65.034026 8859.466021 -65.034026 0.001722
93 930.000000 5.345883 -70.433837 -65.087954 8792.168381 -65.087954 0.001707
94 940.000000 5.209065 -70.419267 -65.210202 8567.148623 -65.210202 0.001697
95 950.000000 4.981794 -70.399861 -65.418068 8193.364637 -65.418068 0.001690
96 960.000000 5.219853 -70.375656 -65.155803 8584.892032 -65.155803 0.001692
97 970.000000 5.100660 -70.355157 -65.254498 8388.858764 -65.254498 0.001710
98 980.000000 5.201222 -70.342944 -65.141721 8554.250826 -65.141721 0.001731
99 990.000000 5.154781 -70.337824 -65.183043 8477.870109 -65.183043 0.001746
100 1000.000000 5.146443 -70.346005 -65.199562 8464.157222 -65.199562 0.001757
101 1010.000000 5.193826 -70.377689 -65.183863 8542.086653 -65.183863 0.001761
102 1020.000000 5.280735 -70.425860 -65.145126 8685.021425 -65.145126 0.001747
103 1030.000000 4.925715 -70.468555 -65.542840 8101.134899 -65.542840 0.001734
104 1040.000000 4.926363 -70.495840 -65.569477 8102.200690 -65.569477 0.001719
105 1050.000000 5.068161 -70.509846 -65.441685 8335.409538 -65.441685 0.001706
106 1060.000000 4.894846 -70.516105 -65.621259 8050.365056 -65.621259 0.001701
107 1070.000000 4.878551 -70.513671 -65.635120 8023.565462 -65.635120 0.001700
108 1080.000000 4.747537 -70.499188 -65.751651 7808.092212 -65.751651 0.001702
109 1090.000000 4.937697 -70.497371 -65.559674 8120.841259 -65.559674 0.001701
110 1100.000000 4.930147 -70.512818 -65.582671 8108.424082 -65.582671 0.001704
111 1110.000000 4.794289 -70.519897 -65.725608 7884.982268 -65.725608 0.001709
112 1120.000000 4.681354 -70.531591 -65.850237 7699.243377 -65.850237 0.001720
113 1130.000000 4.733674 -70.535361 -65.801687 7785.291566 -65.801687 0.001737
114 1140.000000 4.495480 -70.539664 -66.044185 7393.542483 -66.044185 0.001756
115 1150.000000 4.511531 -70.538663 -66.027132 7419.942082 -66.027132 0.001775
116 1160.000000 4.707707 -70.535568 -65.827861 7742.584392 -65.827861 0.001794
117 1170.000000 5.015453 -70.531995 -65.516542 8248.723262 -65.516542 0.001807
118 1180.000000 4.870153 -70.515033 -65.644879 8009.754359 -65.644879 0.001824
119 1190.000000 4.768695 -70.487876 -65.719181 7842.889777 -65.719181 0.001841
120 1200.000000 4.867222 -70.435224 -65.568002 8004.932711 -65.568002 0.001869
121 1210.000000 4.809870 -70.370105 -65.560235 7910.608067 -65.560235 0.001902
122 1220.000000 4.805993 -70.307202 -65.501209 7904.231506 -65.501209 0.001926
123 1230.000000 4.812343 -70.257776 -65.445432 7914.676217 -65.445432 0.001934
124 1240.000000 4.693998 -70.221843 -65.527845 7720.037770 -65.527845 0.001930
125 1250.000000 4.854636 -70.227938 -65.373302 7984.233940 -65.373302 0.001904
126 1260.000000 4.905343 -70.258511 -65.353168 8067.629722 -65.353168 0.001870
127 1270.000000 4.816108 -70.286674 -65.470566 7920.867659 -65.470566 0.001831
128 1280.000000 4.838186 -70.288210 -65.450024 7957.179443 -65.450024 0.001801
129 1290.000000 4.705468 -70.271631 -65.566163 7738.902225 -65.566163 0.001773
130 1300.000000 4.828088 -70.237624 -65.409536 7940.571201 -65.409536 0.001752
131 1310.000000 4.951931 -70.187136 -65.235205 8144.250713 -65.235205 0.001745
132 1320.000000 4.959413 -70.165736 -65.206323 8156.555655 -65.206323 0.001739
133 1330.000000 4.840343 -70.147895 -65.307552 7960.726558 -65.307552 0.001745
134 1340.000000 4.822220 -70.130327 -65.308106 7930.920802 -65.308106 0.001762
135 1350.000000 4.528847 -70.116410 -65.587563 7448.420469 -65.587563 0.001779
136 1360.000000 4.676208 -70.084666 -65.408458 7690.779352 -65.408458 0.001807
137 1370.000000 4.648185 -70.053942 -65.405757 7644.692119 -65.405757 0.001839
138 1380.000000 4.505371 -70.003967 -65.498596 7409.810146 -65.498596 0.001872
139 1390.000000 4.627280 -69.965296 -65.338016 7610.310455 -65.338016 0.001893
140 1400.000000 4.703784 -69.953798 -65.250014 7736.132248 -65.250014 0.001900
141 1410.000000 4.671925 -69.950512 -65.278587 7683.735228 -65.278587 0.001912
142 1420.000000 4.834940 -69.964161 -65.129221 7951.839302 -65.129221 0.001916
143 1430.000000 5.209702 -69.974094 -64.764392 8568.195967 -64.764392 0.001918
144 1440.000000 5.173659 -70.002559 -64.828900 8508.917935 -64.828900 0.001901
145 1450.000000 5.149503 -70.041321 -64.891819 8469.189632 -64.891819 0.001873
146 1460.000000 5.195575 -70.073778 -64.878203 8544.962101 -64.878203 0.001851
147 1470.000000 5.369819 -70.113089 -64.743270 8831.534575 -64.743270 0.001830
148 1480.000000 5.351110 -70.134177 -64.783067 8800.764588 -64.783067 0.001816
149 1490.000000 5.408212 -70.122924 -64.714712 8894.678057 -64.714712 0.001815
150 1500.000000 5.181713 -70.093738 -64.912025 8522.165006 -64.912025 0.001824
151 1510.000000 4.994646 -70.064835 -65.070189 8214.502893 -65.070189 0.001838
152 1520.000000 4.776844 -70.039065 -65.262221 7856.292131 -65.262221 0.001851
153 1530.000000 4.493854 -70.019155 -65.525301 7390.869522 -65.525301 0.001857
154 1540.000000 4.528947 -70.020033 -65.491087 7448.584432 -65.491087 0.001857
155 1550.000000 4.527148 -70.029450 -65.502303 7445.625706 -65.502303 0.001848
156 1560.000000 4.977216 -70.058796 -65.081580 8185.836449 -65.081580 0.001818
157 1570.000000 4.955550 -70.082340 -65.126790 8150.203232 -65.126790 0.001787
158 1580.000000 4.758127 -70.092497 -65.334370 7825.509386 -65.334370 0.001754
159 1590.000000 4.702760 -70.100210 -65.397450 7734.448028 -65.397450 0.001726
160 1600.000000 4.667079 -70.115869 -65.448790 7675.766336 -65.448790 0.001692
161 1610.000000 4.719709 -70.149593 -65.429884 7762.323858 -65.429884 0.001652
162 1620.000000 4.701691 -70.182848 -65.481158 7732.690197 -65.481158 0.001616
163 1630.000000 4.731766 -70.214860 -65.483095 7782.153497 -65.483095 0.001583
164 1640.000000 4.688640 -70.222856 -65.534216 7711.225604 -65.534216 0.001564
165 1650.000000 4.839336 -70.213721 -65.374385 7959.069911 -65.374385 0.001547
166 1660.000000 4.841997 -70.199957 -65.357960 7963.446649 -65.357960 0.001530
167 1670.000000 4.807476 -70.175404 -65.367928 7906.671240 -65.367928 0.001521
168 1680.000000 4.552674 -70.159868 -65.607193 7487.608549 -65.607193 0.001512
169 1690.000000 4.544387 -70.154255 -65.609867 7473.979354 -65.609867 0.001504
170 1700.000000 4.681345 -70.154700 -65.473355 7699.228770 -65.473355 0.001497
171 1710.000000 4.727397 -70.155000 -65.427603 7774.968649 -65.427603 0.001492
172 1720.000000 4.751355 -70.149835 -65.398480 7814.370955 -65.398480 0.001499
173 1730.000000 4.913109 -70.136305 -65.223196 8080.401806 -65.223196 0.001514
174 1740.000000 4.835715 -70.130170 -65.294455 7953.115493 -65.294455 0.001533
175 1750.000000 4.738333 -70.131500 -65.393168 7792.953455 -65.393168 0.001552
176 1760.000000 4.610311 -70.133939 -65.523628 7582.401690 -65.523628 0.001571
177 1770.000000 4.572109 -70.139111 -65.567002 7519.572336 -65.567002 0.001592
178 1780.000000 4.544300 -70.147976 -65.603676 7473.835445 -65.603676 0.001607
179 1790.000000 4.770073 -70.164778 -65.394706 7845.155430 -65.394706 0.001617
180 1800.000000 4.761385 -70.175718 -65.414334 7830.866193 -65.414334 0.001618
181 1810.000000 4.856360 -70.176299 -65.319939 7987.068844 -65.319939 0.001613
182 1820.000000 4.736379 -70.190308 -65.453929 7789.740708 -65.453929 0.001597
183 1830.000000 4.851326 -70.225357 -65.374031 7978.789579 -65.374031 0.001577
184 1840.000000 4.823501 -70.261306 -65.437805 7933.026618 -65.437805 0.001550
185 1850.000000 4.988455 -70.295623 -65.307168 8204.320655 -65.307168 0.001527
186 1860.000000 4.869087 -70.330868 -65.461780 8008.000974 -65.461780 0.001508
187 1870.000000 4.740360 -70.349739 -65.609379 7796.288024 -65.609379 0.001498
188 1880.000000 4.720711 -70.354653 -65.633942 7763.971765 -65.633942 0.001499
189 1890.000000 4.590488 -70.353449 -65.762961 7549.799181 -65.762961 0.001505
190 1900.000000 4.558545 -70.338993 -65.780447 7497.264357 -65.780447 0.001521
191 1910.000000 4.341523 -70.320460 -65.978937 7140.335773 -65.978937 0.001539
192 1920.000000 4.404303 -70.303940 -65.899638 7243.587237 -65.899638 0.001561
193 1930.000000 4.447748 -70.293220 -65.845472 7315.040325 -65.845472 0.001584
194 1940.000000 4.449118 -70.296211 -65.847093 7317.294066 -65.847093 0.001616
195 1950.000000 4.303938 -70.314977 -66.011039 7078.521651 -66.011039 0.001642
196 1960.000000 4.501476 -70.344347 -65.842871 7403.404948 -65.842871 0.001667
197 1970.000000 4.428211 -70.377806 -65.949595 7282.908159 -65.949595 0.001697
198 1980.000000 4.601447 -70.396860 -65.795413 7567.823021 -65.795413 0.001719
199 1990.000000 4.699414 -70.411864 -65.712449 7728.946123 -65.712449 0.001739
200 2000.000000 4.840617 -70.446426 -65.605809 7961.177607 -65.605809 0.001751
201 2010.000000 4.837886 -70.511395 -65.673509 7956.684936 -65.673509 0.001751
202 2020.000000 4.985569 -70.585714 -65.600145 8199.574390 -65.600145 0.001749
203 2030.000000 4.804922 -70.633657 -65.828735 7902.470298 -65.828735 0.001756
204 2040.000000 4.838774 -70.668919 -65.830146 7958.145329 -65.830146 0.001768
205 2050.000000 4.877852 -70.694487 -65.816635 8022.415623 -65.816635 0.001790
206 2060.000000 4.799487 -70.707886 -65.908398 7893.532575 -65.908398 0.001809
207 2070.000000 4.745585 -70.718809 -65.973223 7804.881994 -65.973223 0.001832
208 2080.000000 4.726317 -70.735031 -66.008714 7773.192644 -66.008714 0.001847
209 2090.000000 4.653938 -70.732711 -66.078774 7654.152335 -66.078774 0.001858
210 2100.000000 4.780540 -70.712091 -65.931551 7862.370381 -65.931551 0.001870
211 2110.000000 5.044250 -70.670979 -65.626729 8296.084894 -65.626729 0.001892
212 2120.000000 4.918367 -70.619967 -65.701601 8089.048853 -65.701601 0.001920
213 2130.000000 4.838098 -70.574135 -65.736037 7957.033844 -65.736037 0.001941
214 2140.000000 4.739265 -70.543070 -65.803805 7794.486851 -65.803805 0.001947
215 2150.000000 4.621153 -70.531887 -65.910734 7600.232077 -65.910734 0.001941
216 2160.000000 4.712725 -70.509730 -65.797005 7750.837380 -65.797005 0.001936
217 2170.000000 4.508487 -70.487879 -65.979392 7414.934907 -65.979392 0.001924
218 2180.000000 4.417463 -70.462682 -66.045219 7265.232135 -66.045219 0.001898
219 2190.000000 4.421499 -70.442092 -66.020593 7271.868964 -66.020593 0.001875
220 2200.000000 4.336894 -70.430990 -66.094096 7132.722795 -66.094096 0.001845
221 2210.000000 4.253358 -70.432515 -66.179157 6995.334595 -66.179157 0.001810
222 2220.000000 4.344739 -70.432088 -66.087350 7145.624785 -66.087350 0.001775
223 2230.000000 4.488392 -70.434547 -65.946156 7381.885362 -65.946156 0.001738
224 2240.000000 4.511056 -70.423753 -65.912697 7419.160434 -65.912697 0.001708
225 2250.000000 4.568041 -70.413962 -65.845920 7512.882355 -65.845920 0.001687
226 2260.000000 4.583228 -70.389670 -65.806442 7537.858587 -65.806442 0.001672
227 2270.000000 4.663021 -70.355612 -65.692591 7669.091914 -65.692591 0.001665
228 2280.000000 4.668701 -70.317035 -65.648334 7678.433386 -65.648334 0.001663
229 2290.000000 4.569512 -70.279483 -65.709971 7515.301609 -65.709971 0.001672
230 2300.000000 4.722997 -70.250171 -65.527174 7767.731660 -65.527174 0.001681
231 2310.000000 4.693581 -70.233696 -65.540115 7719.352423 -65.540115 0.001690
232 2320.000000 4.627561 -70.242905 -65.615343 7610.772076 -65.615343 0.001690
233 2330.000000 4.599185 -70.262542 -65.663357 7564.102414 -65.663357 0.001681
234 2340.000000 4.553326 -70.291922 -65.738596 7488.680047 -65.738596 0.001669
235 2350.000000 4.508757 -70.316153 -65.807396 7415.379490 -65.807396 0.001663
236 2360.000000 4.453090 -70.333878 -65.880788 7323.825271 -65.880788 0.001656
237 2370.000000 4.603500 -70.350735 -65.747235 7571.199521 -65.747235 0.001651
238 2380.000000 4.618740 -70.356482 -65.737743 7596.263759 -65.737743 0.001646
239 2390.000000 4.606853 -70.362503 -65.755650 7576.714783 -65.755650 0.001638
240 2400.000000 4.601680 -70.353504 -65.751823 7568.207152 -65.751823 0.001633
241 2410.000000 4.532919 -70.332897 -65.799978 7455.118169 -65.799978 0.001623
242 2420.000000 4.419593 -70.321098 -65.901505 7268.735505 -65.901505 0.001609
243 2430.000000 4.405861 -70.335439 -65.929578 7246.150785 -65.929578 0.001591
244 2440.000000 4.450752 -70.361743 -65.910991 7319.980571 -65.910991 0.001569
245 2450.000000 4.604469 -70.389167 -65.784698 7572.793496 -65.784698 0.001544
246 2460.000000 4.729149 -70.413343 -65.684194 7777.850068 -65.684194 0.001521
247 2470.000000 4.799709 -70.430926 -65.631217 7893.897125 -65.631217 0.001504
248 2480.000000 4.847936 -70.435662 -65.587726 7973.214707 -65.587726 0.001496
249 2490.000000 4.753137 -70.435132 -65.681995 7817.301580 -65.681995 0.001498
250 2500.000000 4.817016 -70.434779 -65.617763 7922.361020 -65.617763 0.001515
251 2510.000000 4.914661 -70.434908 -65.520247 8082.954196 -65.520247 0.001542
252 2520.000000 5.000914 -70.426756 -65.425842 8224.810846 -65.425842 0.001578
253 2530.000000 4.821254 -70.424530 -65.603276 7929.331592 -65.603276 0.001610
254 2540.000000 4.866830 -70.422824 -65.555993 8004.289012 -65.555993 0.001646
255 2550.000000 4.821007 -70.408966 -65.587959 7928.925124 -65.587959 0.001679
256 2560.000000 4.790735 -70.403380 -65.612644 7879.138212 -65.612644 0.001712
257 2570.000000 4.620755 -70.403571 -65.782815 7599.578714 -65.782815 0.001734
258 2580.000000 4.527617 -70.401433 -65.873816 7446.397014 -65.873816 0.001749
259 2590.000000 4.537420 -70.389315 -65.851896 7462.519684 -65.851896 0.001762
260 2600.000000 4.607672 -70.377564 -65.769893 7578.060535 -65.769893 0.001768
261 2610.000000 4.646839 -70.374645 -65.727806 7642.477400 -65.727806 0.001765
262 2620.000000 4.831309 -70.368632 -65.537323 7945.867670 -65.537323 0.001758
263 2630.000000 4.736612 -70.359665 -65.623053 7790.123871 -65.623053 0.001751
264 2640.000000 4.657521 -70.338735 -65.681214 7660.046558 -65.681214 0.001752
265 2650.000000 4.734141 -70.310303 -65.576161 7786.060673 -65.576161 0.001759
266 2660.000000 4.675569 -70.267679 -65.592109 7689.728992 -65.592109 0.001771
267 2670.000000 4.672108 -70.221717 -65.549609 7684.036554 -65.549609 0.001785
268 2680.000000 4.580398 -70.167350 -65.586952 7533.204983 -65.586952 0.001803
269 2690.000000 4.389301 -70.112735 -65.723434 7218.914102 -65.723434 0.001820
270 2700.000000 4.273037 -70.071658 -65.798620 7027.700562 -65.798620 0.001831
271 2710.000000 4.371825 -70.045216 -65.673391 7190.173185 -65.673391 0.001843
272 2720.000000 4.278849 -70.030879 -65.752030 7037.258662 -65.752030 0.001859
273 2730.000000 4.376077 -70.014306 -65.638228 7197.166405 -65.638228 0.001871
274 2740.000000 4.521648 -70.011160 -65.489512 7436.581477 -65.489512 0.001878
275 2750.000000 4.707053 -70.011163 -65.304110 7741.509293 -65.304110 0.001875
276 2760.000000 4.790270 -70.023130 -65.232861 7878.372465 -65.232861 0.001865
277 2770.000000 4.711870 -70.033140 -65.321271 7749.430788 -65.321271 0.001847
278 2780.000000 4.699283 -70.044209 -65.344926 7728.730780 -65.344926 0.001830
279 2790.000000 4.545151 -70.041724 -65.496574 7475.234531 -65.496574 0.001821
280 2800.000000 4.458097 -70.031435 -65.573338 7332.060641 -65.573338 0.001814
281 2810.000000 4.430132 -70.020933 -65.590801 7286.067906 -65.590801 0.001810
282 2820.000000 4.295279 -70.013605 -65.718326 7064.280539 -65.718326 0.001809
283 2830.000000 4.470249 -70.032603 -65.562354 7352.046263 -65.562354 0.001804
284 2840.000000 4.507431 -70.058850 -65.551419 7413.198006 -65.551419 0.001794
285 2850.000000 4.543500 -70.073630 -65.530131 7472.519511 -65.530131 0.001782
286 2860.000000 4.399214 -70.093078 -65.693865 7235.217678 -65.693865 0.001759
287 2870.000000 4.603219 -70.100099 -65.496880 7570.737126 -65.496880 0.001741
288 2880.000000 4.635913 -70.094377 -65.458464 7624.508386 -65.458464 0.001725
289 2890.000000 4.663285 -70.093091 -65.429807 7669.525365 -65.429807 0.001710
290 2900.000000 4.621248 -70.080833 -65.459585 7600.388708 -65.459585 0.001703
291 2910.000000 4.469384 -70.056099 -65.586714 7350.624333 -65.586714 0.001703
292 2920.000000 4.396689 -70.018219 -65.621530 7231.065245 -65.621530 0.001709
293 2930.000000 4.416552 -69.967834 -65.551283 7263.732857 -65.551283 0.001720
294 2940.000000 4.545902 -69.909184 -65.363282 7476.469682 -65.363282 0.001743
295 2950.000000 4.403148 -69.854802 -65.451654 7241.688915 -65.451654 0.001765
296 2960.000000 4.550225 -69.811266 -65.261041 7483.579924 -65.261041 0.001789
297 2970.000000 4.683834 -69.799657 -65.115823 7703.322036 -65.115823 0.001804
298 2980.000000 4.669077 -69.808379 -65.139302 7679.052369 -65.139302 0.001816
299 2990.000000 4.808165 -69.843472 -65.035307 7907.803512 -65.035307 0.001817
300 3000.000000 4.978708 -69.888654 -64.909946 8188.289934 -64.909946 0.001819
301 3010.000000 5.039142 -69.929911 -64.890769 8287.682881 -64.890769 0.001818
302 3020.000000 5.289275 -69.960149 -64.670874 8699.067309 -64.670874 0.001815
303 3030.000000 5.343039 -69.980887 -64.637849 8787.490691 -64.637849 0.001810
304 3040.000000 5.225242 -69.984566 -64.759325 8593.754178 -64.759325 0.001812
305 3050.000000 5.132606 -69.996949 -64.864343 8441.400109 -64.864343 0.001798
306 3060.000000 5.299275 -70.007518 -64.708243 8715.513661 -64.708243 0.001782
307 3070.000000 5.371948 -70.018956 -64.647008 8835.036677 -64.647008 0.001762
308 3080.000000 5.218233 -70.025486 -64.807252 8582.228019 -64.807252 0.001740
309 3090.000000 5.120024 -70.027133 -64.907109 8420.707035 -64.907109 0.001718
310 3100.000000 5.126232 -70.007489 -64.881256 8430.916948 -64.881256 0.001698
311 3110.000000 5.259521 -69.982102 -64.722581 8650.132402 -64.722581 0.001680
312 3120.000000 5.188704 -69.942598 -64.753894 8533.661750 -64.753894 0.001665
313 3130.000000 4.943696 -69.919443 -64.975747 8130.706858 -64.975747 0.001656
314 3140.000000 4.840333 -69.912102 -65.071769 7960.710377 -65.071769 0.001641
315 3150.000000 4.878943 -69.918242 -65.039299 8024.209854 -65.039299 0.001625
316 3160.000000 5.091719 -69.939232 -64.847513 8374.155074 -64.847513 0.001615
317 3170.000000 5.253766 -69.959456 -64.705690 8640.666373 -64.705690 0.001612
318 3180.000000 5.368809 -69.974285 -64.605476 8829.874402 -64.605476 0.001618
319 3190.000000 5.568944 -69.977469 -64.408526 9159.027610 -64.408526 0.001625
320 3200.000000 5.671458 -69.973647 -64.302189 9327.629638 -64.302189 0.001635
321 3210.000000 5.595008 -69.965286 -64.370278 9201.894435 -64.370278 0.001645
322 3220.000000 5.581471 -69.943485 -64.362014 9179.630475 -64.362014 0.001652
323 3230.000000 5.219566 -69.912376 -64.692810 8584.419055 -64.692810 0.001659
324 3240.000000 5.091859 -69.874965 -64.783107 8374.384357 -64.783107 0.001664
325 3250.000000 5.100159 -69.842264 -64.742105 8388.035603 -64.742105 0.001662
326 3260.000000 5.215100 -69.832112 -64.617013 8577.074162 -64.617013 0.001656
327 3270.000000 5.239043 -69.827907 -64.588864 8616.452159 -64.588864 0.001658
328 3280.000000 5.403297 -69.828392 -64.425095 8886.594762 -64.425095 0.001671
329 3290.000000 5.531266 -69.808709 -64.277443 9097.061293 -64.277443 0.001690
330 3300.000000 5.402760 -69.774510 -64.371750 8885.712505 -64.371750 0.001714
331 3310.000000 5.129559 -69.740110 -64.610551 8436.388937 -64.610551 0.001737
332 3320.000000 5.324401 -69.705738 -64.381337 8756.837715 -64.381337 0.001760
333 3330.000000 5.320419 -69.700991 -64.380573 8750.288001 -64.380573 0.001775
334 3340.000000 5.213781 -69.714964 -64.501183 8574.904738 -64.501183 0.001785
335 3350.000000 5.142867 -69.739959 -64.597092 8458.275726 -64.597092 0.001789
336 3360.000000 5.142371 -69.787643 -64.645272 8457.459695 -64.645272 0.001789
337 3370.000000 5.124091 -69.834428 -64.710337 8427.396035 -64.710337 0.001788
338 3380.000000 5.215626 -69.898327 -64.682701 8577.939637 -64.682701 0.001781
339 3390.000000 5.462166 -69.955101 -64.492935 8983.415153 -64.492935 0.001771
340 3400.000000 5.617072 -69.997297 -64.380225 9238.182644 -64.380225 0.001763
341 3410.000000 5.708804 -70.023553 -64.314749 9389.050588 -64.314749 0.001746
342 3420.000000 5.574363 -70.049194 -64.474832 9167.939898 -64.474832 0.001726
343 3430.000000 5.551736 -70.060569 -64.508833 9130.727559 -64.508833 0.001701
344 3440.000000 5.579303 -70.055543 -64.476239 9176.066092 -64.476239 0.001686
345 3450.000000 5.644055 -70.045183 -64.401127 9282.560711 -64.401127 0.001681
346 3460.000000 5.738050 -70.023374 -64.285324 9437.150977 -64.285324 0.001681
347 3470.000000 5.645605 -70.015624 -64.370020 9285.108933 -64.370020 0.001679
348 3480.000000 5.618612 -70.006714 -64.388102 9240.715848 -64.388102 0.001678
349 3490.000000 5.549418 -70.004324 -64.454906 9126.915310 -64.454906 0.001675
350 3500.000000 5.318353 -69.982357 -64.664004 8746.890969 -64.664004 0.001666
351 3510.000000 5.299386 -69.971074 -64.671688 8715.696725 -64.671688 0.001648
352 3520.000000 5.349714 -69.992628 -64.642914 8798.468327 -64.642914 0.001620
353 3530.000000 5.425727 -70.020157 -64.594430 8923.484561 -64.594430 0.001594
354 3540.000000 5.368095 -70.057996 -64.689901 8828.700361 -64.689901 0.001570
355 3550.000000 5.245179 -70.084072 -64.838893 8626.544653 -64.838893 0.001551
356 3560.000000 5.176446 -70.105133 -64.928688 8513.501400 -64.928688 0.001539
357 3570.000000 5.185512 -70.115387 -64.929875 8528.412926 -64.929875 0.001537
358 3580.000000 5.277933 -70.102048 -64.824115 8680.413246 -64.824115 0.001546
359 3590.000000 5.046217 -70.052625 -65.006408 8299.318677 -65.006408 0.001571
360 3600.000000 4.740751 -69.968654 -65.227903 7796.931232 -65.227903 0.001600
361 3610.000000 4.643543 -69.856715 -65.213172 7637.057458 -65.213172 0.001633
362 3620.000000 4.422201 -69.771432 -65.349231 7273.023609 -65.349231 0.001661
363 3630.000000 4.375386 -69.731880 -65.356493 7196.029707 -65.356493 0.001669
364 3640.000000 4.429619 -69.723922 -65.294303 7285.224301 -65.294303 0.001665
365 3650.000000 4.512393 -69.721435 -65.209042 7421.360008 -65.209042 0.001654
366 3660.000000 4.464269 -69.717257 -65.252987 7342.212472 -65.252987 0.001638
367 3670.000000 4.519884 -69.705784 -65.185900 7433.680093 -65.185900 0.001628
368 3680.000000 4.380752 -69.691660 -65.310908 7204.853935 -65.310908 0.001621
369 3690.000000 4.322091 -69.677622 -65.355532 7108.376333 -65.355532 0.001613
370 3700.000000 4.111315 -69.683408 -65.572093 6761.722114 -65.572093 0.001609
371 3710.000000 4.198497 -69.697773 -65.499276 6905.106197 -65.499276 0.001604
372 3720.000000 4.259866 -69.719925 -65.460059 7006.037309 -65.460059 0.001600
373 3730.000000 4.524697 -69.745300 -65.220603 7441.596028 -65.220603 0.001597
374 3740.000000 4.688286 -69.772253 -65.083967 7710.644312 -65.083967 0.001597
375 3750.000000 4.699932 -69.799479 -65.099547 7729.798365 -65.099547 0.001599
376 3760.000000 4.867591 -69.823546 -64.955955 8005.540126 -64.955955 0.001602
377 3770.000000 4.908882 -69.844001 -64.935119 8073.449392 -64.935119 0.001608
378 3780.000000 4.812386 -69.858040 -65.045654 7914.746288 -65.045654 0.001614
379 3790.000000 4.713288 -69.869408 -65.156119 7751.764417 -65.156119 0.001618
380 3800.000000 4.617208 -69.875551 -65.258343 7593.744463 -65.258343 0.001627
381 3810.000000 4.493999 -69.881935 -65.387936 7391.107926 -65.387936 0.001638
382 3820.000000 4.503025 -69.889961 -65.386936 7405.952665 -65.386936 0.001645
383 3830.000000 4.463315 -69.903443 -65.440128 7340.643124 -65.440128 0.001658
384 3840.000000 4.504783 -69.921318 -65.416535 7408.843812 -65.416535 0.001664
385 3850.000000 4.568631 -69.940392 -65.371761 7513.852481 -65.371761 0.001670
386 3860.000000 4.692433 -69.973451 -65.281018 7717.463987 -65.281018 0.001670
387 3870.000000 4.773474 -70.008197 -65.234723 7850.748632 -65.234723 0.001669
388 3880.000000 4.981608 -70.030959 -65.049352 8193.058968 -65.049352 0.001667
389 3890.000000 4.891314 -70.053356 -65.162042 8044.555844 -65.162042 0.001672
390 3900.000000 4.788549 -70.050768 -65.262218 7875.543250 -65.262218 0.001681
391 3910.000000 4.884568 -70.056604 -65.172036 8033.461593 -65.172036 0.001691
392 3920.000000 4.945362 -70.074987 -65.129625 8133.446975 -65.129625 0.001700
393 3930.000000 4.956850 -70.106512 -65.149663 8152.340528 -65.149663 0.001709
394 3940.000000 4.825466 -70.137525 -65.312059 7936.258910 -65.312059 0.001716
395 3950.000000 4.952282 -70.159245 -65.206964 8144.827232 -65.206964 0.001725
396 3960.000000 4.835420 -70.175999 -65.340579 7952.629677 -65.340579 0.001734
397 3970.000000 4.868797 -70.182729 -65.313932 8007.523963 -65.313932 0.001746
398 3980.000000 4.834423 -70.164284 -65.329860 7950.990474 -65.329860 0.001766
399 3990.000000 4.847785 -70.131771 -65.283987 7972.965076 -65.283987 0.001790
400 4000.000000 4.860527 -70.078333 -65.217806 7993.922213 -65.217806 0.001823
401 4010.000000 4.736829 -70.030572 -65.293744 7790.480161 -65.293744 0.001845
402 4020.000000 4.707679 -70.002915 -65.295237 7742.538290 -65.295237 0.001854
403 4030.000000 4.890106 -70.017579 -65.127474 8042.569064 -65.127474 0.001842
404 4040.000000 4.915245 -70.052115 -65.136871 8083.913862 -65.136871 0.001819
405 4050.000000 5.019895 -70.094680 -65.074784 8256.028808 -65.074784 0.001791
406 4060.000000 4.961369 -70.123273 -65.161905 8159.772489 -65.161905 0.001767
407 4070.000000 5.135495 -70.127487 -64.991992 8446.151152 -64.991992 0.001752
408 4080.000000 5.157064 -70.117552 -64.960487 8481.625787 -64.960487 0.001743
409 4090.000000 5.219335 -70.090461 -64.871126 8584.039829 -64.871126 0.001733
410 4100.000000 5.104772 -70.052856 -64.948084 8395.622465 -64.948084 0.001721
411 4110.000000 5.076353 -70.038626 -64.962274 8348.882006 -64.962274 0.001705
412 4120.000000 4.930877 -70.044888 -65.114011 8109.623705 -65.114011 0.001685
413 4130.000000 5.072541 -70.063980 -64.991439 8342.613328 -64.991439 0.001659
414 4140.000000 5.077115 -70.087794 -65.010679 8350.136210 -65.010679 0.001638
415 4150.000000 5.078246 -70.107651 -65.029405 8351.996806 -65.029405 0.001626
416 4160.000000 5.008202 -70.118992 -65.110790 8236.797994 -65.110790 0.001621
417 4170.000000 4.994083 -70.122962 -65.128879 8213.577106 -65.128879 0.001622
418 4180.000000 4.802545 -70.120317 -65.317772 7898.560519 -65.317772 0.001628
419 4190.000000 4.687382 -70.119643 -65.432261 7709.157445 -65.432261 0.001643
420 4200.000000 4.761317 -70.126988 -65.365671 7830.754528 -65.365671 0.001659
421 4210.000000 4.775389 -70.147773 -65.372384 7853.898833 -65.372384 0.001677
422 4220.000000 4.866329 -70.164052 -65.297724 8003.464148 -65.297724 0.001698
423 4230.000000 4.954566 -70.179573 -65.225007 8148.584655 -65.225007 0.001724
424 4240.000000 4.857435 -70.200564 -65.343129 7988.836632 -65.343129 0.001741
425 4250.000000 4.847926 -70.220305 -65.372379 7973.197552 -65.372379 0.001755
426 4260.000000 4.677825 -70.250054 -65.572229 7693.439592 -65.572229 0.001763
427 4270.000000 4.839175 -70.276797 -65.437622 7958.804806 -65.437622 0.001768
428 4280.000000 4.869397 -70.312320 -65.442923 8008.510295 -65.442923 0.001755
429 4290.000000 4.883464 -70.346694 -65.463230 8031.645676 -65.463230 0.001740
430 4300.000000 4.887475 -70.392080 -65.504605 8038.242175 -65.504605 0.001715
431 4310.000000 4.920755 -70.442061 -65.521306 8092.977406 -65.521306 0.001688
432 4320.000000 4.738779 -70.499404 -65.760625 7793.688052 -65.760625 0.001659
433 4330.000000 4.720881 -70.566128 -65.845247 7764.251758 -65.845247 0.001630
434 4340.000000 4.692867 -70.616758 -65.923891 7718.178546 -65.923891 0.001606
435 4350.000000 4.772629 -70.643288 -65.870659 7849.359009 -65.870659 0.001592
436 4360.000000 4.962289 -70.648377 -65.686088 8161.285321 -65.686088 0.001589
437 4370.000000 4.859824 -70.622064 -65.762240 7992.766418 -65.762240 0.001592
438 4380.000000 4.877313 -70.578923 -65.701610 8021.529305 -65.701610 0.001599
439 4390.000000 5.095157 -70.545667 -65.450510 8379.809360 -65.450510 0.001609
440 4400.000000 5.266279 -70.523842 -65.257563 8661.247066 -65.257563 0.001611
441 4410.000000 5.405680 -70.504279 -65.098599 8890.514530 -65.098599 0.001613
442 4420.000000 5.188146 -70.486326 -65.298180 8532.744731 -65.298180 0.001605
443 4430.000000 5.171793 -70.469051 -65.297258 8505.849818 -65.297258 0.001599
444 4440.000000 5.227301 -70.443889 -65.216588 8597.141308 -65.216588 0.001597
445 4450.000000 5.303709 -70.422960 -65.119251 8722.806786 -65.119251 0.001600
446 4460.000000 5.306989 -70.405303 -65.098314 8728.201438 -65.098314 0.001603
447 4470.000000 5.292402 -70.401585 -65.109183 8704.209717 -65.109183 0.001611
448 4480.000000 5.378156 -70.405797 -65.027640 8845.247366 -65.027640 0.001617
449 4490.000000 5.467365 -70.415217 -64.947852 8991.964639 -64.947852 0.001618
450 4500.000000 5.459075 -70.427621 -64.968547 8978.330460 -64.968547 0.001621
451 4510.000000 5.397140 -70.437872 -65.040732 8876.469054 -65.040732 0.001622
452 4520.000000 5.204597 -70.439993 -65.235396 8559.800004 -65.235396 0.001627
453 4530.000000 5.466442 -70.447806 -64.981364 8990.447175 -64.981364 0.001630
454 4540.000000 5.304063 -70.464365 -65.160302 8723.389419 -65.160302 0.001632
455 4550.000000 5.218669 -70.492427 -65.273758 8582.945113 -65.273758 0.001627
456 4560.000000 5.377823 -70.520691 -65.142868 8844.699354 -65.142868 0.001619
457 4570.000000 5.510077 -70.551053 -65.040976 9062.212093 -65.040976 0.001603
458 4580.000000 5.262072 -70.572976 -65.310904 8654.327944 -65.310904 0.001582
459 4590.000000 5.375113 -70.577246 -65.202133 8840.241381 -65.202133 0.001566
460 4600.000000 5.302828 -70.570020 -65.267191 8721.357821 -65.267191 0.001557
461 4610.000000 5.214422 -70.550771 -65.336349 8575.958923 -65.336349 0.001556
462 4620.000000 5.217259 -70.532091 -65.314832 8580.625296 -65.314832 0.001565
463 4630.000000 4.980803 -70.519719 -65.538916 8191.735391 -65.538916 0.001571
464 4640.000000 4.838270 -70.500891 -65.662621 7957.316048 -65.662621 0.001584
465 4650.000000 4.846288 -70.466682 -65.620394 7970.503050 -65.620394 0.001601
466 4660.000000 4.759264 -70.416585 -65.657321 7827.378507 -65.657321 0.001622
467 4670.000000 4.644075 -70.353166 -65.709091 7637.931887 -65.709091 0.001650
468 4680.000000 4.508388 -70.320953 -65.812565 7414.772198 -65.812565 0.001673
469 4690.000000 4.789941 -70.318553 -65.528613 7877.831151 -65.528613 0.001691
470 4700.000000 4.986952 -70.315394 -65.328442 8201.848627 -65.328442 0.001707
471 4710.000000 4.823930 -70.292649 -65.468719 7933.732160 -65.468719 0.001719
472 4720.000000 4.991178 -70.252130 -65.260952 8208.798574 -65.260952 0.001732
473 4730.000000 4.762521 -70.203348 -65.440828 7832.735040 -65.440828 0.001744
474 4740.000000 4.639785 -70.176285 -65.536500 7630.875639 -65.536500 0.001746
475 4750.000000 4.751096 -70.161386 -65.410290 7813.944654 -65.410290 0.001744
476 4760.000000 4.748246 -70.133248 -65.385002 7809.258122 -65.385002 0.001747
477 4770.000000 5.012383 -70.085438 -65.073055 8243.674299 -65.073055 0.001748
478 4780.000000 5.084164 -70.041305 -64.957140 8361.729911 -64.957140 0.001744
479 4790.000000 4.880045 -69.981831 -65.101786 8026.023068 -65.101786 0.001734
480 4800.000000 4.670375 -69.930492 -65.260117 7681.186831 -65.260117 0.001730
481 4810.000000 4.594434 -69.880547 -65.286113 7556.288984 -65.286113 0.001725
482 4820.000000 4.666138 -69.835905 -65.169768 7674.217471 -65.169768 0.001714
483 4830.000000 4.599533 -69.796143 -65.196610 7564.675798 -65.196610 0.001713
484 4840.000000 4.517452 -69.753101 -65.235649 7429.679575 -65.235649 0.001709
485 4850.000000 4.432333 -69.727048 -65.294715 7289.688492 -65.294715 0.001699
486 4860.000000 4.683125 -69.694853 -65.011727 7702.156357 -65.011727 0.001691
487 4870.000000 4.767579 -69.661834 -64.894254 7841.054175 -64.894254 0.001679
488 4880.000000 4.827904 -69.643579 -64.815675 7940.268397 -64.815675 0.001665
489 4890.000000 4.888478 -69.657203 -64.768725 8039.891270 -64.768725 0.001650
490 4900.000000 5.123671 -69.690733 -64.567062 8426.705084 -64.567062 0.001624
491 4910.000000 5.308744 -69.729421 -64.420677 8731.087135 -64.420677 0.001596
492 4920.000000 5.368128 -69.769249 -64.401121 8828.754273 -64.401121 0.001573
493 4930.000000 5.312910 -69.806232 -64.493322 8737.939629 -64.493322 0.001554
494 4940.000000 5.322534 -69.833341 -64.510808 8753.766900 -64.510808 0.001542
495 4950.000000 5.435492 -69.851229 -64.415738 8939.544565 -64.415738 0.001542
496 4960.000000 5.417831 -69.853880 -64.436049 8910.498438 -64.436049 0.001547
497 4970.000000 5.367941 -69.847072 -64.479132 8828.446089 -64.479132 0.001560
498 4980.000000 5.488796 -69.830606 -64.341810 9027.212364 -64.341810 0.001573
499 4990.000000 5.493503 -69.805973 -64.312470 9034.953332 -64.312470 0.001590
500 5000.000000 5.351143 -69.784334 -64.433191 8800.818861 -64.433191 0.001613
501 5010.000000 5.446446 -69.780390 -64.333944 8957.560431 -64.333944 0.001629
502 5020.000000 5.541408 -69.788290 -64.246883 9113.740072 -64.246883 0.001636
503 5030.000000 5.476349 -69.814360 -64.338011 9006.741048 -64.338011 0.001628
504 5040.000000 5.513275 -69.834713 -64.321438 9067.470987 -64.321438 0.001620
505 5050.000000 5.634956 -69.863147 -64.228191 9267.595404 -64.228191 0.001612
506 5060.000000 5.865729 -69.894772 -64.029044 9647.138467 -64.029044 0.001606
507 5070.000000 5.815746 -69.916205 -64.100459 9564.934160 -64.100459 0.001608
508 5080.000000 5.993368 -69.921509 -63.928141 9857.062914 -63.928141 0.001614
509 5090.000000 5.738967 -69.906703 -64.167736 9438.657870 -64.167736 0.001630
510 5100.000000 5.527272 -69.893862 -64.366590 9090.491455 -64.366590 0.001654
511 5110.000000 5.580456 -69.885991 -64.305536 9177.961112 -64.305536 0.001671
512 5120.000000 5.455514 -69.865747 -64.410233 8972.473578 -64.410233 0.001691
513 5130.000000 5.285853 -69.846614 -64.560761 8693.439538 -64.560761 0.001706
514 5140.000000 5.288127 -69.835709 -64.547582 8697.180114 -64.547582 0.001714
515 5150.000000 5.338650 -69.886819 -64.548169 8780.273015 -64.548169 0.001707
516 5160.000000 5.680948 -69.967455 -64.286506 9343.237664 -64.286506 0.001693
517 5170.000000 5.740814 -70.031547 -64.290733 9441.696539 -64.290733 0.001682
518 5180.000000 5.782832 -70.073369 -64.290537 9510.801840 -64.290537 0.001676
519 5190.000000 5.582922 -70.090912 -64.507990 9182.016992 -64.507990 0.001669
520 5200.000000 5.311950 -70.088969 -64.777019 8736.360259 -64.777019 0.001663
521 5210.000000 5.362375 -70.083636 -64.721261 8819.292408 -64.721261 0.001657
522 5220.000000 5.479645 -70.092387 -64.612742 9012.161375 -64.612742 0.001654
523 5230.000000 5.450981 -70.109834 -64.658853 8965.019253 -64.658853 0.001651
524 5240.000000 5.298140 -70.140746 -64.842606 8713.647012 -64.842606 0.001648
525 5250.000000 5.295901 -70.164241 -64.868340 8709.964687 -64.868340 0.001649
526 5260.000000 5.225192 -70.184585 -64.959393 8593.672411 -64.959393 0.001656
527 5270.000000 5.059421 -70.189150 -65.129729 8321.035045 -65.129729 0.001671
528 5280.000000 4.832617 -70.167447 -65.334830 7948.018947 -65.334830 0.001697
529 5290.000000 4.897591 -70.152222 -65.254631 8054.879102 -65.254631 0.001712
530 5300.000000 4.983796 -70.157178 -65.173382 8196.657436 -65.173382 0.001726
531 5310.000000 5.101057 -70.183019 -65.081962 8389.511966 -65.081962 0.001738
532 5320.000000 5.243067 -70.225516 -64.982449 8623.071287 -64.982449 0.001745
533 5330.000000 5.374581 -70.292748 -64.918167 8839.367480 -64.918167 0.001749
534 5340.000000 5.556921 -70.376130 -64.819210 9139.253708 -64.819210 0.001745
535 5350.000000 5.603212 -70.453611 -64.850400 9215.386912 -64.850400 0.001741
536 5360.000000 5.710076 -70.519181 -64.809105 9391.142154 -64.809105 0.001733
537 5370.000000 5.593954 -70.554837 -64.960882 9200.162008 -64.960882 0.001738
538 5380.000000 5.574876 -70.576986 -65.002110 9168.785077 -65.002110 0.001749
539 5390.000000 5.823708 -70.590263 -64.766555 9578.028179 -64.766555 0.001768
540 5400.000000 5.693995 -70.590134 -64.896138 9364.695459 -64.896138 0.001791
541 5410.000000 5.530953 -70.569042 -65.038089 9096.545975 -65.038089 0.001826
542 5420.000000 5.270747 -70.533028 -65.262282 8668.594538 -65.262282 0.001867
543 5430.000000 5.149191 -70.494954 -65.345763 8468.676284 -65.345763 0.001902
544 5440.000000 5.201709 -70.450012 -65.248303 8555.051790 -65.248303 0.001927
545 5450.000000 5.180708 -70.424621 -65.243913 8520.512120 -65.243913 0.001937
546 5460.000000 5.129423 -70.470179 -65.340756 8436.165230 -65.340756 0.001924
547 5470.000000 5.139228 -70.554998 -65.415770 8452.290329 -65.415770 0.001898
548 5480.000000 5.196376 -70.649719 -65.453342 8546.280739 -65.453342 0.001863
549 5490.000000 5.242142 -70.717749 -65.475607 8621.549411 -65.475607 0.001833
550 5500.000000 5.249930 -70.753568 -65.503638 8634.358295 -65.503638 0.001806
551 5510.000000 5.125266 -70.758766 -65.633499 8429.328855 -65.633499 0.001780
552 5520.000000 4.955550 -70.748195 -65.792646 8150.202076 -65.792646 0.001766
553 5530.000000 5.163151 -70.724085 -65.560933 8491.636385 -65.560933 0.001764
554 5540.000000 5.173760 -70.684453 -65.510693 8509.084122 -65.510693 0.001764
555 5550.000000 5.011738 -70.628830 -65.617092 8242.613358 -65.617092 0.001764
556 5560.000000 4.778640 -70.570739 -65.792098 7859.246175 -65.792098 0.001768
557 5570.000000 4.646375 -70.513329 -65.866953 7641.715192 -65.866953 0.001770
558 5580.000000 4.594665 -70.452524 -65.857859 7556.669324 -65.857859 0.001767
559 5590.000000 4.541599 -70.405938 -65.864339 7469.393338 -65.864339 0.001759
560 5600.000000 4.783215 -70.380655 -65.597440 7866.769469 -65.597440 0.001746
561 5610.000000 4.859689 -70.354369 -65.494680 7992.543009 -65.494680 0.001721
562 5620.000000 4.765004 -70.334049 -65.569045 7836.819738 -65.569045 0.001691
563 5630.000000 4.859880 -70.310304 -65.450425 7992.857784 -65.450425 0.001659
564 5640.000000 4.648748 -70.267330 -65.618583 7645.616794 -65.618583 0.001635
565 5650.000000 4.450825 -70.207435 -65.756610 7320.101724 -65.756610 0.001616
566 5660.000000 4.622840 -70.142467 -65.519627 7603.007296 -65.519627 0.001607
567 5670.000000 4.412113 -70.073395 -65.661282 7256.433452 -65.661282 0.001606
568 5680.000000 4.215391 -70.007047 -65.791656 6932.891184 -65.791656 0.001603
569 5690.000000 4.193555 -69.942836 -65.749280 6896.979601 -65.749280 0.001605
570 5700.000000 4.123377 -69.912907 -65.789530 6781.560169 -65.789530 0.001599
571 5710.000000 4.229815 -69.911466 -65.681651 6956.614280 -65.681651 0.001597
572 5720.000000 4.133566 -69.933865 -65.800299 6798.316653 -65.800299 0.001589
573 5730.000000 4.201157 -69.951419 -65.750263 6909.481290 -65.750263 0.001589
574 5740.000000 4.280684 -69.975475 -65.694791 7040.275867 -65.694791 0.001597
575 5750.000000 4.222164 -70.015238 -65.793074 6944.031231 -65.793074 0.001608
576 5760.000000 4.004006 -70.066093 -66.062087 6585.234231 -66.062087 0.001626
577 5770.000000 4.283062 -70.135345 -65.852283 7044.186823 -65.852283 0.001647
578 5780.000000 4.482806 -70.198010 -65.715205 7372.698585 -65.715205 0.001675
579 5790.000000 4.699052 -70.240744 -65.541692 7728.350488 -65.541692 0.001715
580 5800.000000 4.710127 -70.271669 -65.561542 7746.564672 -65.561542 0.001758
581 5810.000000 4.949609 -70.273285 -65.323676 8140.431469 -65.323676 0.001811
582 5820.000000 5.104139 -70.268475 -65.164336 8394.581987 -65.164336 0.001852
583 5830.000000 5.185713 -70.245122 -65.059409 8528.742760 -65.059409 0.001893
584 5840.000000 5.176922 -70.210893 -65.033971 8514.284368 -65.033971 0.001927
585 5850.000000 5.172497 -70.184862 -65.012366 8507.006811 -65.012366 0.001953
586 5860.000000 5.235455 -70.189975 -64.954520 8610.551998 -64.954520 0.001960
587 5870.000000 5.567639 -70.228659 -64.661020 9156.881732 -64.661020 0.001951
588 5880.000000 5.679343 -70.270083 -64.590740 9340.597847 -64.590740 0.001936
589 5890.000000 5.566250 -70.314737 -64.748487 9154.597798 -64.748487 0.001911
590 5900.000000 5.428276 -70.343239 -64.914963 8927.677417 -64.914963 0.001880
591 5910.000000 5.373324 -70.356768 -64.983444 8837.299638 -64.983444 0.001855
592 5920.000000 5.145300 -70.352211 -65.206911 8462.277530 -65.206911 0.001823
593 5930.000000 5.087104 -70.333968 -65.246864 8366.564251 -65.246864 0.001796
594 5940.000000 5.301441 -70.300113 -64.998671 8719.076651 -64.998671 0.001771
595 5950.000000 5.112878 -70.264693 -65.151814 8408.954867 -65.151814 0.001741
596 5960.000000 5.136651 -70.208833 -65.072181 8448.053213 -65.072181 0.001722
597 5970.000000 5.165170 -70.145634 -64.980464 8494.956424 -64.980464 0.001703
598 5980.000000 5.119182 -70.095212 -64.976030 8419.322473 -64.976030 0.001694
599 5990.000000 5.276773 -70.088121 -64.811347 8678.506439 -64.811347 0.001673
600 6000.000000 5.223725 -70.087941 -64.864216 8591.260321 -64.864216 0.001654
601 6010.000000 4.984981 -70.097987 -65.113006 8198.606340 -65.113006 0.001644
602 6020.000000 4.985892 -70.101434 -65.115542 8200.104943 -65.115542 0.001638
603 6030.000000 4.942934 -70.091241 -65.148307 8129.453963 -65.148307 0.001639
604 6040.000000 4.784765 -70.087628 -65.302863 7869.319835 -65.302863 0.001644
605 6050.000000 4.633713 -70.071669 -65.437956 7620.890184 -65.437956 0.001652
606 6060.000000 4.649941 -70.062958 -65.413016 7647.579893 -65.413016 0.001655
607 6070.000000 4.696777 -70.072561 -65.375785 7724.608000 -65.375785 0.001656
608 6080.000000 4.792596 -70.093334 -65.300738 7882.198193 -65.300738 0.001650
609 6090.000000 4.764634 -70.125572 -65.360939 7836.209888 -65.360939 0.001646
610 6100.000000 4.915487 -70.153045 -65.237557 8084.313470 -65.237557 0.001647
611 6110.000000 4.942382 -70.178170 -65.235788 8128.546055 -65.235788 0.001656
612 6120.000000 4.965674 -70.192637 -65.226963 8166.852708 -65.226963 0.001663
613 6130.000000 4.636924 -70.187835 -65.550911 7626.170345 -65.550911 0.001677
614 6140.000000 4.617380 -70.189348 -65.571968 7594.027233 -65.571968 0.001692
615 6150.000000 4.420536 -70.190015 -65.769479 7270.285467 -65.769479 0.001710
616 6160.000000 4.519496 -70.207707 -65.688211 7433.041516 -65.688211 0.001725
617 6170.000000 4.559085 -70.222949 -65.663863 7498.152663 -65.663863 0.001733
618 6180.000000 4.391581 -70.225557 -65.833976 7222.664101 -65.833976 0.001737
619 6190.000000 4.353054 -70.210629 -65.857575 7159.300573 -65.857575 0.001741
620 6200.000000 4.220955 -70.194102 -65.973147 6942.043231 -65.973147 0.001745
621 6210.000000 4.111725 -70.186507 -66.074782 6762.395389 -66.074782 0.001744
622 6220.000000 4.144926 -70.188024 -66.043098 6817.001172 -66.043098 0.001743
623 6230.000000 4.193692 -70.194094 -66.000402 6897.203856 -66.000402 0.001744
624 6240.000000 4.172803 -70.207028 -66.034225 6862.848439 -66.034225 0.001744
625 6250.000000 4.255205 -70.212912 -65.957707 6998.372256 -65.957707 0.001746
626 6260.000000 4.196393 -70.221897 -66.025505 6901.645965 -66.025505 0.001750
627 6270.000000 4.304462 -70.221322 -65.916860 7079.383962 -65.916860 0.001759
628 6280.000000 4.383043 -70.209814 -65.826772 7208.621654 -65.826772 0.001768
629 6290.000000 4.440980 -70.199915 -65.758935 7303.909969 -65.758935 0.001768
630 6300.000000 4.498597 -70.194081 -65.695484 7398.670082 -65.695484 0.001765
631 6310.000000 4.487132 -70.190031 -65.702899 7379.814256 -65.702899 0.001764
632 6320.000000 4.493574 -70.189328 -65.695754 7390.408697 -65.695754 0.001758
633 6330.000000 4.751694 -70.189484 -65.437790 7814.928404 -65.437790 0.001747
634 6340.000000 4.842030 -70.182684 -65.340654 7963.501167 -65.340654 0.001734
635 6350.000000 4.633977 -70.185374 -65.551397 7621.324036 -65.551397 0.001724
636 6360.000000 4.530048 -70.189379 -65.659331 7450.395558 -65.659331 0.001720
637 6370.000000 4.515250 -70.211903 -65.696653 7426.057489 -65.696653 0.001717
638 6380.000000 4.632683 -70.248652 -65.615969 7619.196086 -65.615969 0.001703
639 6390.000000 4.817399 -70.297248 -65.479849 7922.991327 -65.479849 0.001693
640 6400.000000 4.919233 -70.337396 -65.418163 8090.473605 -65.418163 0.001680
641 6410.000000 4.839512 -70.362842 -65.523330 7959.360059 -65.523330 0.001667
642 6420.000000 4.767766 -70.375824 -65.608058 7841.360958 -65.608058 0.001660
643 6430.000000 4.803749 -70.356896 -65.553147 7900.542139 -65.553147 0.001662
644 6440.000000 4.454149 -70.323101 -65.868952 7325.567330 -65.868952 0.001668
645 6450.000000 4.271408 -70.283219 -66.011811 7025.020903 -66.011811 0.001683
646 6460.000000 4.366176 -70.250447 -65.884270 7180.882459 -65.884270 0.001702
647 6470.000000 4.543517 -70.225804 -65.682287 7472.548578 -65.682287 0.001721
648 6480.000000 4.585326 -70.219082 -65.633756 7541.309490 -65.633756 0.001735
649 6490.000000 4.668822 -70.221593 -65.552772 7678.631497 -65.552772 0.001745
650 6500.000000 4.724945 -70.220915 -65.495971 7770.934883 -65.495971 0.001749
651 6510.000000 4.850777 -70.210607 -65.359829 7977.887325 -65.359829 0.001752
652 6520.000000 4.838007 -70.192865 -65.354858 7956.884446 -65.354858 0.001750
653 6530.000000 4.706517 -70.207334 -65.500817 7740.627007 -65.500817 0.001738
654 6540.000000 4.713743 -70.258028 -65.544285 7752.512226 -65.544285 0.001727
655 6550.000000 4.747029 -70.331210 -65.584181 7807.256176 -65.584181 0.001711
656 6560.000000 5.059912 -70.383869 -65.323957 8321.843083 -65.323957 0.001705
657 6570.000000 5.105835 -70.430645 -65.324810 8397.370865 -65.324810 0.001702
658 6580.000000 5.300088 -70.462619 -65.162530 8716.851680 -65.162530 0.001707
659 6590.000000 5.336532 -70.499311 -65.162779 8776.789695 -65.162779 0.001716
660 6600.000000 5.360248 -70.526383 -65.166135 8815.794567 -65.166135 0.001732
661 6610.000000 5.209060 -70.531598 -65.322538 8567.141588 -65.322538 0.001756
662 6620.000000 5.461444 -70.505733 -65.044288 8982.227423 -65.044288 0.001789
663 6630.000000 5.332140 -70.464101 -65.131961 8769.565056 -65.131961 0.001816
664 6640.000000 5.080833 -70.410157 -65.329323 8356.251612 -65.329323 0.001844
665 6650.000000 4.971091 -70.367104 -65.396013 8175.762353 -65.396013 0.001867
666 6660.000000 4.851760 -70.343779 -65.492018 7979.503757 -65.492018 0.001880
667 6670.000000 5.044496 -70.334563 -65.290067 8296.488735 -65.290067 0.001890
668 6680.000000 5.238188 -70.349938 -65.111750 8615.047036 -65.111750 0.001878
669 6690.000000 5.125424 -70.373552 -65.248128 8429.587693 -65.248128 0.001855
670 6700.000000 4.963906 -70.406206 -65.442300 8163.945402 -65.442300 0.001815
671 6710.000000 5.006333 -70.440432 -65.434100 8233.723136 -65.434100 0.001762
672 6720.000000 5.082530 -70.456242 -65.373713 8359.041380 -65.373713 0.001704
673 6730.000000 4.936796 -70.455605 -65.518809 8119.359091 -65.518809 0.001649
674 6740.000000 4.894065 -70.447974 -65.553909 8049.080161 -65.553909 0.001601
675 6750.000000 4.836665 -70.437967 -65.601302 7954.676634 -65.601302 0.001562
676 6760.000000 4.954861 -70.423059 -65.468198 8149.069717 -65.468198 0.001539
677 6770.000000 4.734529 -70.395218 -65.660690 7786.697355 -65.660690 0.001529
678 6780.000000 4.875487 -70.371583 -65.496096 8018.526322 -65.496096 0.001527
679 6790.000000 4.946583 -70.345391 -65.398808 8135.455375 -65.398808 0.001531
680 6800.000000 4.954669 -70.318980 -65.364311 8148.753652 -65.364311 0.001536
681 6810.000000 5.104650 -70.296159 -65.191509 8395.421669 -65.191509 0.001544
682 6820.000000 4.986654 -70.275965 -65.289311 8201.358475 -65.289311 0.001558
683 6830.000000 4.879919 -70.250150 -65.370231 8025.815490 -65.370231 0.001580
684 6840.000000 4.918238 -70.229893 -65.311654 8088.837362 -65.311654 0.001599
685 6850.000000 4.868550 -70.219732 -65.351182 8007.116680 -65.351182 0.001622
686 6860.000000 4.830450 -70.214551 -65.384101 7944.455437 -65.384101 0.001644
687 6870.000000 4.837637 -70.218034 -65.380398 7956.274978 -65.380398 0.001670
688 6880.000000 4.868164 -70.244398 -65.376234 8006.482512 -65.376234 0.001699
689 6890.000000 5.126253 -70.292751 -65.166497 8430.951895 -65.166497 0.001725
690 6900.000000 5.073445 -70.344847 -65.271403 8344.099430 -65.271403 0.001747
691 6910.000000 5.099299 -70.389242 -65.289942 8386.621690 -65.289942 0.001775
692 6920.000000 5.022156 -70.411212 -65.389056 8259.747046 -65.389056 0.001806
693 6930.000000 4.865771 -70.404591 -65.538820 8002.546266 -65.538820 0.001835
694 6940.000000 4.783854 -70.380157 -65.596303 7867.820371 -65.596303 0.001863
695 6950.000000 4.925684 -70.355900 -65.430216 8101.083909 -65.430216 0.001889
696 6960.000000 4.703302 -70.359498 -65.656196 7735.340158 -65.656196 0.001895
697 6970.000000 4.752372 -70.386395 -65.634023 7816.043884 -65.634023 0.001888
698 6980.000000 4.888088 -70.419942 -65.531854 8039.250761 -65.531854 0.001875
699 6990.000000 5.122104 -70.433472 -65.311368 8424.127763 -65.311368 0.001865
700 7000.000000 5.013622 -70.463746 -65.450124 8245.711423 -65.450124 0.001843
701 7010.000000 5.053789 -70.491166 -65.437377 8311.773095 -65.437377 0.001816
702 7020.000000 5.122084 -70.531606 -65.409522 8424.094174 -65.409522 0.001788
703 7030.000000 5.042889 -70.574341 -65.531452 8293.845485 -65.531452 0.001754
704 7040.000000 4.855737 -70.597821 -65.742084 7986.044451 -65.742084 0.001717
705 7050.000000 4.838253 -70.596974 -65.758721 7957.288407 -65.758721 0.001690
706 7060.000000 4.897004 -70.583649 -65.686645 8053.914826 -65.686645 0.001676
707 7070.000000 4.978909 -70.563581 -65.584673 8188.620105 -65.584673 0.001658
708 7080.000000 4.963440 -70.532371 -65.568931 8163.178868 -65.568931 0.001656
709 7090.000000 5.112065 -70.504641 -65.392575 8407.617556 -65.392575 0.001658
710 7100.000000 4.747588 -70.468859 -65.721271 7808.176220 -65.721271 0.001668
711 7110.000000 4.721733 -70.439186 -65.717453 7765.652197 -65.717453 0.001686
712 7120.000000 4.632839 -70.403529 -65.770690 7619.451815 -65.770690 0.001707
713 7130.000000 4.585957 -70.356630 -65.770673 7542.347571 -65.770673 0.001732
714 7140.000000 4.569229 -70.297189 -65.727960 7514.835068 -65.727960 0.001759
715 7150.000000 4.562017 -70.253466 -65.691449 7502.974018 -65.691449 0.001783
716 7160.000000 4.388349 -70.212160 -65.823811 7217.348245 -65.823811 0.001799
717 7170.000000 4.331905 -70.175956 -65.844051 7124.517967 -65.844051 0.001809
718 7180.000000 4.272709 -70.168092 -65.895384 7027.159942 -65.895384 0.001806
719 7190.000000 4.347476 -70.192612 -65.845136 7150.126658 -65.845136 0.001795
720 7200.000000 4.327482 -70.241324 -65.913842 7117.243070 -65.913842 0.001776
