# istep , time , K , V , E , T , H_eff, P
1 10.000000 5.037638 -71.014370 -65.976732 8285.209383 -65.976732 0.001018
2 20.000000 5.053422 -71.019093 -65.965672 8311.168347 -65.965672 0.001019
3 30.000000 4.954774 -71.037029 -66.082256 8148.925811 -66.082256 0.001016
4 40.000000 4.772191 -71.058139 -66.285948 7848.639021 -66.285948 0.001016
5 50.000000 4.944847 -71.072845 -66.127999 8132.599351 -66.127999 0.001018
6 60.000000 4.897500 -71.076767 -66.179267 8054.730160 -66.179267 0.001024
7 70.000000 5.018582 -71.078559 -66.059977 8253.868769 -66.059977 0.001037
8 80.000000 5.051815 -71.079061 -66.027246 8308.526161 -66.027246 0.001055
9 90.000000 5.084127 -71.091541 -66.007414 8361.668956 -66.007414 0.001069
10 100.000000 5.110937 -71.106312 -65.995375 8405.761373 -65.995375 0.001083
11 110.000000 5.180555 -71.106559 -65.926004 8520.260265 -65.926004 0.001101
12 120.000000 5.154947 -71.078569 -65.923622 8478.143540 -65.923622 0.001120
13 130.000000 5.243228 -71.038228 -65.795000 8623.336421 -65.795000 0.001142
14 140.000000 5.017534 -71.021967 -66.004433 8252.145857 -66.004433 0.001152
15 150.000000 5.170020 -71.057326 -65.887307 8502.932583 -65.887307 0.001154
16 160.000000 5.257438 -71.155261 -65.897823 8646.705969 -65.897823 0.001137
17 170.000000 5.399808 -71.258507 -65.858698 8880.857376 -65.858698 0.001116
18 180.000000 5.639490 -71.335545 -65.696055 9275.051803 -65.696055 0.001092
19 190.000000 5.639824 -71.376189 -65.736365 9275.601621 -65.736365 0.001079
20 200.000000 5.533302 -71.372649 -65.839347 9100.408828 -65.839347 0.001076
21 210.000000 5.557864 -71.329959 -65.772095 9140.806019 -65.772095 0.001082
22 220.000000 5.466536 -71.258078 -65.791541 8990.602381 -65.791541 0.001092
23 230.000000 5.393541 -71.169135 -65.775594 8870.550440 -65.775594 0.001104
24 240.000000 5.399134 -71.106884 -65.707750 8879.747880 -65.707750 0.001113
25 250.000000 5.349424 -71.093487 -65.744063 8797.992128 -65.744063 0.001111
26 260.000000 5.414890 -71.126658 -65.711768 8905.661369 -65.711768 0.001096
27 270.000000 5.487949 -71.176603 -65.688654 9025.819064 -65.688654 0.001075
28 280.000000 5.253499 -71.222765 -65.969266 8640.227457 -65.969266 0.001055
29 290.000000 5.346278 -71.238649 -65.892371 8792.817822 -65.892371 0.001044
30 300.000000 5.174687 -71.225353 -66.050666 8510.608322 -66.050666 0.001039
31 310.000000 5.185302 -71.198714 -66.013412 8528.066947 -66.013412 0.001036
32 320.000000 5.113682 -71.159856 -66.046174 8410.277104 -66.046174 0.001036
33 330.000000 4.969077 -71.131808 -66.162731 8172.450885 -66.162731 0.001034
34 340.000000 5.026737 -71.112710 -66.085973 8267.281235 -66.085973 0.001029
35 350.000000 5.146292 -71.093393 -65.947102 8463.908107 -65.947102 0.001017
36 360.000000 5.282404 -71.068720 -65.786317 8687.766422 -65.786317 0.001013
37 370.000000 5.246379 -71.032820 -65.786441 8628.517931 -65.786441 0.001016
38 380.000000 5.045019 -70.992336 -65.947317 8297.349151 -65.947317 0.001026
39 390.000000 4.917907 -70.970481 -66.052574 8088.293517 -66.052574 0.001036
40 400.000000 4.757079 -70.966455 -66.209376 7823.784892 -66.209376 0.001043
41 410.000000 4.848743 -70.971159 -66.122416 7974.541485 -66.122416 0.001047
42 420.000000 4.905733 -70.977643 -66.071910 8068.270259 -66.071910 0.001053
43 430.000000 4.899903 -70.989045 -66.089142 8058.681526 -66.089142 0.001056
44 440.000000 5.119201 -71.012762 -65.893561 8419.353817 -65.893561 0.001062
45 450.000000 5.215475 -71.022354 -65.806879 8577.691852 -65.806879 0.001074
46 460.000000 5.194160 -71.016238 -65.822077 8542.636201 -65.822077 0.001089
47 470.000000 5.273235 -70.999770 -65.726535 8672.687128 -65.726535 0.001098
48 480.000000 5.067259 -70.998764 -65.931505 8333.925605 -65.931505 0.001098
49 490.000000 5.176181 -70.998589 -65.822407 8513.066582 -65.822407 0.001098
50 500.000000 5.140601 -70.999721 -65.859120 8454.548874 -65.859120 0.001096
51 510.000000 4.931117 -71.019062 -66.087945 8110.018680 -66.087945 0.001093
52 520.000000 4.953393 -71.038799 -66.085406 8146.655708 -66.085406 0.001094
53 530.000000 5.220740 -71.046298 -65.825558 8586.350119 -65.825558 0.001097
54 540.000000 5.545963 -71.027661 -65.481698 9121.231575 -65.481698 0.001104
55 550.000000 5.698841 -70.979135 -65.280294 9372.664118 -65.280294 0.001114
56 560.000000 5.742034 -70.925690 -65.183656 9443.702324 -65.183656 0.001119
57 570.000000 5.669143 -70.904988 -65.235845 9323.821909 -65.235845 0.001114
58 580.000000 5.576030 -70.908958 -65.332928 9170.682852 -65.332928 0.001101
59 590.000000 5.517332 -70.910631 -65.393299 9074.144392 -65.393299 0.001085
60 600.000000 5.394943 -70.904454 -65.509511 8872.855346 -65.509511 0.001067
61 610.000000 5.288178 -70.892501 -65.604323 8697.262932 -65.604323 0.001048
62 620.000000 5.251511 -70.886384 -65.634873 8636.958707 -65.634873 0.001024
63 630.000000 5.188418 -70.877041 -65.688622 8533.192585 -65.688622 0.001000
64 640.000000 5.290424 -70.854872 -65.564448 8700.957499 -65.564448 0.000980
65 650.000000 5.223040 -70.837019 -65.613979 8590.133038 -65.613979 0.000957
66 660.000000 5.230108 -70.822450 -65.592342 8601.756937 -65.592342 0.000933
67 670.000000 5.124239 -70.808804 -65.684564 8427.639758 -65.684564 0.000912
68 680.000000 4.970841 -70.792895 -65.822054 8175.350989 -65.822054 0.000898
69 690.000000 5.061318 -70.767164 -65.705847 8324.154777 -65.705847 0.000886
70 700.000000 5.162433 -70.723311 -65.560878 8490.455812 -65.560878 0.000874
71 710.000000 5.132023 -70.687021 -65.554998 8440.441287 -65.554998 0.000864
72 720.000000 5.085632 -70.643244 -65.557612 8364.143806 -65.557612 0.000860
73 730.000000 5.057433 -70.619404 -65.561971 8317.765536 -65.561971 0.000860
74 740.000000 4.935828 -70.613109 -65.677281 8117.766744 -65.677281 0.000858
75 750.000000 4.836386 -70.624161 -65.787775 7954.218053 -65.787775 0.000857
76 760.000000 4.983491 -70.635692 -65.652202 8196.155624 -65.652202 0.000856
77 770.000000 5.106480 -70.649248 -65.542768 8398.432128 -65.542768 0.000858
78 780.000000 5.015708 -70.639558 -65.623850 8249.143033 -65.623850 0.000872
79 790.000000 4.806881 -70.634381 -65.827499 7905.693331 -65.827499 0.000891
80 800.000000 4.779167 -70.651575 -65.872408 7860.111834 -65.872408 0.000912
81 810.000000 4.719245 -70.713663 -65.994419 7761.560608 -65.994419 0.000926
82 820.000000 4.730010 -70.787479 -66.057469 7779.266252 -66.057469 0.000944
83 830.000000 4.712981 -70.846536 -66.133555 7751.259555 -66.133555 0.000963
84 840.000000 4.793758 -70.892473 -66.098716 7884.109519 -66.098716 0.000989
85 850.000000 4.658767 -70.920968 -66.262201 7662.095465 -66.262201 0.001020
86 860.000000 4.655269 -70.938962 -66.283693 7656.342755 -66.283693 0.001054
87 870.000000 4.681371 -70.953020 -66.271648 7699.271828 -66.271648 0.001090
88 880.000000 4.767487 -70.957282 -66.189795 7840.902686 -66.189795 0.001122
89 890.000000 4.854672 -70.977053 -66.122382 7984.292232 -66.122382 0.001148
90 900.000000 4.996251 -71.016684 -66.020433 8217.141458 -66.020433 0.001169
91 910.000000 5.191427 -71.021255 -65.829828 8538.140334 -65.829828 0.001191
92 920.000000 5.049632 -70.953980 -65.904348 8304.936353 -65.904348 0.001216
93 930.000000 5.162902 -70.878858 -65.715956 8491.226703 -65.715956 0.001233
94 940.000000 5.239958 -70.829708 -65.589750 8617.956965 -65.589750 0.001239
95 950.000000 5.277044 -70.835379 -65.558334 8678.951867 -65.558334 0.001233
96 960.000000 5.230069 -70.879228 -65.649159 8601.693451 -65.649159 0.001219
97 970.000000 5.186489 -70.933137 -65.746648 8530.019267 -65.746648 0.001197
98 980.000000 5.161759 -70.998802 -65.837043 8489.347120 -65.837043 0.001163
99 990.000000 5.190158 -71.052994 -65.862836 8536.053257 -65.862836 0.001130
100 1000.000000 5.195917 -71.082132 -65.886215 8545.525187 -65.886215 0.001104
101 1010.000000 5.158897 -71.089999 -65.931101 8484.640256 -65.931101 0.001079
102 1020.000000 5.210304 -71.077278 -65.866973 8569.187107 -65.866973 0.001059
103 1030.000000 5.206068 -71.053345 -65.847277 8562.219767 -65.847277 0.001043
104 1040.000000 5.250059 -71.031274 -65.781215 8634.569564 -65.781215 0.001029
105 1050.000000 5.116671 -70.995968 -65.879297 8415.192139 -65.879297 0.001020
106 1060.000000 5.223319 -70.951868 -65.728549 8590.592130 -65.728549 0.001014
107 1070.000000 5.062845 -70.905031 -65.842186 8326.667213 -65.842186 0.001011
108 1080.000000 4.971297 -70.853950 -65.882653 8176.101314 -65.882653 0.001011
109 1090.000000 4.744398 -70.811644 -66.067247 7802.928597 -66.067247 0.001006
110 1100.000000 4.799788 -70.781751 -65.981963 7894.026960 -65.981963 0.001003
111 1110.000000 4.651132 -70.779217 -66.128086 7649.537474 -66.128086 0.000993
112 1120.000000 4.745544 -70.805179 -66.059636 7804.813107 -66.059636 0.000977
113 1130.000000 4.774083 -70.837581 -66.063498 7851.751596 -66.063498 0.000965
114 1140.000000 4.738488 -70.871280 -66.132792 7793.209426 -66.132792 0.000951
115 1150.000000 4.812762 -70.891581 -66.078819 7915.364276 -66.078819 0.000941
116 1160.000000 4.753595 -70.913438 -66.159844 7818.054451 -66.159844 0.000938
117 1170.000000 4.652217 -70.924112 -66.271895 7651.323202 -66.271895 0.000935
118 1180.000000 4.510034 -70.932597 -66.422563 7417.479683 -66.422563 0.000933
119 1190.000000 4.454289 -70.934633 -66.480344 7325.797481 -66.480344 0.000939
120 1200.000000 4.453815 -70.933182 -66.479367 7325.018382 -66.479367 0.000948
121 1210.000000 4.532810 -70.937222 -66.404412 7454.938854 -66.404412 0.000960
122 1220.000000 4.516256 -70.949827 -66.433571 7427.712914 -66.433571 0.000968
123 1230.000000 4.644117 -70.977812 -66.333696 7638.000118 -66.333696 0.000979
124 1240.000000 4.792183 -71.010205 -66.218022 7881.518593 -66.218022 0.000989
125 1250.000000 4.975433 -71.041312 -66.065879 8182.903693 -66.065879 0.001006
126 1260.000000 4.935183 -71.058107 -66.122924 8116.706482 -66.122924 0.001026
127 1270.000000 4.803048 -71.076353 -66.273304 7899.389292 -66.273304 0.001041
128 1280.000000 4.954502 -71.111185 -66.156684 8148.478941 -66.156684 0.001051
129 1290.000000 4.971599 -71.142080 -66.170482 8176.597223 -66.170482 0.001059
130 1300.000000 4.958078 -71.160834 -66.202756 8154.359910 -66.202756 0.001066
131 1310.000000 4.823981 -71.158113 -66.334131 7933.817051 -66.334131 0.001069
132 1320.000000 4.668561 -71.138450 -66.469889 7678.202876 -66.469889 0.001070
133 1330.000000 4.732010 -71.107806 -66.375796 7782.554811 -66.375796 0.001069
134 1340.000000 4.317200 -71.065002 -66.747801 7100.333014 -66.747801 0.001068
135 1350.000000 4.399539 -71.016946 -66.617407 7235.752230 -66.617407 0.001071
136 1360.000000 4.390614 -71.004812 -66.614198 7221.074538 -66.614198 0.001068
137 1370.000000 4.267981 -71.007638 -66.739657 7019.383937 -66.739657 0.001062
138 1380.000000 4.388489 -71.032836 -66.644347 7217.579374 -66.644347 0.001052
139 1390.000000 4.419767 -71.074395 -66.654628 7269.020770 -66.654628 0.001043
140 1400.000000 4.520617 -71.127520 -66.606903 7434.885030 -66.606903 0.001025
141 1410.000000 4.576797 -71.171729 -66.594932 7527.282928 -66.594932 0.001011
142 1420.000000 4.509019 -71.202265 -66.693246 7415.810623 -66.693246 0.001000
143 1430.000000 4.278706 -71.212916 -66.934211 7037.022654 -66.934211 0.000998
144 1440.000000 4.467329 -71.208333 -66.741003 7347.244636 -66.741003 0.001007
145 1450.000000 4.328720 -71.188869 -66.860150 7119.279345 -66.860150 0.001030
146 1460.000000 4.448506 -71.153772 -66.705266 7316.286717 -66.705266 0.001061
147 1470.000000 4.266915 -71.103050 -66.836135 7017.631254 -66.836135 0.001098
148 1480.000000 4.418075 -71.038987 -66.620912 7266.237558 -66.620912 0.001134
149 1490.000000 4.310161 -70.967002 -66.656841 7088.755779 -66.656841 0.001169
150 1500.000000 4.267599 -70.917233 -66.649634 7018.756479 -66.649634 0.001192
151 1510.000000 4.160269 -70.896480 -66.736211 6842.234003 -66.736211 0.001205
152 1520.000000 4.156231 -70.898369 -66.742138 6835.593997 -66.742138 0.001210
153 1530.000000 4.215517 -70.913075 -66.697558 6933.099048 -66.697558 0.001211
154 1540.000000 4.026833 -70.906480 -66.879647 6622.777831 -66.879647 0.001212
155 1550.000000 4.002436 -70.889039 -66.886604 6582.651959 -66.886604 0.001216
156 1560.000000 4.096374 -70.858117 -66.761743 6737.149166 -66.761743 0.001219
157 1570.000000 4.062876 -70.825248 -66.762373 6682.055691 -66.762373 0.001225
158 1580.000000 4.188115 -70.807837 -66.619723 6888.031240 -66.619723 0.001229
159 1590.000000 4.200747 -70.822408 -66.621660 6908.807914 -66.621660 0.001228
160 1600.000000 4.193435 -70.849002 -66.655567 6896.780977 -66.655567 0.001225
161 1610.000000 4.198190 -70.888328 -66.690138 6904.601780 -66.690138 0.001218
162 1620.000000 4.377944 -70.941069 -66.563125 7200.236597 -66.563125 0.001212
163 1630.000000 4.440622 -70.996174 -66.555552 7303.319701 -66.555552 0.001209
164 1640.000000 4.564029 -71.057084 -66.493055 7506.283954 -66.493055 0.001205
165 1650.000000 4.376733 -71.133857 -66.757123 7198.245206 -66.757123 0.001198
166 1660.000000 4.497586 -71.199727 -66.702141 7397.006966 -66.702141 0.001186
167 1670.000000 4.420879 -71.254082 -66.833203 7270.849347 -66.833203 0.001183
168 1680.000000 4.395094 -71.284710 -66.889616 7228.441568 -66.889616 0.001185
169 1690.000000 4.515662 -71.311044 -66.795382 7426.735921 -66.795382 0.001196
170 1700.000000 4.486248 -71.324524 -66.838276 7378.360263 -66.838276 0.001213
171 1710.000000 4.410230 -71.332613 -66.922383 7253.335976 -66.922383 0.001225
172 1720.000000 4.466836 -71.334938 -66.868102 7346.433298 -66.868102 0.001241
173 1730.000000 4.495366 -71.340580 -66.845213 7393.356117 -66.845213 0.001254
174 1740.000000 4.538047 -71.353930 -66.815883 7463.552276 -66.815883 0.001264
175 1750.000000 4.442571 -71.372235 -66.929664 7306.525516 -66.929664 0.001268
176 1760.000000 4.358477 -71.391095 -67.032618 7168.219538 -67.032618 0.001270
177 1770.000000 4.424973 -71.384084 -66.959111 7277.582682 -66.959111 0.001274
178 1780.000000 4.303827 -71.367953 -67.064127 7078.338550 -67.064127 0.001271
179 1790.000000 4.379736 -71.343591 -66.963855 7203.183469 -66.963855 0.001269
180 1800.000000 4.470836 -71.319714 -66.848879 7353.011667 -66.848879 0.001275
181 1810.000000 4.524164 -71.321806 -66.797643 7440.718195 -66.797643 0.001274
182 1820.000000 4.649934 -71.323656 -66.673721 7647.568552 -66.673721 0.001265
183 1830.000000 4.827944 -71.307518 -66.479574 7940.333224 -66.479574 0.001255
184 1840.000000 4.914107 -71.269126 -66.355019 8082.043142 -66.355019 0.001248
185 1850.000000 4.627547 -71.226952 -66.599405 7610.748121 -66.599405 0.001238
186 1860.000000 4.741316 -71.191548 -66.450232 7797.860375 -66.450232 0.001227
187 1870.000000 4.681513 -71.170398 -66.488885 7699.505400 -66.488885 0.001211
188 1880.000000 4.743609 -71.152455 -66.408846 7801.631707 -66.408846 0.001198
189 1890.000000 4.787086 -71.149259 -66.362173 7873.136788 -66.362173 0.001184
190 1900.000000 4.956434 -71.158133 -66.201699 8151.656164 -66.201699 0.001170
191 1910.000000 4.998190 -71.175480 -66.177290 8220.331153 -66.177290 0.001155
192 1920.000000 5.279842 -71.203766 -65.923924 8683.552743 -65.923924 0.001136
193 1930.000000 5.222097 -71.228804 -66.006707 8588.582045 -66.006707 0.001120
194 1940.000000 5.399136 -71.259155 -65.860018 8879.752240 -65.860018 0.001114
195 1950.000000 5.314469 -71.292125 -65.977656 8740.503521 -65.977656 0.001114
196 1960.000000 5.374825 -71.306217 -65.931392 8839.767951 -65.931392 0.001118
197 1970.000000 5.362859 -71.293042 -65.930183 8820.088653 -65.930183 0.001125
198 1980.000000 5.304187 -71.270126 -65.965939 8723.592854 -65.965939 0.001139
199 1990.000000 5.069058 -71.250739 -66.181681 8336.884714 -66.181681 0.001151
200 2000.000000 5.132235 -71.234990 -66.102754 8440.790150 -66.102754 0.001162
201 2010.000000 5.134531 -71.229083 -66.094552 8444.565631 -66.094552 0.001175
202 2020.000000 5.089211 -71.221898 -66.132687 8370.030175 -66.132687 0.001180
203 2030.000000 4.895535 -71.204699 -66.309164 8051.498702 -66.309164 0.001185
204 2040.000000 4.845040 -71.180079 -66.335038 7968.451405 -66.335038 0.001186
205 2050.000000 4.699303 -71.147358 -66.448055 7728.762954 -66.448055 0.001182
206 2060.000000 4.727159 -71.127207 -66.400048 7774.577108 -66.400048 0.001178
207 2070.000000 4.959125 -71.143200 -66.184075 8156.082945 -66.184075 0.001164
208 2080.000000 5.067014 -71.182362 -66.115348 8333.523248 -66.115348 0.001150
209 2090.000000 5.165187 -71.205662 -66.040475 8494.984133 -66.040475 0.001135
210 2100.000000 5.228278 -71.206052 -65.977773 8598.748464 -65.977773 0.001126
211 2110.000000 5.168040 -71.182387 -66.014346 8499.677470 -66.014346 0.001121
212 2120.000000 5.235055 -71.157404 -65.922348 8609.894504 -65.922348 0.001117
213 2130.000000 5.239267 -71.165418 -65.926151 8616.821592 -65.926151 0.001116
214 2140.000000 5.246657 -71.189454 -65.942797 8628.974943 -65.942797 0.001111
215 2150.000000 5.160861 -71.203231 -66.042370 8487.870146 -66.042370 0.001102
216 2160.000000 4.987228 -71.215172 -66.227944 8202.302844 -66.227944 0.001093
217 2170.000000 5.126951 -71.206881 -66.079930 8432.099367 -66.079930 0.001088
218 2180.000000 4.779892 -71.202841 -66.422949 7861.304384 -66.422949 0.001081
219 2190.000000 4.615506 -71.208602 -66.593097 7590.944793 -66.593097 0.001075
220 2200.000000 4.605198 -71.203265 -66.598067 7573.991829 -66.598067 0.001077
221 2210.000000 4.665356 -71.207337 -66.541981 7672.932269 -66.541981 0.001080
222 2220.000000 4.708422 -71.196075 -66.487653 7743.761060 -66.487653 0.001083
223 2230.000000 4.625502 -71.182478 -66.556976 7607.385210 -66.556976 0.001088
224 2240.000000 4.749182 -71.158951 -66.409769 7810.797144 -66.409769 0.001094
225 2250.000000 4.736949 -71.134232 -66.397283 7790.678658 -66.397283 0.001102
226 2260.000000 4.784690 -71.129129 -66.344439 7869.195859 -66.344439 0.001110
227 2270.000000 4.746096 -71.123223 -66.377128 7805.721224 -66.377128 0.001115
228 2280.000000 4.738940 -71.118779 -66.379838 7793.952850 -66.379838 0.001120
229 2290.000000 4.846535 -71.114076 -66.267541 7970.909135 -66.267541 0.001126
230 2300.000000 4.848048 -71.100183 -66.252135 7973.398575 -66.252135 0.001130
231 2310.000000 4.861414 -71.100863 -66.239449 7995.380920 -66.239449 0.001134
232 2320.000000 5.036116 -71.098962 -66.062847 8282.705740 -66.062847 0.001129
233 2330.000000 4.848085 -71.086179 -66.238094 7973.459133 -66.238094 0.001125
234 2340.000000 4.708489 -71.053569 -66.345080 7743.870770 -66.345080 0.001125
235 2350.000000 4.683387 -71.009651 -66.326264 7702.587076 -66.326264 0.001123
236 2360.000000 4.643370 -70.974831 -66.331461 7636.772599 -66.331461 0.001122
237 2370.000000 4.475729 -70.952746 -66.477017 7361.059701 -66.477017 0.001122
238 2380.000000 4.410895 -70.945884 -66.534990 7254.429384 -66.534990 0.001112
239 2390.000000 4.157971 -70.952606 -66.794635 6838.454647 -66.794635 0.001102
240 2400.000000 4.303151 -70.967653 -66.664502 7077.227489 -66.664502 0.001097
241 2410.000000 4.519906 -70.995226 -66.475320 7433.715948 -66.475320 0.001091
242 2420.000000 4.340863 -71.013572 -66.672710 7139.250353 -66.672710 0.001085
243 2430.000000 4.494000 -71.012469 -66.518469 7391.108820 -66.518469 0.001076
244 2440.000000 4.564345 -71.013093 -66.448748 7506.802604 -66.448748 0.001071
245 2450.000000 4.615617 -71.001516 -66.385899 7591.128438 -66.385899 0.001074
246 2460.000000 4.664167 -70.983608 -66.319441 7670.976270 -66.319441 0.001082
247 2470.000000 4.658442 -70.950295 -66.291852 7661.560651 -66.291852 0.001092
248 2480.000000 4.568031 -70.906056 -66.338024 7512.865770 -66.338024 0.001104
249 2490.000000 4.510825 -70.866091 -66.355266 7418.780679 -66.355266 0.001119
250 2500.000000 4.453536 -70.855468 -66.401932 7324.559654 -66.401932 0.001128
251 2510.000000 4.464354 -70.857447 -66.393093 7342.351301 -66.393093 0.001136
252 2520.000000 4.631079 -70.856835 -66.225756 7616.558457 -66.225756 0.001150
253 2530.000000 4.813977 -70.867091 -66.053115 7917.362540 -66.053115 0.001159
254 2540.000000 4.826113 -70.870278 -66.044165 7937.322561 -66.044165 0.001169
255 2550.000000 4.568377 -70.893449 -66.325072 7513.434080 -66.325072 0.001173
256 2560.000000 4.616839 -70.916654 -66.299815 7593.138117 -66.299815 0.001177
257 2570.000000 4.616611 -70.939711 -66.323099 7592.763589 -66.323099 0.001179
258 2580.000000 4.618587 -70.989482 -66.370895 7596.013338 -66.370895 0.001171
259 2590.000000 4.777922 -71.019104 -66.241183 7858.064146 -66.241183 0.001164
260 2600.000000 4.801145 -71.049471 -66.248325 7896.259378 -66.248325 0.001158
261 2610.000000 4.966929 -71.071436 -66.104506 8168.917923 -66.104506 0.001150
262 2620.000000 5.132535 -71.089826 -65.957290 8441.283693 -65.957290 0.001134
263 2630.000000 4.969708 -71.108627 -66.138919 8173.488280 -66.138919 0.001124
264 2640.000000 5.037836 -71.133723 -66.095888 8285.535284 -66.095888 0.001119
265 2650.000000 4.880277 -71.152902 -66.272625 8026.403954 -66.272625 0.001118
266 2660.000000 4.888823 -71.168347 -66.279524 8040.459576 -66.279524 0.001120
267 2670.000000 4.898074 -71.165729 -66.267655 8055.674008 -66.267655 0.001125
268 2680.000000 4.932929 -71.151887 -66.218958 8112.999654 -66.218958 0.001129
269 2690.000000 5.088433 -71.135113 -66.046681 8368.749536 -66.046681 0.001127
270 2700.000000 5.170752 -71.123187 -65.952434 8504.138000 -65.952434 0.001122
271 2710.000000 5.370769 -71.116040 -65.745271 8833.096838 -65.745271 0.001120
272 2720.000000 5.256558 -71.129802 -65.873243 8645.259683 -65.873243 0.001110
273 2730.000000 5.084295 -71.126035 -66.041740 8361.944887 -66.041740 0.001100
274 2740.000000 5.233851 -71.125745 -65.891894 8607.913830 -65.891894 0.001092
275 2750.000000 5.257896 -71.111573 -65.853677 8647.459007 -65.853677 0.001088
276 2760.000000 5.158569 -71.080021 -65.921452 8484.100245 -65.921452 0.001085
277 2770.000000 5.105444 -71.019927 -65.914483 8396.727542 -65.914483 0.001081
278 2780.000000 5.187632 -70.972295 -65.784663 8531.898909 -65.784663 0.001076
279 2790.000000 4.921528 -70.952063 -66.030534 8094.248703 -66.030534 0.001060
280 2800.000000 5.124236 -70.957422 -65.833186 8427.634506 -65.833186 0.001041
281 2810.000000 5.071412 -70.971342 -65.899930 8340.755897 -65.899930 0.001021
282 2820.000000 4.982943 -70.970242 -65.987299 8195.254579 -65.987299 0.001005
283 2830.000000 4.864134 -70.962908 -66.098773 7999.854660 -66.098773 0.000995
284 2840.000000 4.783016 -70.957642 -66.174626 7866.443394 -66.174626 0.000996
285 2850.000000 4.882288 -70.965172 -66.082884 8029.711464 -66.082884 0.001001
286 2860.000000 4.770843 -70.990769 -66.219926 7846.421561 -66.219926 0.001012
287 2870.000000 4.776799 -71.032806 -66.256007 7856.217695 -66.256007 0.001021
288 2880.000000 4.710913 -71.074107 -66.363194 7747.856916 -66.363194 0.001031
289 2890.000000 4.728660 -71.111954 -66.383293 7777.045821 -66.383293 0.001045
290 2900.000000 4.831401 -71.147454 -66.316052 7946.020033 -66.316052 0.001060
291 2910.000000 4.879710 -71.169006 -66.289297 8025.470939 -66.289297 0.001076
292 2920.000000 4.889989 -71.177680 -66.287691 8042.376307 -66.287691 0.001096
293 2930.000000 4.558807 -71.190743 -66.631936 7497.694372 -66.631936 0.001115
294 2940.000000 4.533341 -71.203227 -66.669887 7455.811194 -66.669887 0.001133
295 2950.000000 4.631978 -71.222009 -66.590031 7618.035956 -66.590031 0.001157
296 2960.000000 4.479456 -71.228129 -66.748673 7367.189544 -66.748673 0.001183
297 2970.000000 4.533482 -71.212431 -66.678949 7456.043092 -66.678949 0.001205
298 2980.000000 4.636450 -71.194944 -66.558494 7625.390808 -66.558494 0.001223
299 2990.000000 4.665009 -71.181174 -66.516165 7672.360922 -66.516165 0.001240
300 3000.000000 4.509846 -71.192248 -66.682402 7417.170795 -66.682402 0.001249
301 3010.000000 4.470488 -71.226226 -66.755737 7352.440614 -66.755737 0.001246
302 3020.000000 4.499043 -71.282361 -66.783319 7399.402498 -66.783319 0.001235
303 3030.000000 4.676491 -71.346811 -66.670321 7691.244605 -66.670321 0.001225
304 3040.000000 4.722083 -71.398518 -66.676435 7766.229120 -66.676435 0.001213
305 3050.000000 4.801606 -71.424144 -66.622538 7897.016249 -66.622538 0.001200
306 3060.000000 4.597535 -71.399530 -66.801994 7561.389759 -66.801994 0.001193
307 3070.000000 4.738257 -71.343248 -66.604991 7792.828798 -66.604991 0.001188
308 3080.000000 4.516864 -71.257349 -66.740485 7428.712303 -66.740485 0.001182
309 3090.000000 4.454235 -71.165676 -66.711441 7325.709289 -66.711441 0.001175
310 3100.000000 4.441866 -71.085211 -66.643345 7305.366830 -66.643345 0.001164
311 3110.000000 4.581073 -71.013172 -66.432099 7534.315168 -66.432099 0.001151
312 3120.000000 4.413801 -70.963179 -66.549378 7259.208733 -66.549378 0.001132
313 3130.000000 4.409063 -70.948896 -66.539833 7251.417186 -66.539833 0.001108
314 3140.000000 4.582199 -70.949424 -66.367224 7536.167103 -66.367224 0.001078
315 3150.000000 4.572546 -70.958286 -66.385741 7520.290171 -66.385741 0.001049
316 3160.000000 4.558932 -70.958313 -66.399382 7497.899782 -66.399382 0.001023
317 3170.000000 4.675992 -70.942561 -66.266569 7690.424552 -66.266569 0.001007
318 3180.000000 4.693688 -70.912500 -66.218812 7719.528158 -66.218812 0.001000
319 3190.000000 4.667632 -70.884960 -66.217327 7676.675588 -66.217327 0.001001
320 3200.000000 4.568623 -70.860205 -66.291582 7513.838819 -66.291582 0.001006
321 3210.000000 4.555126 -70.847355 -66.292230 7491.640088 -66.292230 0.001010
322 3220.000000 4.481054 -70.841122 -66.360068 7369.817972 -66.360068 0.001015
323 3230.000000 4.236691 -70.833152 -66.596461 6967.923205 -66.596461 0.001025
324 3240.000000 4.253078 -70.817437 -66.564360 6994.873379 -66.564360 0.001039
325 3250.000000 4.098719 -70.807270 -66.708551 6741.006470 -66.708551 0.001058
326 3260.000000 4.411115 -70.783773 -66.372658 7254.791088 -66.372658 0.001077
327 3270.000000 4.591528 -70.753221 -66.161693 7551.509877 -66.161693 0.001099
328 3280.000000 4.538192 -70.714365 -66.176173 7463.789874 -66.176173 0.001123
329 3290.000000 4.523287 -70.696323 -66.173036 7439.277122 -66.173036 0.001141
330 3300.000000 4.608776 -70.696032 -66.087256 7579.876586 -66.087256 0.001160
331 3310.000000 4.492843 -70.721687 -66.228844 7389.205790 -66.228844 0.001164
332 3320.000000 4.670391 -70.770584 -66.100193 7681.213498 -66.100193 0.001160
333 3330.000000 4.668607 -70.823077 -66.154470 7678.278082 -66.154470 0.001150
334 3340.000000 4.688494 -70.864712 -66.176218 7710.986606 -66.176218 0.001134
335 3350.000000 4.605498 -70.888132 -66.282634 7574.485053 -66.282634 0.001117
336 3360.000000 4.527735 -70.892106 -66.364371 7446.591757 -66.364371 0.001111
337 3370.000000 4.355122 -70.883530 -66.528408 7162.701839 -66.528408 0.001111
338 3380.000000 4.242210 -70.873069 -66.630859 6977.000573 -66.630859 0.001113
339 3390.000000 4.193121 -70.853428 -66.660307 6896.264751 -66.660307 0.001117
340 3400.000000 4.148172 -70.832625 -66.684454 6822.338427 -66.684454 0.001132
341 3410.000000 4.219351 -70.800764 -66.581413 6939.403901 -66.581413 0.001155
342 3420.000000 4.223522 -70.775583 -66.552062 6946.264012 -66.552062 0.001184
343 3430.000000 4.079058 -70.762561 -66.683502 6708.670775 -66.683502 0.001209
344 3440.000000 4.103515 -70.765928 -66.662413 6748.893424 -66.662413 0.001233
345 3450.000000 4.204291 -70.781403 -66.577112 6914.636353 -66.577112 0.001258
346 3460.000000 4.304181 -70.804031 -66.499849 7078.921757 -66.499849 0.001272
347 3470.000000 4.162889 -70.840949 -66.678060 6846.542932 -66.678060 0.001273
348 3480.000000 4.364326 -70.894297 -66.529972 7177.838539 -66.529972 0.001263
349 3490.000000 4.285285 -70.950209 -66.664923 7047.844345 -66.664923 0.001258
350 3500.000000 4.316061 -70.995462 -66.679402 7098.459148 -66.679402 0.001247
351 3510.000000 4.170242 -71.031382 -66.861139 6858.637479 -66.861139 0.001231
352 3520.000000 4.307911 -71.057643 -66.749732 7085.056024 -66.749732 0.001208
353 3530.000000 4.256546 -71.073127 -66.816582 7000.576920 -66.816582 0.001187
354 3540.000000 4.255460 -71.083129 -66.827670 6998.791017 -66.827670 0.001174
355 3550.000000 4.246031 -71.091432 -66.845401 6983.284885 -66.845401 0.001159
356 3560.000000 4.212409 -71.104791 -66.892382 6927.987565 -66.892382 0.001143
357 3570.000000 4.429301 -71.130028 -66.700727 7284.701117 -66.700727 0.001130
358 3580.000000 4.588236 -71.145192 -66.556956 7546.095713 -66.556956 0.001124
359 3590.000000 4.491830 -71.133824 -66.641994 7387.539936 -66.641994 0.001121
360 3600.000000 4.535678 -71.122939 -66.587261 7459.655256 -66.587261 0.001119
361 3610.000000 4.561647 -71.119984 -66.558338 7502.364891 -66.558338 0.001116
362 3620.000000 4.493943 -71.125008 -66.631065 7391.015235 -66.631065 0.001111
363 3630.000000 4.449446 -71.123850 -66.674404 7317.833480 -66.674404 0.001107
364 3640.000000 4.604877 -71.127521 -66.522644 7573.464521 -66.522644 0.001099
365 3650.000000 4.729090 -71.120842 -66.391752 7777.752668 -66.391752 0.001096
366 3660.000000 4.693388 -71.103902 -66.410514 7719.035468 -66.410514 0.001099
367 3670.000000 4.591682 -71.062555 -66.470873 7551.762723 -66.470873 0.001108
368 3680.000000 4.478991 -70.991598 -66.512607 7366.425128 -66.512607 0.001120
369 3690.000000 4.365524 -70.917452 -66.551928 7179.809501 -66.551928 0.001130
370 3700.000000 4.328629 -70.858514 -66.529885 7119.129680 -66.529885 0.001140
371 3710.000000 4.123605 -70.834858 -66.711253 6781.934905 -66.711253 0.001146
372 3720.000000 4.242964 -70.850413 -66.607449 6978.239409 -66.607449 0.001137
373 3730.000000 4.391624 -70.866453 -66.474830 7222.734923 -66.474830 0.001127
374 3740.000000 4.572196 -70.870096 -66.297900 7519.714884 -66.297900 0.001119
375 3750.000000 4.724311 -70.877255 -66.152944 7769.892043 -66.152944 0.001109
376 3760.000000 4.903537 -70.876600 -65.973064 8064.658583 -65.973064 0.001098
377 3770.000000 4.736746 -70.867622 -66.130876 7790.344266 -66.130876 0.001089
378 3780.000000 4.775074 -70.850936 -66.075863 7853.379964 -66.075863 0.001078
379 3790.000000 4.603808 -70.834682 -66.230874 7571.705511 -66.230874 0.001068
380 3800.000000 4.702773 -70.828839 -66.126066 7734.470505 -66.126066 0.001055
381 3810.000000 4.665516 -70.834761 -66.169245 7673.195288 -66.169245 0.001038
382 3820.000000 4.763274 -70.846183 -66.082909 7833.974212 -66.082909 0.001022
383 3830.000000 4.895712 -70.879886 -65.984173 8051.789951 -65.984173 0.001007
384 3840.000000 4.989828 -70.901142 -65.911314 8206.578858 -65.911314 0.000996
385 3850.000000 4.927984 -70.905974 -65.977990 8104.866083 -65.977990 0.000986
386 3860.000000 4.852372 -70.902656 -66.050283 7980.510555 -66.050283 0.000984
387 3870.000000 4.709825 -70.902389 -66.192564 7746.067647 -66.192564 0.000989
388 3880.000000 4.683218 -70.905997 -66.222779 7702.309297 -66.222779 0.000993
389 3890.000000 4.585779 -70.910239 -66.324460 7542.055214 -66.324460 0.001003
390 3900.000000 4.491005 -70.899614 -66.408609 7386.183123 -66.408609 0.001021
391 3910.000000 4.606902 -70.881675 -66.274774 7576.793980 -66.274774 0.001044
392 3920.000000 4.548680 -70.859346 -66.310666 7481.039779 -66.310666 0.001070
393 3930.000000 4.370782 -70.838671 -66.467889 7188.457327 -66.467889 0.001096
394 3940.000000 4.413705 -70.802788 -66.389083 7259.050971 -66.389083 0.001125
395 3950.000000 4.454390 -70.802955 -66.348564 7325.964811 -66.348564 0.001142
396 3960.000000 4.503502 -70.812025 -66.308523 7406.737355 -66.308523 0.001153
397 3970.000000 4.633812 -70.848798 -66.214986 7621.051992 -66.214986 0.001153
398 3980.000000 4.670530 -70.908306 -66.237776 7681.441448 -66.237776 0.001145
399 3990.000000 4.741093 -70.974952 -66.233859 7797.492774 -66.233859 0.001131
400 4000.000000 4.703787 -71.020436 -66.316649 7736.138499 -66.316649 0.001115
401 4010.000000 4.456015 -71.033220 -66.577205 7328.636801 -66.577205 0.001104
402 4020.000000 4.555007 -71.038201 -66.483194 7491.444727 -66.483194 0.001091
403 4030.000000 4.614271 -71.035834 -66.421562 7588.914885 -66.421562 0.001081
404 4040.000000 4.659993 -71.019198 -66.359205 7664.111410 -66.359205 0.001072
405 4050.000000 4.818339 -71.008129 -66.189790 7924.536961 -66.189790 0.001061
406 4060.000000 4.603406 -70.976223 -66.372817 7571.045204 -66.372817 0.001055
407 4070.000000 4.645982 -70.948463 -66.302480 7641.068699 -66.302480 0.001048
408 4080.000000 4.610057 -70.924334 -66.314277 7581.984046 -66.314277 0.001037
409 4090.000000 4.478056 -70.903453 -66.425397 7364.887411 -66.425397 0.001030
410 4100.000000 4.401288 -70.894131 -66.492843 7238.629516 -66.492843 0.001025
411 4110.000000 4.383943 -70.887791 -66.503848 7210.102920 -66.503848 0.001016
412 4120.000000 4.428017 -70.888285 -66.460267 7282.590272 -66.460267 0.001006
413 4130.000000 4.247026 -70.862860 -66.615834 6984.920645 -66.615834 0.000995
414 4140.000000 4.253387 -70.827582 -66.574195 6995.382379 -66.574195 0.000991
415 4150.000000 4.387061 -70.764595 -66.377534 7215.231400 -66.377534 0.000993
416 4160.000000 4.257185 -70.682734 -66.425549 7001.629082 -66.425549 0.000999
417 4170.000000 4.306859 -70.615310 -66.308450 7083.326313 -66.308450 0.001007
418 4180.000000 4.422759 -70.612711 -66.189952 7273.941891 -66.189952 0.001006
419 4190.000000 4.574619 -70.664484 -66.089864 7523.700718 -66.089864 0.000998
420 4200.000000 4.519131 -70.715726 -66.196594 7432.441970 -66.196594 0.000988
421 4210.000000 4.690726 -70.757254 -66.066528 7714.656390 -66.066528 0.000980
422 4220.000000 4.785767 -70.767634 -65.981867 7870.966664 -65.981867 0.000978
423 4230.000000 4.707779 -70.747201 -66.039422 7742.703176 -66.039422 0.000985
424 4240.000000 4.570899 -70.718198 -66.147299 7517.582804 -66.147299 0.001000
425 4250.000000 4.607494 -70.699472 -66.091977 7577.768709 -66.091977 0.001023
426 4260.000000 4.681875 -70.690035 -66.008159 7700.100758 -66.008159 0.001047
427 4270.000000 4.706893 -70.721834 -66.014941 7741.246563 -66.014941 0.001064
428 4280.000000 4.806614 -70.766898 -65.960284 7905.253301 -65.960284 0.001070
429 4290.000000 4.847826 -70.830902 -65.983076 7973.033546 -65.983076 0.001070
430 4300.000000 4.782859 -70.908132 -66.125273 7866.183964 -66.125273 0.001068
431 4310.000000 4.873876 -70.971269 -66.097393 8015.876684 -66.097393 0.001068
432 4320.000000 4.949098 -71.011720 -66.062622 8139.590935 -66.062622 0.001068
433 4330.000000 5.128679 -71.019868 -65.891189 8434.940969 -65.891189 0.001081
434 4340.000000 5.186580 -70.999382 -65.812801 8530.169052 -65.812801 0.001100
435 4350.000000 5.170789 -70.974140 -65.803351 8504.197899 -65.803351 0.001119
436 4360.000000 5.114148 -70.962032 -65.847885 8411.042340 -65.847885 0.001130
437 4370.000000 5.021637 -70.952787 -65.931150 8258.893027 -65.931150 0.001137
438 4380.000000 4.804803 -70.953308 -66.148505 7902.274207 -66.148505 0.001140
439 4390.000000 4.767065 -70.958202 -66.191136 7840.208937 -66.191136 0.001142
440 4400.000000 4.713566 -70.963466 -66.249900 7752.221294 -66.249900 0.001139
441 4410.000000 4.692371 -70.953023 -66.260653 7717.361707 -66.260653 0.001137
442 4420.000000 4.749940 -70.938621 -66.188681 7812.043159 -66.188681 0.001132
443 4430.000000 4.529958 -70.916732 -66.386774 7450.247821 -66.386774 0.001126
444 4440.000000 4.618112 -70.900847 -66.282736 7595.230731 -66.282736 0.001116
445 4450.000000 4.489623 -70.882773 -66.393149 7383.910901 -66.393149 0.001107
446 4460.000000 4.388198 -70.852948 -66.464750 7217.100963 -66.464750 0.001104
447 4470.000000 4.310944 -70.806117 -66.495173 7090.044767 -66.495173 0.001103
448 4480.000000 4.384065 -70.767255 -66.383190 7210.303468 -66.383190 0.001099
449 4490.000000 4.330555 -70.742287 -66.411732 7122.297855 -66.411732 0.001091
450 4500.000000 4.390288 -70.752696 -66.362408 7220.537828 -66.362408 0.001079
451 4510.000000 4.427159 -70.763825 -66.336666 7281.178776 -66.336666 0.001070
452 4520.000000 4.581491 -70.775505 -66.194013 7535.003079 -66.194013 0.001067
453 4530.000000 4.496909 -70.779939 -66.283031 7395.892837 -66.283031 0.001066
454 4540.000000 4.298861 -70.768324 -66.469463 7070.170822 -66.469463 0.001075
455 4550.000000 4.206000 -70.752948 -66.546947 6917.446681 -66.546947 0.001085
456 4560.000000 4.457262 -70.749279 -66.292017 7330.687644 -66.292017 0.001094
457 4570.000000 4.406953 -70.733065 -66.326112 7247.946920 -66.326112 0.001108
458 4580.000000 4.259396 -70.689987 -66.430591 7005.264215 -66.430591 0.001131
459 4590.000000 4.205311 -70.626979 -66.421668 6916.314246 -66.421668 0.001154
460 4600.000000 4.155748 -70.560458 -66.404710 6834.799180 -66.404710 0.001174
461 4610.000000 4.036762 -70.525769 -66.489007 6639.108040 -66.489007 0.001181
462 4620.000000 4.138832 -70.533125 -66.394292 6806.978041 -66.394292 0.001183
463 4630.000000 4.121797 -70.579595 -66.457797 6778.961763 -66.457797 0.001181
464 4640.000000 4.007661 -70.645703 -66.638042 6591.246874 -66.638042 0.001171
465 4650.000000 4.148020 -70.725472 -66.577452 6822.089442 -66.577452 0.001156
466 4660.000000 4.456859 -70.803025 -66.346166 7330.025426 -66.346166 0.001138
467 4670.000000 4.437853 -70.858058 -66.420206 7298.765556 -66.420206 0.001128
468 4680.000000 4.429413 -70.886828 -66.457416 7284.884757 -66.457416 0.001127
469 4690.000000 4.503764 -70.901398 -66.397635 7407.167228 -66.397635 0.001131
470 4700.000000 4.745792 -70.900675 -66.154883 7805.222612 -66.154883 0.001138
471 4710.000000 4.745779 -70.912686 -66.166907 7805.200509 -66.166907 0.001148
472 4720.000000 4.763974 -70.944705 -66.180731 7835.125650 -66.180731 0.001152
473 4730.000000 4.670519 -70.970526 -66.300007 7681.423784 -66.300007 0.001154
474 4740.000000 4.726236 -70.984871 -66.258636 7773.058328 -66.258636 0.001160
475 4750.000000 4.710044 -70.976411 -66.266367 7746.427913 -66.266367 0.001174
476 4760.000000 4.874635 -70.923868 -66.049232 8017.125251 -66.049232 0.001193
477 4770.000000 4.753512 -70.882333 -66.128821 7817.919393 -66.128821 0.001209
478 4780.000000 4.748696 -70.866710 -66.118014 7809.998355 -66.118014 0.001220
479 4790.000000 4.770189 -70.889478 -66.119290 7845.346318 -66.119290 0.001219
480 4800.000000 4.656483 -70.950680 -66.294197 7658.338450 -66.294197 0.001201
481 4810.000000 4.780257 -71.028326 -66.248069 7861.905614 -66.248069 0.001184
482 4820.000000 4.820520 -71.089705 -66.269185 7928.124013 -66.269185 0.001163
483 4830.000000 4.859365 -71.144669 -66.285304 7992.010680 -66.285304 0.001144
484 4840.000000 4.857699 -71.180479 -66.322779 7989.271532 -66.322779 0.001130
485 4850.000000 4.925397 -71.208843 -66.283446 8100.611129 -66.283446 0.001121
486 4860.000000 4.916552 -71.228603 -66.312050 8086.064624 -66.312050 0.001118
487 4870.000000 4.822825 -71.266211 -66.443386 7931.914207 -66.443386 0.001121
488 4880.000000 4.989449 -71.313327 -66.323879 8205.954473 -66.323879 0.001117
489 4890.000000 5.112798 -71.352317 -66.239519 8408.822611 -66.239519 0.001112
490 4900.000000 5.295895 -71.367365 -66.071470 8709.955080 -66.071470 0.001110
491 4910.000000 5.247863 -71.355197 -66.107335 8630.957918 -66.107335 0.001117
492 4920.000000 5.071810 -71.338191 -66.266381 8341.410949 -66.266381 0.001134
493 4930.000000 5.231816 -71.308030 -66.076214 8604.566880 -66.076214 0.001151
494 4940.000000 4.955599 -71.253412 -66.297813 8150.282796 -66.297813 0.001170
495 4950.000000 4.936048 -71.197082 -66.261034 8118.128540 -66.261034 0.001191
496 4960.000000 4.893324 -71.156168 -66.262844 8047.861599 -66.262844 0.001202
497 4970.000000 4.899463 -71.156620 -66.257157 8057.958672 -66.257157 0.001207
498 4980.000000 5.067877 -71.176809 -66.108932 8334.942652 -66.108932 0.001209
499 4990.000000 5.305920 -71.201673 -65.895754 8726.442144 -65.895754 0.001203
500 5000.000000 5.469524 -71.210851 -65.741328 8995.515855 -65.741328 0.001196
501 5010.000000 5.264005 -71.208704 -65.944699 8657.507172 -65.944699 0.001186
502 5020.000000 5.134192 -71.203697 -66.069506 8444.007730 -66.069506 0.001185
503 5030.000000 4.993238 -71.196498 -66.203260 8212.186013 -66.203260 0.001179
504 5040.000000 5.093602 -71.174140 -66.080538 8377.251954 -66.080538 0.001176
505 5050.000000 5.115774 -71.124370 -66.008596 8413.716920 -66.008596 0.001171
506 5060.000000 5.123775 -71.054342 -65.930567 8426.875998 -65.930567 0.001170
507 5070.000000 5.019848 -70.989991 -65.970142 8255.951717 -65.970142 0.001165
508 5080.000000 5.174414 -70.927226 -65.752812 8510.160058 -65.752812 0.001164
509 5090.000000 4.772506 -70.875415 -66.102908 7849.157910 -66.102908 0.001157
510 5100.000000 4.767215 -70.847044 -66.079829 7840.455257 -66.079829 0.001153
511 5110.000000 4.716933 -70.822531 -66.105598 7757.758487 -66.105598 0.001145
512 5120.000000 4.660635 -70.814041 -66.153405 7665.168025 -66.153405 0.001134
513 5130.000000 4.867475 -70.822271 -65.954797 8005.348752 -65.954797 0.001111
514 5140.000000 5.034973 -70.846549 -65.811576 8280.827451 -65.811576 0.001080
515 5150.000000 5.005482 -70.865957 -65.860475 8232.324166 -65.860475 0.001047
516 5160.000000 4.981626 -70.881202 -65.899575 8193.089572 -65.899575 0.001020
517 5170.000000 5.245036 -70.882564 -65.637528 8626.309047 -65.637528 0.001005
518 5180.000000 5.072412 -70.864847 -65.792435 8342.400543 -65.792435 0.001003
519 5190.000000 4.907001 -70.841286 -65.934285 8070.356338 -65.934285 0.001006
520 5200.000000 4.910646 -70.810994 -65.900349 8076.350294 -65.900349 0.001015
521 5210.000000 4.901353 -70.770083 -65.868730 8061.067677 -65.868730 0.001036
522 5220.000000 4.839459 -70.728598 -65.889139 7959.272093 -65.889139 0.001056
523 5230.000000 4.972742 -70.707546 -65.734805 8178.476941 -65.734805 0.001072
524 5240.000000 5.058171 -70.717540 -65.659369 8318.979591 -65.659369 0.001088
525 5250.000000 5.200579 -70.740245 -65.539666 8553.193246 -65.539666 0.001102
526 5260.000000 5.415255 -70.791575 -65.376320 8906.261312 -65.376320 0.001108
527 5270.000000 5.442044 -70.854187 -65.412143 8950.320034 -65.412143 0.001109
528 5280.000000 5.505122 -70.903311 -65.398188 9054.063359 -65.398188 0.001112
529 5290.000000 5.399104 -70.937651 -65.538547 8879.699016 -65.538547 0.001116
530 5300.000000 5.331674 -70.940444 -65.608770 8768.799385 -65.608770 0.001125
531 5310.000000 5.577693 -70.931041 -65.353348 9173.417251 -65.353348 0.001131
532 5320.000000 5.480154 -70.925276 -65.445122 9012.999436 -65.445122 0.001128
533 5330.000000 5.342841 -70.935606 -65.592765 8787.165728 -65.592765 0.001124
534 5340.000000 5.378414 -70.969715 -65.591301 8845.671078 -65.591301 0.001109
535 5350.000000 5.296376 -71.006243 -65.709867 8710.746061 -65.709867 0.001094
536 5360.000000 5.486454 -71.029274 -65.542820 9023.359507 -65.542820 0.001082
537 5370.000000 5.414459 -71.041156 -65.626697 8904.953394 -65.626697 0.001068
538 5380.000000 5.379493 -71.061348 -65.681855 8847.445806 -65.681855 0.001051
539 5390.000000 5.352670 -71.088589 -65.735918 8803.331485 -65.735918 0.001036
540 5400.000000 5.059575 -71.111397 -66.051823 8321.288381 -66.051823 0.001023
541 5410.000000 5.172316 -71.133989 -65.961674 8506.708710 -65.961674 0.001012
542 5420.000000 5.284015 -71.142207 -65.858191 8690.416772 -65.858191 0.001005
543 5430.000000 5.347400 -71.150140 -65.802739 8794.663974 -65.802739 0.000997
544 5440.000000 5.376893 -71.139301 -65.762408 8843.170098 -65.762408 0.000996
545 5450.000000 5.322524 -71.109208 -65.786684 8753.751530 -65.786684 0.000997
546 5460.000000 5.046935 -71.066217 -66.019282 8300.500287 -66.019282 0.001002
547 5470.000000 5.009425 -71.014221 -66.004795 8238.809582 -66.004795 0.001005
548 5480.000000 5.010382 -70.959385 -65.949004 8240.382098 -65.949004 0.001013
549 5490.000000 5.026612 -70.895328 -65.868716 8267.076302 -65.868716 0.001017
550 5500.000000 4.991112 -70.849634 -65.858522 8208.690675 -65.858522 0.001013
551 5510.000000 5.089065 -70.831540 -65.742475 8369.788946 -65.742475 0.001001
552 5520.000000 5.256310 -70.827777 -65.571467 8644.851198 -65.571467 0.000990
553 5530.000000 4.974800 -70.801032 -65.826233 8181.861791 -65.826233 0.000982
554 5540.000000 5.056648 -70.759944 -65.703295 8316.475333 -65.703295 0.000984
555 5550.000000 4.993740 -70.711497 -65.717756 8213.012870 -65.717756 0.000994
556 5560.000000 4.848150 -70.649467 -65.801316 7973.566615 -65.801316 0.001014
557 5570.000000 4.888993 -70.570285 -65.681292 8040.739281 -65.681292 0.001040
558 5580.000000 4.840771 -70.505651 -65.664880 7961.429851 -65.664880 0.001063
559 5590.000000 4.997411 -70.469690 -65.472280 8219.049337 -65.472280 0.001083
560 5600.000000 5.108386 -70.494452 -65.386066 8401.566610 -65.386066 0.001088
561 5610.000000 5.189957 -70.538539 -65.348582 8535.722298 -65.348582 0.001087
562 5620.000000 5.303942 -70.599744 -65.295802 8723.189294 -65.295802 0.001088
563 5630.000000 5.408973 -70.664128 -65.255155 8895.929875 -65.255155 0.001087
564 5640.000000 5.438665 -70.715750 -65.277085 8944.763361 -65.277085 0.001087
565 5650.000000 5.486710 -70.748584 -65.261873 9023.781722 -65.261873 0.001088
566 5660.000000 5.393854 -70.763782 -65.369928 8871.063862 -65.369928 0.001091
567 5670.000000 5.169075 -70.773485 -65.604410 8501.379098 -65.604410 0.001094
568 5680.000000 5.109322 -70.780695 -65.671373 8403.105057 -65.671373 0.001099
569 5690.000000 5.249243 -70.808414 -65.559171 8633.227700 -65.559171 0.001109
570 5700.000000 5.332119 -70.857264 -65.525145 8769.531576 -65.525145 0.001113
571 5710.000000 5.297730 -70.914677 -65.616947 8712.972999 -65.616947 0.001119
572 5720.000000 5.161276 -70.969475 -65.808199 8488.552271 -65.808199 0.001118
573 5730.000000 5.007335 -71.010413 -66.003079 8235.370920 -66.003079 0.001117
574 5740.000000 4.922117 -71.041288 -66.119171 8095.216043 -66.119171 0.001114
575 5750.000000 4.945461 -71.044578 -66.099117 8133.609706 -66.099117 0.001118
576 5760.000000 4.910511 -71.035360 -66.124848 8076.129044 -66.124848 0.001125
577 5770.000000 4.748438 -71.032077 -66.283639 7809.572941 -66.283639 0.001133
578 5780.000000 4.694987 -71.047935 -66.352948 7721.664797 -66.352948 0.001135
579 5790.000000 4.710525 -71.078538 -66.368013 7747.219712 -66.368013 0.001134
580 5800.000000 4.722296 -71.101496 -66.379200 7766.578681 -66.379200 0.001130
581 5810.000000 4.583253 -71.102388 -66.519135 7537.899838 -66.519135 0.001116
582 5820.000000 4.513737 -71.099042 -66.585305 7423.570561 -66.585305 0.001095
583 5830.000000 4.384144 -71.098398 -66.714255 7210.432605 -66.714255 0.001076
584 5840.000000 4.541147 -71.106281 -66.565134 7468.649710 -66.565134 0.001059
585 5850.000000 4.448238 -71.128938 -66.680700 7315.846117 -66.680700 0.001047
586 5860.000000 4.550819 -71.143551 -66.592732 7484.557274 -66.592732 0.001039
587 5870.000000 4.796249 -71.151823 -66.355574 7888.207035 -66.355574 0.001033
588 5880.000000 4.807860 -71.131437 -66.323577 7907.302256 -66.323577 0.001027
589 5890.000000 4.903610 -71.100102 -66.196492 8064.778868 -66.196492 0.001029
590 5900.000000 4.829669 -71.055630 -66.225961 7943.170465 -66.225961 0.001032
591 5910.000000 4.460953 -71.031338 -66.570386 7336.757897 -66.570386 0.001033
592 5920.000000 4.433630 -71.028393 -66.594763 7291.820765 -66.594763 0.001029
593 5930.000000 4.458223 -71.050088 -66.591865 7332.268043 -66.591865 0.001018
594 5940.000000 4.467385 -71.070513 -66.603128 7347.336187 -66.603128 0.001009
595 5950.000000 4.541368 -71.061212 -66.519843 7469.013799 -66.519843 0.001010
596 5960.000000 4.465719 -71.035000 -66.569281 7344.596935 -66.569281 0.001014
597 5970.000000 4.335273 -71.027428 -66.692155 7130.057564 -66.692155 0.001021
598 5980.000000 4.180083 -71.034347 -66.854264 6874.821480 -66.854264 0.001028
599 5990.000000 4.384272 -71.057496 -66.673224 7210.643180 -66.673224 0.001031
600 6000.000000 4.498452 -71.088625 -66.590174 7398.430580 -66.590174 0.001036
601 6010.000000 4.612656 -71.103853 -66.491197 7586.258287 -66.491197 0.001045
602 6020.000000 4.579563 -71.114802 -66.535239 7531.832144 -66.535239 0.001061
603 6030.000000 4.522105 -71.118158 -66.596054 7437.331638 -66.596054 0.001076
604 6040.000000 4.545596 -71.116254 -66.570657 7475.967360 -66.570657 0.001090
605 6050.000000 4.527158 -71.119151 -66.591993 7445.642061 -66.591993 0.001100
606 6060.000000 4.638807 -71.125515 -66.486709 7629.266907 -66.486709 0.001107
607 6070.000000 4.602506 -71.131655 -66.529149 7569.565525 -66.529149 0.001117
608 6080.000000 4.538231 -71.142487 -66.604256 7463.854141 -66.604256 0.001129
609 6090.000000 4.680826 -71.139835 -66.459009 7698.375259 -66.459009 0.001141
610 6100.000000 4.385215 -71.119478 -66.734263 7212.194210 -66.734263 0.001154
611 6110.000000 4.332167 -71.080438 -66.748271 7124.949276 -66.748271 0.001164
612 6120.000000 4.293187 -71.040775 -66.747589 7060.839087 -66.747589 0.001172
613 6130.000000 4.310431 -71.020735 -66.710304 7089.200314 -66.710304 0.001172
614 6140.000000 4.505889 -71.025691 -66.519802 7410.662352 -66.519802 0.001167
615 6150.000000 4.571532 -71.060306 -66.488774 7518.622475 -66.488774 0.001155
616 6160.000000 4.785568 -71.120227 -66.334659 7870.639792 -66.334659 0.001141
617 6170.000000 4.869871 -71.180576 -66.310706 8009.289308 -66.310706 0.001128
618 6180.000000 4.975220 -71.211430 -66.236210 8182.553081 -66.236210 0.001127
619 6190.000000 4.946476 -71.227697 -66.281221 8135.279058 -66.281221 0.001126
620 6200.000000 4.800374 -71.233280 -66.432906 7894.990397 -66.432906 0.001133
621 6210.000000 4.451213 -71.214056 -66.762842 7320.739712 -66.762842 0.001142
622 6220.000000 4.391264 -71.174804 -66.783540 7222.142476 -66.783540 0.001159
623 6230.000000 4.584003 -71.138319 -66.554316 7539.133376 -66.554316 0.001171
624 6240.000000 4.711039 -71.104233 -66.393194 7748.064928 -66.393194 0.001183
625 6250.000000 4.608095 -71.082259 -66.474164 7578.756216 -66.474164 0.001193
626 6260.000000 4.552931 -71.067125 -66.514194 7488.030027 -66.514194 0.001201
627 6270.000000 4.410834 -71.076813 -66.665980 7254.328655 -66.665980 0.001208
628 6280.000000 4.489413 -71.117349 -66.627935 7383.565642 -66.627935 0.001202
629 6290.000000 4.584126 -71.147559 -66.563433 7539.336531 -66.563433 0.001195
630 6300.000000 4.360328 -71.151304 -66.790975 7171.264789 -66.790975 0.001197
631 6310.000000 4.371616 -71.143932 -66.772316 7189.829269 -66.772316 0.001204
632 6320.000000 4.417020 -71.120345 -66.703324 7264.503760 -66.703324 0.001207
633 6330.000000 4.665387 -71.086097 -66.420710 7672.982903 -66.420710 0.001207
634 6340.000000 4.510145 -71.068406 -66.558261 7417.661904 -66.558261 0.001200
635 6350.000000 4.473085 -71.070621 -66.597536 7356.711719 -66.597536 0.001192
636 6360.000000 4.414966 -71.085396 -66.670430 7261.125235 -66.670430 0.001177
637 6370.000000 4.556502 -71.097215 -66.540713 7493.903751 -66.540713 0.001161
638 6380.000000 4.637424 -71.103505 -66.466081 7626.992851 -66.466081 0.001146
639 6390.000000 4.666270 -71.092547 -66.426277 7674.435722 -66.426277 0.001137
640 6400.000000 4.792304 -71.075889 -66.283585 7881.717499 -66.283585 0.001137
641 6410.000000 4.759412 -71.054070 -66.294658 7827.621458 -66.294658 0.001137
642 6420.000000 4.853227 -71.025309 -66.172082 7981.915660 -66.172082 0.001143
643 6430.000000 4.937576 -70.995519 -66.057943 8120.641975 -66.057943 0.001149
644 6440.000000 4.928277 -70.958047 -66.029770 8105.347958 -66.029770 0.001156
645 6450.000000 4.884627 -70.923523 -66.038896 8033.559105 -66.038896 0.001168
646 6460.000000 4.892303 -70.907773 -66.015470 8046.183465 -66.015470 0.001175
647 6470.000000 4.838471 -70.907199 -66.068727 7957.648122 -66.068727 0.001178
648 6480.000000 4.680132 -70.909001 -66.228869 7697.233293 -66.228869 0.001178
649 6490.000000 4.819603 -70.905462 -66.085859 7926.616114 -66.085859 0.001174
650 6500.000000 4.713978 -70.904698 -66.190720 7752.898525 -66.190720 0.001166
651 6510.000000 4.691439 -70.920714 -66.229275 7715.829165 -66.229275 0.001157
652 6520.000000 4.597855 -70.936563 -66.338708 7561.915309 -66.338708 0.001145
653 6530.000000 4.685768 -70.944536 -66.258768 7706.503137 -66.258768 0.001132
654 6540.000000 4.529718 -70.947629 -66.417911 7449.853134 -66.417911 0.001123
655 6550.000000 4.570042 -70.943427 -66.373385 7516.172818 -66.373385 0.001123
656 6560.000000 4.511774 -70.942363 -66.430590 7420.340806 -66.430590 0.001124
657 6570.000000 4.417333 -70.955695 -66.538362 7265.017892 -66.538362 0.001129
658 6580.000000 4.364819 -70.977044 -66.612225 7178.650075 -66.612225 0.001139
659 6590.000000 4.460236 -70.985415 -66.525179 7335.579347 -66.525179 0.001155
660 6600.000000 4.477405 -71.003069 -66.525665 7363.815421 -66.525665 0.001169
661 6610.000000 4.533210 -71.033112 -66.499901 7455.596771 -66.499901 0.001182
662 6620.000000 4.661304 -71.057948 -66.396643 7666.268201 -66.396643 0.001196
663 6630.000000 4.719409 -71.087759 -66.368350 7761.831501 -66.368350 0.001209
664 6640.000000 4.900174 -71.117887 -66.217713 8059.128428 -66.217713 0.001222
665 6650.000000 4.947691 -71.142945 -66.195254 8137.277283 -66.195254 0.001232
666 6660.000000 4.840364 -71.166974 -66.326610 7960.761035 -66.326610 0.001241
667 6670.000000 5.024814 -71.201171 -66.176357 8264.118346 -66.176357 0.001242
668 6680.000000 5.113040 -71.245561 -66.132520 8409.221249 -66.132520 0.001233
669 6690.000000 5.088690 -71.291664 -66.202973 8369.173734 -66.202973 0.001224
670 6700.000000 5.302611 -71.322735 -66.020124 8721.001135 -66.020124 0.001214
671 6710.000000 5.238047 -71.337365 -66.099318 8614.814491 -66.099318 0.001208
672 6720.000000 5.151615 -71.334105 -66.182490 8472.663286 -66.182490 0.001206
673 6730.000000 5.102469 -71.313363 -66.210894 8391.834521 -66.210894 0.001207
674 6740.000000 4.970936 -71.299484 -66.328548 8175.507554 -66.328548 0.001207
675 6750.000000 5.122362 -71.315074 -66.192712 8424.552359 -66.192712 0.001197
676 6760.000000 5.084136 -71.350781 -66.266645 8361.683125 -66.266645 0.001187
677 6770.000000 4.989842 -71.382713 -66.392871 8206.600947 -66.392871 0.001178
678 6780.000000 4.914244 -71.391536 -66.477292 8082.268672 -66.477292 0.001175
679 6790.000000 4.827941 -71.379024 -66.551083 7940.329860 -66.551083 0.001173
680 6800.000000 4.854805 -71.374903 -66.520097 7984.512102 -66.520097 0.001163
681 6810.000000 4.903282 -71.365773 -66.462491 8064.240309 -66.462491 0.001151
682 6820.000000 4.907838 -71.361490 -66.453652 8071.732346 -66.453652 0.001139
683 6830.000000 4.822430 -71.352037 -66.529607 7931.264729 -66.529607 0.001132
684 6840.000000 4.834454 -71.344317 -66.509863 7951.040577 -66.509863 0.001136
685 6850.000000 4.910879 -71.314245 -66.403366 8076.733713 -66.403366 0.001147
686 6860.000000 4.934619 -71.252087 -66.317468 8115.777519 -66.317468 0.001166
687 6870.000000 4.618428 -71.146909 -66.528481 7595.750655 -66.528481 0.001191
688 6880.000000 4.544544 -71.026676 -66.482132 7474.237638 -66.482132 0.001213
689 6890.000000 4.481695 -70.926770 -66.445074 7370.872402 -66.445074 0.001223
690 6900.000000 4.565248 -70.876961 -66.311713 7508.288003 -66.311713 0.001217
691 6910.000000 4.758033 -70.878935 -66.120902 7825.354125 -66.120902 0.001189
692 6920.000000 4.735602 -70.888876 -66.153274 7788.462279 -66.153274 0.001156
693 6930.000000 4.888288 -70.907326 -66.019038 8039.579301 -66.019038 0.001125
694 6940.000000 4.849255 -70.933579 -66.084324 7975.383714 -66.084324 0.001090
695 6950.000000 4.984917 -70.960188 -65.975271 8198.501220 -65.975271 0.001054
696 6960.000000 4.870040 -70.976205 -66.106166 8009.567344 -66.106166 0.001022
697 6970.000000 4.542494 -70.982985 -66.440490 7470.866138 -66.440490 0.000997
698 6980.000000 4.583760 -70.961937 -66.378177 7538.734753 -66.378177 0.000980
699 6990.000000 4.764684 -70.941806 -66.177122 7836.293544 -66.177122 0.000973
700 7000.000000 4.660854 -70.907565 -66.246711 7665.527183 -66.246711 0.000972
701 7010.000000 4.581883 -70.853492 -66.271610 7535.646397 -66.271610 0.000977
702 7020.000000 4.638681 -70.791047 -66.152366 7629.060176 -66.152366 0.000986
703 7030.000000 4.679483 -70.727208 -66.047725 7696.166323 -66.047725 0.000997
704 7040.000000 4.842187 -70.689207 -65.847020 7963.758212 -65.847020 0.001006
705 7050.000000 4.921220 -70.714501 -65.793281 8093.741802 -65.793281 0.001002
706 7060.000000 4.893641 -70.785209 -65.891568 8048.383713 -65.891568 0.000987
707 7070.000000 4.838631 -70.861833 -66.023202 7957.910231 -66.023202 0.000980
708 7080.000000 4.794301 -70.921427 -66.127126 7885.002453 -66.127126 0.000970
709 7090.000000 4.822402 -70.960656 -66.138254 7931.219222 -66.138254 0.000964
710 7100.000000 5.061669 -70.992848 -65.931179 8324.732271 -65.931179 0.000964
711 7110.000000 5.204896 -70.992782 -65.787886 8560.292820 -65.787886 0.000966
712 7120.000000 5.171495 -70.973637 -65.802141 8505.359534 -65.802141 0.000979
713 7130.000000 5.350649 -70.936599 -65.585950 8800.007524 -65.585950 0.000996
714 7140.000000 5.079132 -70.904177 -65.825045 8353.452972 -65.825045 0.001018
715 7150.000000 5.005111 -70.895688 -65.890577 8231.714575 -65.890577 0.001042
716 7160.000000 5.047277 -70.888868 -65.841591 8301.062597 -65.841591 0.001070
717 7170.000000 5.001985 -70.888702 -65.886717 8226.573038 -65.886717 0.001097
718 7180.000000 4.895231 -70.886786 -65.991555 8050.997760 -65.991555 0.001128
719 7190.000000 4.895091 -70.884743 -65.989653 8050.767758 -65.989653 0.001156
720 7200.000000 4.935496 -70.880387 -65.944891 8117.221033 -65.944891 0.001181
721 7210.000000 4.796835 -70.905161 -66.108326 7889.170438 -66.108326 0.001194
722 7220.000000 4.890866 -70.948412 -66.057547 8043.818656 -66.057547 0.001199
723 7230.000000 5.134326 -71.005639 -65.871312 8444.229416 -65.871312 0.001199
724 7240.000000 5.119993 -71.037759 -65.917765 8420.656587 -65.917765 0.001202
725 7250.000000 5.217567 -71.047377 -65.829809 8581.132660 -65.829809 0.001205
726 7260.000000 5.332877 -71.052331 -65.719454 8770.777980 -65.719454 0.001204
727 7270.000000 5.386839 -71.067530 -65.680691 8859.526985 -65.680691 0.001192
728 7280.000000 5.138480 -71.096505 -65.958026 8451.059944 -65.958026 0.001171
729 7290.000000 5.129558 -71.133036 -66.003477 8436.387320 -66.003477 0.001142
730 7300.000000 5.002913 -71.145270 -66.142357 8228.099138 -66.142357 0.001122
731 7310.000000 5.193578 -71.138269 -65.944691 8541.678097 -65.944691 0.001105
732 7320.000000 5.096683 -71.115669 -66.018985 8382.318954 -66.018985 0.001099
733 7330.000000 5.088081 -71.102545 -66.014465 8368.170717 -66.014465 0.001101
734 7340.000000 4.962018 -71.102020 -66.140002 8160.839933 -66.140002 0.001102
735 7350.000000 4.797113 -71.107751 -66.310638 7889.628082 -66.310638 0.001104
736 7360.000000 4.743569 -71.102190 -66.358621 7801.565975 -66.358621 0.001106
737 7370.000000 4.891145 -71.090079 -66.198934 8044.279034 -66.198934 0.001110
738 7380.000000 4.838749 -71.064467 -66.225718 7958.104184 -66.225718 0.001116
739 7390.000000 4.878554 -71.013849 -66.135294 8023.571011 -66.135294 0.001126
740 7400.000000 4.781318 -70.963296 -66.181978 7863.650147 -66.181978 0.001137
741 7410.000000 4.643737 -70.948931 -66.305194 7637.375258 -66.305194 0.001139
742 7420.000000 4.503209 -70.989681 -66.486472 7406.255612 -66.486472 0.001131
743 7430.000000 4.501793 -71.028782 -66.526989 7403.925576 -66.526989 0.001124
744 7440.000000 4.439310 -71.058481 -66.619171 7301.162384 -66.619171 0.001117
745 7450.000000 4.521018 -71.067231 -66.546213 7435.544024 -66.546213 0.001107
746 7460.000000 4.361034 -71.061503 -66.700469 7172.425012 -66.700469 0.001094
747 7470.000000 4.318026 -71.050450 -66.732424 7101.691799 -66.732424 0.001082
748 7480.000000 4.349578 -71.037422 -66.687843 7153.584267 -66.687843 0.001068
749 7490.000000 4.345782 -71.032702 -66.686920 7147.340216 -66.686920 0.001058
750 7500.000000 4.410028 -71.021118 -66.611090 7253.003153 -66.611090 0.001054
751 7510.000000 4.581102 -71.010071 -66.428969 7534.362055 -66.428969 0.001059
752 7520.000000 4.361623 -70.981726 -66.620102 7173.394122 -66.620102 0.001077
753 7530.000000 4.256666 -70.949177 -66.692510 7000.775407 -66.692510 0.001098
754 7540.000000 4.090370 -70.905627 -66.815257 6727.275008 -66.815257 0.001123
755 7550.000000 4.088099 -70.844626 -66.756527 6723.538788 -66.756527 0.001153
756 7560.000000 4.061347 -70.789773 -66.728426 6679.542038 -66.728426 0.001177
757 7570.000000 3.921542 -70.753806 -66.832264 6449.609756 -66.832264 0.001190
758 7580.000000 3.878171 -70.761193 -66.883022 6378.278568 -66.883022 0.001196
759 7590.000000 3.785407 -70.807378 -67.021971 6225.712785 -67.021971 0.001192
760 7600.000000 3.926519 -70.865245 -66.938726 6457.794553 -66.938726 0.001180
761 7610.000000 3.934800 -70.901643 -66.966843 6471.414486 -66.966843 0.001175
762 7620.000000 3.831116 -70.900086 -67.068971 6300.888535 -67.068971 0.001171
763 7630.000000 3.902627 -70.880792 -66.978165 6418.500913 -66.978165 0.001169
764 7640.000000 4.038549 -70.856356 -66.817807 6642.046936 -66.817807 0.001166
765 7650.000000 3.868604 -70.832519 -66.963915 6362.544360 -66.963915 0.001156
766 7660.000000 3.861171 -70.822671 -66.961500 6350.319859 -66.961500 0.001145
767 7670.000000 3.778347 -70.828218 -67.049871 6214.101704 -67.049871 0.001135
768 7680.000000 3.974036 -70.844514 -66.870479 6535.943624 -66.870479 0.001122
769 7690.000000 3.965227 -70.848409 -66.883182 6521.455816 -66.883182 0.001107
770 7700.000000 3.936841 -70.827244 -66.890402 6474.771906 -66.890402 0.001091
771 7710.000000 4.085416 -70.813786 -66.728370 6719.126076 -66.728370 0.001073
772 7720.000000 4.137087 -70.845537 -66.708449 6804.108666 -66.708449 0.001046
773 7730.000000 4.253026 -70.899700 -66.646673 6994.789000 -66.646673 0.001018
774 7740.000000 4.434230 -70.947154 -66.512924 7292.807758 -66.512924 0.000994
775 7750.000000 4.521529 -70.970616 -66.449087 7436.384478 -66.449087 0.000974
776 7760.000000 4.690593 -70.967797 -66.277204 7714.437665 -66.277204 0.000960
777 7770.000000 4.901704 -70.942516 -66.040812 8061.643512 -66.040812 0.000953
778 7780.000000 4.828650 -70.916368 -66.087718 7941.494504 -66.087718 0.000948
779 7790.000000 4.945946 -70.896344 -65.950397 8134.408206 -65.950397 0.000945
780 7800.000000 4.791150 -70.884850 -66.093700 7879.820180 -66.093700 0.000941
781 7810.000000 4.792334 -70.886883 -66.094549 7881.768128 -66.094549 0.000937
782 7820.000000 4.702881 -70.881496 -66.178615 7734.647363 -66.178615 0.000933
783 7830.000000 4.752506 -70.878927 -66.126422 7816.263349 -66.126422 0.000932
784 7840.000000 4.588100 -70.877893 -66.289793 7545.871360 -66.289793 0.000935
785 7850.000000 4.585409 -70.888874 -66.303465 7541.446396 -66.303465 0.000947
786 7860.000000 4.584182 -70.909937 -66.325754 7539.428538 -66.325754 0.000962
787 7870.000000 4.561400 -70.938434 -66.377034 7501.959774 -66.377034 0.000982
