# istep , time , K , V , E , T , H_eff, P
1 10.000000 4.729318 -70.480433 -65.751115 7778.127676 -65.751115 0.001495
2 20.000000 4.930670 -70.540143 -65.609473 8109.283567 -65.609473 0.001482
3 30.000000 5.066798 -70.617971 -65.551173 8333.168344 -65.551173 0.001469
4 40.000000 5.050943 -70.680782 -65.629839 8307.091362 -65.629839 0.001470
5 50.000000 4.893461 -70.707892 -65.814432 8048.086614 -65.814432 0.001483
6 60.000000 4.979399 -70.709541 -65.730142 8189.425603 -65.730142 0.001501
7 70.000000 4.706709 -70.682397 -65.975688 7740.943318 -65.975688 0.001525
8 80.000000 4.873800 -70.630210 -65.756410 8015.751533 -65.756410 0.001547
9 90.000000 4.817261 -70.591113 -65.773852 7922.763859 -65.773852 0.001567
10 100.000000 4.881381 -70.562275 -65.680894 8028.219133 -65.680894 0.001587
11 110.000000 4.914901 -70.546261 -65.631359 8083.349337 -65.631359 0.001607
12 120.000000 4.828084 -70.526408 -65.698324 7940.564337 -65.698324 0.001624
13 130.000000 4.811477 -70.525565 -65.714088 7913.252015 -65.714088 0.001638
14 140.000000 4.778429 -70.539004 -65.760575 7858.897898 -65.760575 0.001645
15 150.000000 4.981113 -70.576661 -65.595548 8192.244803 -65.595548 0.001638
16 160.000000 5.043994 -70.599461 -65.555467 8295.662908 -65.555467 0.001632
17 170.000000 5.126825 -70.612736 -65.485911 8431.892067 -65.485911 0.001629
18 180.000000 5.012611 -70.629395 -65.616784 8244.048379 -65.616784 0.001632
19 190.000000 5.114419 -70.651680 -65.537261 8411.489117 -65.537261 0.001633
20 200.000000 5.049602 -70.651039 -65.601437 8304.886964 -65.601437 0.001635
21 210.000000 5.095069 -70.643191 -65.548121 8379.664877 -65.548121 0.001637
22 220.000000 5.232520 -70.620698 -65.388179 8605.724337 -65.388179 0.001639
23 230.000000 5.250923 -70.596130 -65.345208 8635.990718 -65.345208 0.001633
24 240.000000 5.115073 -70.571876 -65.456804 8412.563423 -65.456804 0.001619
25 250.000000 5.117970 -70.568609 -65.450640 8417.328110 -65.450640 0.001593
26 260.000000 5.249102 -70.579402 -65.330300 8632.996362 -65.330300 0.001561
27 270.000000 5.273936 -70.566907 -65.292971 8673.840732 -65.292971 0.001537
28 280.000000 5.120039 -70.532448 -65.412409 8420.731317 -65.412409 0.001520
29 290.000000 5.110730 -70.483218 -65.372488 8405.420816 -65.372488 0.001508
30 300.000000 4.895730 -70.436639 -65.540909 8051.819691 -65.540909 0.001490
31 310.000000 4.917703 -70.420925 -65.503223 8087.956521 -65.503223 0.001473
32 320.000000 4.840375 -70.431555 -65.591180 7960.779651 -65.591180 0.001450
33 330.000000 4.806022 -70.462723 -65.656700 7904.280571 -65.656700 0.001431
34 340.000000 5.142335 -70.508941 -65.366605 8457.401081 -65.366605 0.001414
35 350.000000 5.112198 -70.548960 -65.436762 8407.836098 -65.436762 0.001404
36 360.000000 5.062487 -70.583086 -65.520599 8326.077927 -65.520599 0.001394
37 370.000000 5.060503 -70.598680 -65.538176 8322.815262 -65.538176 0.001388
38 380.000000 5.237403 -70.597241 -65.359839 8613.755125 -65.359839 0.001389
39 390.000000 5.023826 -70.574643 -65.550817 8262.492940 -65.550817 0.001397
40 400.000000 4.862908 -70.547311 -65.684403 7997.838413 -65.684403 0.001414
41 410.000000 4.855124 -70.526263 -65.671138 7985.036502 -65.671138 0.001432
42 420.000000 4.665804 -70.511839 -65.846035 7673.668771 -65.846035 0.001450
43 430.000000 4.875960 -70.506983 -65.631023 8019.303988 -65.631023 0.001473
44 440.000000 4.865914 -70.505299 -65.639385 8002.782035 -65.639385 0.001493
45 450.000000 4.927186 -70.502814 -65.575629 8103.552769 -65.575629 0.001517
46 460.000000 4.949788 -70.499988 -65.550199 8140.726483 -65.550199 0.001541
47 470.000000 4.755169 -70.489176 -65.734007 7820.644120 -65.734007 0.001557
48 480.000000 4.581360 -70.468947 -65.887587 7534.786613 -65.887587 0.001568
49 490.000000 4.618568 -70.456448 -65.837880 7595.980996 -65.837880 0.001575
50 500.000000 4.333773 -70.448436 -66.114663 7127.589312 -66.114663 0.001581
51 510.000000 4.334635 -70.444414 -66.109779 7129.007267 -66.109779 0.001581
52 520.000000 4.222419 -70.456811 -66.234392 6944.451070 -66.234392 0.001582
53 530.000000 4.416117 -70.489022 -66.072905 7263.018775 -66.072905 0.001579
54 540.000000 4.496872 -70.528823 -66.031951 7395.832896 -66.031951 0.001580
55 550.000000 4.681972 -70.558659 -65.876687 7700.259888 -65.876687 0.001579
56 560.000000 4.697181 -70.561485 -65.864304 7725.272856 -65.864304 0.001582
57 570.000000 4.737151 -70.553028 -65.815877 7791.009628 -65.815877 0.001586
58 580.000000 4.669306 -70.536630 -65.867325 7679.427584 -65.867325 0.001599
59 590.000000 4.715212 -70.518903 -65.803691 7754.927393 -65.803691 0.001611
60 600.000000 4.694003 -70.499536 -65.805533 7720.046250 -65.805533 0.001622
61 610.000000 4.679389 -70.487369 -65.807980 7696.011230 -65.807980 0.001636
62 620.000000 4.682874 -70.477665 -65.794791 7701.742995 -65.794791 0.001644
63 630.000000 4.538734 -70.479244 -65.940510 7464.682029 -65.940510 0.001647
64 640.000000 4.503665 -70.476514 -65.972849 7407.004439 -65.972849 0.001653
65 650.000000 4.409128 -70.473567 -66.064439 7251.523319 -66.064439 0.001659
66 660.000000 4.523600 -70.482203 -65.958603 7439.791460 -65.958603 0.001664
67 670.000000 4.383882 -70.491650 -66.107769 7210.002066 -66.107769 0.001674
68 680.000000 4.480949 -70.511590 -66.030641 7369.644411 -66.030641 0.001678
69 690.000000 4.543319 -70.541621 -65.998302 7472.222335 -65.998302 0.001673
70 700.000000 4.515909 -70.587369 -66.071459 7427.142837 -66.071459 0.001665
71 710.000000 4.702207 -70.621194 -65.918987 7733.538565 -65.918987 0.001662
72 720.000000 4.709359 -70.613525 -65.904167 7745.301172 -65.904167 0.001666
73 730.000000 4.708711 -70.568390 -65.859679 7744.236094 -65.859679 0.001677
74 740.000000 4.549883 -70.534003 -65.984120 7483.017618 -65.984120 0.001678
75 750.000000 4.385170 -70.517292 -66.132122 7212.120369 -66.132122 0.001676
76 760.000000 4.293883 -70.536237 -66.242354 7061.983765 -66.242354 0.001664
77 770.000000 4.417127 -70.568790 -66.151662 7264.679611 -66.151662 0.001646
78 780.000000 4.657428 -70.601404 -65.943976 7659.893155 -65.943976 0.001631
79 790.000000 4.720559 -70.619453 -65.898894 7763.721327 -65.898894 0.001614
80 800.000000 4.860015 -70.627226 -65.767211 7993.079464 -65.767211 0.001594
81 810.000000 4.909601 -70.616218 -65.706617 8074.631928 -65.706617 0.001574
82 820.000000 4.836097 -70.593503 -65.757405 7953.743740 -65.757405 0.001556
83 830.000000 5.051742 -70.552122 -65.500380 8308.405267 -65.500380 0.001542
84 840.000000 4.919932 -70.506378 -65.586446 8091.623210 -65.586446 0.001525
85 850.000000 4.718029 -70.464690 -65.746661 7759.560848 -65.746661 0.001506
86 860.000000 4.674441 -70.450061 -65.775620 7687.874211 -65.775620 0.001485
87 870.000000 4.597121 -70.470958 -65.873837 7560.708262 -65.873837 0.001456
88 880.000000 4.638154 -70.505424 -65.867269 7628.193972 -65.867269 0.001422
89 890.000000 4.679541 -70.543046 -65.863505 7696.261339 -65.863505 0.001392
90 900.000000 4.533210 -70.571045 -66.037835 7455.596213 -66.037835 0.001371
91 910.000000 4.580301 -70.586735 -66.006434 7533.045651 -66.006434 0.001354
92 920.000000 4.590404 -70.579496 -65.989093 7549.660564 -65.989093 0.001343
93 930.000000 4.555389 -70.564231 -66.008842 7492.072985 -66.008842 0.001344
94 940.000000 4.498139 -70.550746 -66.052607 7397.915770 -66.052607 0.001350
95 950.000000 4.492985 -70.545056 -66.052071 7389.439199 -66.052071 0.001364
96 960.000000 4.344154 -70.537375 -66.193221 7144.663867 -66.193221 0.001377
97 970.000000 4.222837 -70.533679 -66.310842 6945.137721 -66.310842 0.001393
98 980.000000 4.120119 -70.525488 -66.405369 6776.201595 -66.405369 0.001407
99 990.000000 4.029297 -70.524651 -66.495354 6626.829296 -66.495354 0.001418
100 1000.000000 4.048626 -70.529936 -66.481310 6658.619199 -66.481310 0.001424
101 1010.000000 4.031314 -70.535457 -66.504143 6630.147831 -66.504143 0.001426
102 1020.000000 4.254397 -70.546314 -66.291918 6997.042538 -66.291918 0.001429
103 1030.000000 4.151418 -70.558131 -66.406712 6827.678093 -66.406712 0.001435
104 1040.000000 4.357526 -70.584492 -66.226966 7166.656235 -66.226966 0.001442
105 1050.000000 4.521832 -70.620778 -66.098946 7436.883930 -66.098946 0.001452
106 1060.000000 4.479193 -70.652118 -66.172924 7366.757068 -66.172924 0.001465
107 1070.000000 4.746798 -70.690300 -65.943502 7806.875775 -65.943502 0.001483
108 1080.000000 4.637308 -70.718317 -66.081008 7626.803147 -66.081008 0.001506
109 1090.000000 4.740183 -70.719039 -65.978856 7795.997473 -65.978856 0.001539
110 1100.000000 4.661871 -70.692756 -66.030884 7667.200580 -66.030884 0.001577
111 1110.000000 4.755143 -70.650734 -65.895591 7820.600995 -65.895591 0.001612
112 1120.000000 4.656375 -70.590248 -65.933873 7658.161784 -65.933873 0.001651
113 1130.000000 4.581807 -70.532191 -65.950384 7535.521297 -65.950384 0.001686
114 1140.000000 4.535738 -70.489357 -65.953619 7459.754094 -65.953619 0.001712
115 1150.000000 4.535716 -70.465604 -65.929888 7459.717687 -65.929888 0.001728
116 1160.000000 4.502367 -70.436613 -65.934246 7404.870311 -65.934246 0.001739
117 1170.000000 4.499509 -70.417227 -65.917718 7400.169568 -65.917718 0.001740
118 1180.000000 4.586104 -70.392439 -65.806335 7542.589288 -65.806335 0.001738
119 1190.000000 4.622099 -70.385077 -65.762979 7601.788061 -65.762979 0.001730
120 1200.000000 4.623761 -70.388384 -65.764624 7604.521804 -65.764624 0.001714
121 1210.000000 4.534455 -70.413644 -65.879189 7457.644450 -65.879189 0.001693
122 1220.000000 4.509186 -70.451666 -65.942479 7416.085757 -65.942479 0.001664
123 1230.000000 4.557851 -70.478576 -65.920725 7496.122464 -65.920725 0.001636
124 1240.000000 4.732063 -70.482871 -65.750808 7782.643056 -65.750808 0.001612
125 1250.000000 4.789964 -70.481748 -65.691784 7877.869928 -65.691784 0.001592
126 1260.000000 4.728921 -70.466353 -65.737432 7777.474467 -65.737432 0.001573
127 1270.000000 4.788198 -70.440563 -65.652365 7874.965468 -65.652365 0.001549
128 1280.000000 4.613793 -70.416606 -65.802813 7588.128458 -65.802813 0.001523
129 1290.000000 4.551739 -70.414041 -65.862302 7486.071040 -65.862302 0.001494
130 1300.000000 4.754236 -70.438464 -65.684228 7819.109675 -65.684228 0.001458
131 1310.000000 4.619400 -70.478886 -65.859486 7597.349785 -65.859486 0.001424
132 1320.000000 4.570528 -70.500421 -65.929893 7516.971591 -65.929893 0.001396
133 1330.000000 4.772224 -70.503402 -65.731178 7848.693378 -65.731178 0.001374
134 1340.000000 4.692767 -70.493879 -65.801112 7718.014217 -65.801112 0.001363
135 1350.000000 4.671337 -70.471853 -65.800515 7682.769059 -65.800515 0.001365
136 1360.000000 4.467417 -70.447570 -65.980153 7347.389016 -65.980153 0.001374
137 1370.000000 4.358190 -70.435944 -66.077754 7167.747540 -66.077754 0.001384
138 1380.000000 4.331869 -70.423715 -66.091846 7124.457822 -66.091846 0.001394
139 1390.000000 4.424501 -70.428184 -66.003683 7276.806049 -66.003683 0.001402
140 1400.000000 4.437980 -70.428332 -65.990352 7298.975909 -65.990352 0.001419
141 1410.000000 4.337078 -70.425543 -66.088465 7133.026373 -66.088465 0.001444
142 1420.000000 4.205634 -70.453125 -66.247492 6916.844202 -66.247492 0.001461
143 1430.000000 4.218235 -70.515663 -66.297428 6937.569228 -66.297428 0.001472
144 1440.000000 4.202020 -70.571746 -66.369726 6910.901096 -66.369726 0.001480
145 1450.000000 4.191874 -70.614422 -66.422548 6894.213819 -66.422548 0.001485
146 1460.000000 4.293000 -70.616342 -66.323342 7060.532196 -66.323342 0.001491
147 1470.000000 4.258135 -70.595335 -66.337199 7003.191415 -66.337199 0.001501
148 1480.000000 4.224591 -70.559929 -66.335337 6948.022963 -66.335337 0.001515
149 1490.000000 4.233033 -70.540847 -66.307815 6961.905994 -66.307815 0.001527
150 1500.000000 4.088199 -70.541033 -66.452833 6723.704394 -66.452833 0.001535
151 1510.000000 4.134171 -70.564819 -66.430648 6799.312136 -66.430648 0.001533
152 1520.000000 4.142469 -70.586776 -66.444307 6812.959638 -66.444307 0.001528
153 1530.000000 4.168626 -70.594792 -66.426167 6855.978388 -66.426167 0.001534
154 1540.000000 4.278832 -70.595705 -66.316873 7037.230747 -66.316873 0.001540
155 1550.000000 4.201480 -70.594451 -66.392971 6910.013386 -66.392971 0.001537
156 1560.000000 4.166634 -70.583001 -66.416366 6852.703691 -66.416366 0.001537
157 1570.000000 4.217365 -70.570381 -66.353016 6936.137902 -66.353016 0.001534
158 1580.000000 4.166065 -70.564904 -66.398840 6851.766428 -66.398840 0.001531
159 1590.000000 4.048675 -70.553050 -66.504374 6658.701004 -66.504374 0.001533
160 1600.000000 4.133127 -70.552928 -66.419801 6797.595667 -66.419801 0.001525
161 1610.000000 4.209950 -70.563912 -66.353962 6923.943586 -66.353962 0.001516
162 1620.000000 4.212366 -70.573997 -66.361631 6927.916218 -66.361631 0.001503
163 1630.000000 4.393300 -70.557772 -66.164472 7225.492087 -66.164472 0.001501
164 1640.000000 4.421359 -70.512953 -66.091595 7271.638851 -66.091595 0.001507
165 1650.000000 4.472432 -70.470319 -65.997887 7355.636660 -65.997887 0.001515
166 1660.000000 4.277176 -70.442845 -66.165669 7034.507371 -66.165669 0.001518
167 1670.000000 4.320723 -70.442618 -66.121895 7106.126545 -66.121895 0.001512
168 1680.000000 4.356180 -70.446804 -66.090623 7164.442240 -66.090623 0.001499
169 1690.000000 4.423894 -70.460859 -66.036964 7275.809111 -66.036964 0.001483
170 1700.000000 4.600058 -70.474393 -65.874334 7565.539413 -65.874334 0.001469
171 1710.000000 4.434554 -70.476795 -66.042241 7293.340575 -66.042241 0.001452
172 1720.000000 4.168683 -70.476574 -66.307892 6856.072371 -66.307892 0.001440
173 1730.000000 4.305699 -70.477994 -66.172295 7081.417318 -66.172295 0.001430
174 1740.000000 4.462068 -70.484494 -66.022426 7338.591067 -66.022426 0.001420
175 1750.000000 4.565180 -70.491531 -65.926351 7508.175767 -65.926351 0.001412
176 1760.000000 4.720078 -70.508196 -65.788119 7762.930778 -65.788119 0.001393
177 1770.000000 4.856830 -70.520179 -65.663349 7987.841622 -65.663349 0.001377
178 1780.000000 4.692240 -70.514409 -65.822169 7717.146962 -65.822169 0.001372
179 1790.000000 4.882527 -70.496498 -65.613972 8030.103807 -65.613972 0.001367
180 1800.000000 5.030042 -70.473140 -65.443098 8272.716371 -65.443098 0.001364
181 1810.000000 4.882605 -70.461758 -65.579153 8030.232989 -65.579153 0.001363
182 1820.000000 4.794020 -70.445360 -65.651340 7884.540106 -65.651340 0.001361
183 1830.000000 4.868283 -70.416880 -65.548596 8006.678239 -65.548596 0.001371
184 1840.000000 5.067825 -70.382180 -65.314355 8334.857251 -65.314355 0.001382
185 1850.000000 4.979512 -70.331407 -65.351895 8189.611986 -65.351895 0.001401
186 1860.000000 4.903556 -70.270159 -65.366603 8064.689661 -65.366603 0.001425
187 1870.000000 4.701903 -70.221833 -65.519929 7733.039900 -65.519929 0.001447
188 1880.000000 4.974973 -70.191632 -65.216659 8182.146350 -65.216659 0.001461
189 1890.000000 4.920544 -70.181871 -65.261327 8092.630162 -65.261327 0.001469
190 1900.000000 5.052751 -70.184030 -65.131280 8310.064880 -65.131280 0.001472
191 1910.000000 5.102559 -70.213202 -65.110643 8391.983176 -65.110643 0.001468
192 1920.000000 4.997602 -70.236886 -65.239284 8219.364306 -65.239284 0.001460
193 1930.000000 5.099010 -70.260852 -65.161842 8386.146230 -65.161842 0.001456
194 1940.000000 5.072586 -70.280068 -65.207482 8342.687383 -65.207482 0.001448
195 1950.000000 4.908124 -70.292316 -65.384193 8072.202516 -65.384193 0.001441
196 1960.000000 5.041497 -70.310271 -65.268774 8291.555968 -65.268774 0.001437
197 1970.000000 5.076405 -70.323347 -65.246942 8348.969098 -65.246942 0.001439
198 1980.000000 4.961907 -70.352572 -65.390665 8160.657153 -65.390665 0.001440
199 1990.000000 5.049330 -70.390187 -65.340857 8304.439874 -65.340857 0.001437
200 2000.000000 5.085285 -70.422198 -65.336913 8363.573326 -65.336913 0.001430
201 2010.000000 5.150203 -70.450186 -65.299983 8470.340924 -65.299983 0.001421
202 2020.000000 4.931716 -70.477002 -65.545286 8111.003157 -65.545286 0.001404
203 2030.000000 5.029467 -70.508698 -65.479231 8271.771856 -65.479231 0.001389
204 2040.000000 5.113405 -70.539700 -65.426295 8409.820354 -65.426295 0.001376
205 2050.000000 5.122218 -70.547631 -65.425414 8424.314379 -65.425414 0.001367
206 2060.000000 5.278375 -70.550771 -65.272395 8681.140985 -65.272395 0.001364
207 2070.000000 5.402320 -70.532076 -65.129755 8884.988737 -65.129755 0.001375
208 2080.000000 5.230665 -70.510545 -65.279880 8602.673242 -65.279880 0.001391
209 2090.000000 5.209571 -70.484866 -65.275295 8567.981760 -65.275295 0.001416
210 2100.000000 5.071862 -70.449768 -65.377907 8341.496367 -65.377907 0.001443
211 2110.000000 4.962196 -70.420906 -65.458711 8161.132416 -65.458711 0.001475
212 2120.000000 4.945585 -70.404611 -65.459026 8133.813051 -65.459026 0.001504
213 2130.000000 4.843275 -70.404163 -65.560889 7965.547568 -65.560889 0.001527
214 2140.000000 4.729846 -70.417738 -65.687892 7778.995679 -65.687892 0.001540
215 2150.000000 4.755387 -70.445658 -65.690270 7821.002509 -65.690270 0.001549
216 2160.000000 4.742753 -70.474192 -65.731440 7800.223025 -65.731440 0.001550
217 2170.000000 4.696383 -70.510376 -65.813993 7723.961372 -65.813993 0.001552
218 2180.000000 4.564991 -70.542726 -65.977735 7507.865299 -65.977735 0.001547
219 2190.000000 4.822305 -70.576876 -65.754571 7931.059451 -65.754571 0.001535
220 2200.000000 4.845605 -70.603436 -65.757830 7969.381030 -65.757830 0.001527
221 2210.000000 4.825726 -70.625845 -65.800119 7936.685933 -65.800119 0.001524
222 2220.000000 4.793846 -70.646448 -65.852602 7884.255055 -65.852602 0.001519
223 2230.000000 5.023236 -70.665814 -65.642577 8261.524105 -65.642577 0.001520
224 2240.000000 5.034381 -70.688135 -65.653754 8279.852713 -65.653754 0.001523
225 2250.000000 4.961701 -70.704824 -65.743123 8160.319538 -65.743123 0.001519
226 2260.000000 4.972307 -70.707062 -65.734755 8177.761833 -65.734755 0.001521
227 2270.000000 5.001418 -70.701959 -65.700541 8225.640707 -65.700541 0.001517
228 2280.000000 5.026884 -70.694260 -65.667375 8267.523469 -65.667375 0.001508
229 2290.000000 4.919800 -70.674600 -65.754800 8091.406509 -65.754800 0.001503
230 2300.000000 5.047073 -70.650920 -65.603848 8300.726736 -65.603848 0.001497
231 2310.000000 4.844515 -70.609456 -65.764941 7967.587287 -65.764941 0.001495
232 2320.000000 4.943188 -70.543947 -65.600759 8129.871435 -65.600759 0.001492
233 2330.000000 4.658179 -70.479547 -65.821368 7661.127657 -65.821368 0.001485
234 2340.000000 4.762359 -70.452669 -65.690310 7832.469651 -65.690310 0.001470
235 2350.000000 4.852386 -70.447960 -65.595575 7980.532470 -65.595575 0.001447
236 2360.000000 4.702289 -70.449794 -65.747506 7733.673450 -65.747506 0.001427
237 2370.000000 4.740324 -70.467607 -65.727283 7796.228285 -65.727283 0.001412
238 2380.000000 4.720199 -70.482627 -65.762428 7763.129437 -65.762428 0.001405
239 2390.000000 4.499177 -70.503279 -66.004102 7399.623694 -66.004102 0.001405
240 2400.000000 4.737425 -70.514360 -65.776934 7791.461193 -65.776934 0.001404
241 2410.000000 4.708571 -70.529005 -65.820435 7744.005571 -65.820435 0.001404
242 2420.000000 4.773001 -70.561533 -65.788533 7849.971050 -65.788533 0.001411
243 2430.000000 4.690125 -70.585103 -65.894977 7713.669145 -65.894977 0.001428
244 2440.000000 4.729303 -70.601194 -65.871891 7778.102555 -65.871891 0.001443
245 2450.000000 4.951180 -70.601808 -65.650628 8143.015295 -65.650628 0.001464
246 2460.000000 5.113271 -70.594589 -65.481317 8409.600707 -65.481317 0.001492
247 2470.000000 4.971987 -70.572439 -65.600452 8177.235928 -65.600452 0.001521
248 2480.000000 4.893438 -70.582804 -65.689366 8048.049198 -65.689366 0.001540
249 2490.000000 4.684056 -70.607937 -65.923881 7703.686866 -65.923881 0.001550
250 2500.000000 4.940193 -70.656766 -65.716573 8124.945624 -65.716573 0.001537
251 2510.000000 5.019035 -70.702521 -65.683487 8254.613420 -65.683487 0.001524
252 2520.000000 4.966118 -70.718708 -65.752590 8167.583103 -65.752590 0.001511
253 2530.000000 5.168057 -70.711224 -65.543167 8499.704927 -65.543167 0.001496
254 2540.000000 5.132793 -70.683028 -65.550235 8441.707343 -65.550235 0.001483
255 2550.000000 4.999583 -70.624232 -65.624649 8222.622095 -65.624649 0.001478
256 2560.000000 5.038848 -70.580402 -65.541553 8287.200306 -65.541553 0.001469
257 2570.000000 5.075474 -70.586370 -65.510896 8347.437058 -65.510896 0.001458
258 2580.000000 5.098956 -70.608091 -65.509135 8386.056778 -65.509135 0.001432
259 2590.000000 5.056463 -70.626105 -65.569642 8316.170301 -65.569642 0.001402
260 2600.000000 5.009659 -70.616956 -65.607297 8239.193552 -65.607297 0.001379
261 2610.000000 4.880942 -70.589584 -65.708642 8027.498187 -65.708642 0.001369
262 2620.000000 4.949456 -70.557704 -65.608249 8140.179342 -65.608249 0.001364
263 2630.000000 5.061009 -70.518149 -65.457140 8323.647476 -65.457140 0.001364
264 2640.000000 5.012108 -70.458205 -65.446098 8243.221182 -65.446098 0.001371
265 2650.000000 4.962417 -70.405360 -65.442943 8161.496006 -65.442943 0.001375
266 2660.000000 4.773323 -70.383828 -65.610504 7850.501404 -65.610504 0.001371
267 2670.000000 4.876921 -70.375542 -65.498621 8020.884908 -65.498621 0.001366
268 2680.000000 5.029417 -70.382231 -65.352814 8271.689373 -65.352814 0.001357
269 2690.000000 4.988560 -70.397798 -65.409238 8204.493332 -65.409238 0.001346
270 2700.000000 5.332333 -70.420847 -65.088514 8769.883393 -65.088514 0.001345
271 2710.000000 5.430582 -70.441383 -65.010801 8931.470307 -65.010801 0.001353
272 2720.000000 5.474229 -70.452695 -64.978466 9003.253644 -64.978466 0.001368
273 2730.000000 5.685120 -70.462383 -64.777263 9350.099246 -64.777263 0.001387
274 2740.000000 5.638141 -70.475381 -64.837240 9272.833916 -64.837240 0.001408
275 2750.000000 5.725213 -70.494010 -64.768797 9416.038070 -64.768797 0.001436
276 2760.000000 5.790758 -70.510186 -64.719429 9523.836565 -64.719429 0.001470
277 2770.000000 5.673076 -70.514575 -64.841499 9330.290659 -64.841499 0.001508
278 2780.000000 5.753817 -70.496906 -64.743089 9463.082586 -64.743089 0.001546
279 2790.000000 5.684305 -70.460371 -64.776066 9348.757340 -64.776066 0.001579
280 2800.000000 5.515544 -70.415236 -64.899692 9071.203782 -64.899692 0.001605
281 2810.000000 5.684888 -70.375018 -64.690130 9349.716363 -64.690130 0.001616
282 2820.000000 5.559125 -70.332832 -64.773707 9142.879285 -64.773707 0.001624
283 2830.000000 5.499806 -70.281421 -64.781614 9045.320223 -64.781614 0.001633
284 2840.000000 5.336059 -70.274660 -64.938602 8776.011024 -64.938602 0.001624
285 2850.000000 5.150158 -70.323739 -65.173580 8470.267320 -65.173580 0.001599
286 2860.000000 4.974177 -70.391900 -65.417723 8180.838342 -65.417723 0.001563
287 2870.000000 5.145492 -70.445018 -65.299526 8462.593745 -65.299526 0.001523
288 2880.000000 5.246504 -70.477299 -65.230795 8628.722860 -65.230795 0.001481
289 2890.000000 5.119973 -70.473411 -65.353437 8420.623685 -65.353437 0.001451
290 2900.000000 5.108411 -70.451968 -65.343557 8401.607919 -65.343557 0.001431
291 2910.000000 4.983629 -70.421140 -65.437512 8196.382387 -65.437512 0.001409
292 2920.000000 4.977403 -70.387855 -65.410452 8186.143745 -65.410452 0.001393
293 2930.000000 4.753390 -70.337141 -65.583751 7817.718427 -65.583751 0.001381
294 2940.000000 4.509281 -70.288971 -65.779691 7416.241000 -65.779691 0.001375
295 2950.000000 4.460897 -70.233986 -65.773089 7336.665218 -65.773089 0.001373
296 2960.000000 4.409868 -70.182706 -65.772837 7252.740652 -65.772837 0.001371
297 2970.000000 4.465614 -70.145826 -65.680212 7344.423182 -65.680212 0.001366
298 2980.000000 4.511292 -70.110448 -65.599156 7419.548604 -65.599156 0.001361
299 2990.000000 4.450530 -70.085508 -65.634978 7319.616063 -65.634978 0.001354
300 3000.000000 4.577552 -70.067590 -65.490037 7528.524720 -65.490037 0.001350
301 3010.000000 4.514300 -70.062073 -65.547774 7424.495013 -65.547774 0.001346
302 3020.000000 4.467094 -70.056949 -65.589855 7346.857517 -65.589855 0.001350
303 3030.000000 4.563008 -70.053214 -65.490206 7504.603239 -65.490206 0.001361
304 3040.000000 4.483572 -70.060102 -65.576530 7373.958946 -65.576530 0.001376
305 3050.000000 4.583830 -70.079299 -65.495469 7538.849905 -65.495469 0.001393
306 3060.000000 4.618717 -70.100869 -65.482151 7596.226987 -65.482151 0.001411
307 3070.000000 4.661601 -70.118963 -65.457362 7666.756105 -65.457362 0.001426
308 3080.000000 4.678104 -70.148724 -65.470619 7693.898639 -65.470619 0.001437
309 3090.000000 4.799065 -70.192781 -65.393716 7892.838180 -65.393716 0.001445
310 3100.000000 4.855448 -70.242181 -65.386733 7985.569344 -65.386733 0.001459
311 3110.000000 4.854413 -70.272451 -65.418039 7983.866221 -65.418039 0.001477
312 3120.000000 4.858011 -70.280715 -65.422704 7989.784090 -65.422704 0.001502
313 3130.000000 4.811171 -70.244975 -65.433805 7912.747426 -65.433805 0.001542
314 3140.000000 4.715133 -70.170120 -65.454987 7754.798346 -65.454987 0.001589
315 3150.000000 4.680311 -70.103558 -65.423247 7697.527323 -65.423247 0.001621
316 3160.000000 4.945802 -70.087139 -65.141337 8134.170582 -65.141337 0.001636
317 3170.000000 4.940992 -70.112203 -65.171211 8126.259898 -65.171211 0.001636
318 3180.000000 5.117522 -70.177901 -65.060379 8416.591242 -65.060379 0.001622
319 3190.000000 5.104205 -70.243393 -65.139189 8394.689104 -65.139189 0.001605
320 3200.000000 5.012049 -70.307444 -65.295395 8243.124298 -65.295395 0.001584
321 3210.000000 4.949796 -70.337554 -65.387757 8140.739519 -65.387757 0.001566
322 3220.000000 5.255213 -70.319841 -65.064628 8643.047162 -65.064628 0.001553
323 3230.000000 5.116554 -70.290147 -65.173593 8414.999873 -65.173593 0.001543
324 3240.000000 4.868866 -70.276937 -65.408072 8007.636144 -65.408072 0.001527
325 3250.000000 4.912231 -70.295060 -65.382829 8078.957589 -65.382829 0.001502
326 3260.000000 4.809709 -70.338289 -65.528579 7910.344146 -65.528579 0.001469
327 3270.000000 4.803983 -70.368761 -65.564778 7900.926759 -65.564778 0.001444
328 3280.000000 4.619756 -70.391058 -65.771302 7597.935530 -65.771302 0.001430
329 3290.000000 4.680053 -70.395304 -65.715251 7697.103399 -65.715251 0.001422
330 3300.000000 4.670890 -70.399654 -65.728764 7682.032963 -65.728764 0.001421
331 3310.000000 4.616314 -70.408028 -65.791714 7592.274433 -65.791714 0.001421
332 3320.000000 4.879156 -70.424358 -65.545202 8024.559932 -65.545202 0.001428
333 3330.000000 5.028934 -70.453508 -65.424574 8270.894716 -65.424574 0.001442
334 3340.000000 5.224898 -70.496928 -65.272030 8593.189401 -65.272030 0.001461
335 3350.000000 5.242399 -70.533635 -65.291235 8621.973081 -65.291235 0.001485
336 3360.000000 5.453808 -70.576848 -65.123040 8969.668085 -65.123040 0.001510
337 3370.000000 5.347536 -70.614423 -65.266887 8794.887730 -65.266887 0.001542
338 3380.000000 5.280822 -70.631556 -65.350734 8685.165154 -65.350734 0.001577
339 3390.000000 5.316788 -70.614048 -65.297260 8744.316740 -65.297260 0.001618
340 3400.000000 5.081709 -70.562447 -65.480738 8357.692385 -65.480738 0.001665
341 3410.000000 5.165359 -70.482825 -65.317466 8495.268118 -65.317466 0.001721
342 3420.000000 4.911962 -70.435575 -65.523613 8078.515164 -65.523613 0.001750
343 3430.000000 4.886631 -70.457513 -65.570882 8036.854092 -65.570882 0.001748
344 3440.000000 5.051920 -70.528779 -65.476858 8308.699171 -65.476858 0.001728
345 3450.000000 5.063879 -70.608200 -65.544321 8328.366666 -65.544321 0.001699
346 3460.000000 5.042432 -70.661775 -65.619343 8293.093601 -65.619343 0.001673
347 3470.000000 4.676756 -70.685911 -66.009156 7691.680268 -66.009156 0.001655
348 3480.000000 4.868157 -70.702453 -65.834296 8006.470600 -65.834296 0.001640
349 3490.000000 4.955307 -70.719623 -65.764316 8149.803670 -65.764316 0.001631
350 3500.000000 4.936187 -70.732966 -65.796779 8118.357697 -65.796779 0.001626
351 3510.000000 5.053495 -70.750731 -65.697235 8311.289251 -65.697235 0.001623
352 3520.000000 4.939690 -70.763540 -65.823849 8124.118641 -65.823849 0.001626
353 3530.000000 4.797239 -70.794771 -65.997532 7889.835119 -65.997532 0.001624
354 3540.000000 4.758179 -70.836475 -66.078296 7825.594390 -66.078296 0.001625
355 3550.000000 4.965510 -70.871416 -65.905906 8166.583381 -65.905906 0.001630
356 3560.000000 4.896610 -70.881993 -65.985383 8053.266621 -65.985383 0.001644
357 3570.000000 4.990414 -70.856298 -65.865884 8207.542277 -65.865884 0.001671
358 3580.000000 5.148193 -70.826633 -65.678440 8467.036055 -65.678440 0.001694
359 3590.000000 5.099245 -70.815427 -65.716182 8386.532225 -65.716182 0.001718
360 3600.000000 5.212057 -70.816722 -65.604665 8572.070054 -65.604665 0.001740
361 3610.000000 5.247706 -70.825088 -65.577382 8630.699839 -65.577382 0.001747
362 3620.000000 5.077961 -70.833287 -65.755325 8351.527903 -65.755325 0.001745
363 3630.000000 4.952078 -70.851156 -65.899078 8144.493086 -65.899078 0.001734
364 3640.000000 5.002217 -70.874256 -65.872039 8226.954795 -65.872039 0.001721
365 3650.000000 4.799967 -70.891667 -66.091700 7894.321695 -66.091700 0.001718
366 3660.000000 4.640889 -70.906302 -66.265413 7632.691709 -66.265413 0.001711
367 3670.000000 4.725332 -70.891957 -66.166625 7771.571829 -66.166625 0.001707
368 3680.000000 4.843069 -70.855953 -66.012884 7965.209146 -66.012884 0.001703
369 3690.000000 4.857660 -70.801548 -65.943887 7989.207208 -65.943887 0.001698
370 3700.000000 5.024415 -70.725366 -65.700952 8263.461938 -65.700952 0.001687
371 3710.000000 4.627806 -70.645519 -66.017712 7611.175019 -66.017712 0.001684
372 3720.000000 4.709815 -70.565983 -65.856167 7746.052236 -65.856167 0.001686
373 3730.000000 4.643921 -70.495366 -65.851446 7637.677829 -65.851446 0.001686
374 3740.000000 4.673480 -70.451542 -65.778061 7686.293774 -65.778061 0.001679
375 3750.000000 4.583557 -70.447726 -65.864169 7538.400142 -65.864169 0.001654
376 3760.000000 4.611578 -70.453536 -65.841958 7584.484892 -65.841958 0.001615
377 3770.000000 4.783105 -70.482638 -65.699533 7866.588586 -65.699533 0.001568
378 3780.000000 4.772310 -70.505246 -65.732937 7848.834155 -65.732937 0.001519
379 3790.000000 4.446194 -70.513106 -66.066913 7312.484222 -66.066913 0.001476
380 3800.000000 4.489229 -70.503879 -66.014650 7383.262280 -66.014650 0.001441
381 3810.000000 4.457617 -70.488314 -66.030697 7331.271511 -66.030697 0.001417
382 3820.000000 4.270148 -70.455662 -66.185514 7022.949107 -66.185514 0.001406
383 3830.000000 4.411082 -70.415866 -66.004784 7254.736927 -66.004784 0.001406
384 3840.000000 4.388323 -70.370623 -65.982300 7217.305812 -65.982300 0.001419
385 3850.000000 4.325590 -70.331961 -66.006371 7114.131781 -66.006371 0.001436
386 3860.000000 4.347366 -70.302777 -65.955412 7149.945538 -65.955412 0.001448
387 3870.000000 4.362378 -70.293520 -65.931142 7174.635895 -65.931142 0.001460
388 3880.000000 4.375846 -70.314526 -65.938680 7196.785997 -65.938680 0.001472
389 3890.000000 4.425309 -70.356908 -65.931599 7278.136526 -65.931599 0.001483
390 3900.000000 4.478050 -70.424526 -65.946476 7364.876252 -65.946476 0.001492
391 3910.000000 4.531075 -70.488274 -65.957199 7452.084375 -65.957199 0.001497
392 3920.000000 4.556249 -70.523800 -65.967551 7493.487711 -65.967551 0.001514
393 3930.000000 4.673532 -70.541276 -65.867744 7686.378289 -65.867744 0.001538
394 3940.000000 4.828767 -70.558797 -65.730030 7941.687962 -65.730030 0.001563
395 3950.000000 5.020032 -70.602402 -65.582370 8256.253845 -65.582370 0.001582
396 3960.000000 4.884575 -70.647609 -65.763034 8033.472785 -65.763034 0.001589
397 3970.000000 4.826535 -70.655226 -65.828691 7938.016800 -65.828691 0.001602
398 3980.000000 5.064328 -70.638468 -65.574141 8329.105394 -65.574141 0.001615
399 3990.000000 4.827476 -70.626082 -65.798607 7939.563672 -65.798607 0.001623
400 4000.000000 4.910847 -70.628711 -65.717864 8076.682080 -65.717864 0.001621
401 4010.000000 4.941889 -70.627929 -65.686040 8127.735045 -65.686040 0.001620
402 4020.000000 4.968610 -70.610483 -65.641874 8171.681517 -65.641874 0.001623
403 4030.000000 4.690997 -70.579774 -65.888777 7715.102956 -65.888777 0.001623
404 4040.000000 4.730072 -70.548838 -65.818766 7779.367528 -65.818766 0.001624
405 4050.000000 4.687139 -70.552845 -65.865706 7708.756789 -65.865706 0.001629
406 4060.000000 4.414989 -70.567710 -66.152721 7261.163230 -66.152721 0.001634
407 4070.000000 4.470723 -70.590111 -66.119387 7352.827174 -66.119387 0.001633
408 4080.000000 4.699277 -70.623915 -65.924638 7728.720516 -65.924638 0.001623
409 4090.000000 4.806169 -70.628004 -65.821835 7904.521999 -65.821835 0.001615
410 4100.000000 4.723163 -70.618204 -65.895041 7768.004517 -65.895041 0.001608
411 4110.000000 4.620144 -70.591006 -65.970862 7598.573608 -65.970862 0.001604
412 4120.000000 4.639795 -70.593100 -65.953305 7630.892780 -65.953305 0.001594
413 4130.000000 4.727913 -70.617963 -65.890050 7775.817708 -65.890050 0.001580
414 4140.000000 4.823563 -70.676056 -65.852492 7933.129449 -65.852492 0.001561
415 4150.000000 4.780349 -70.705615 -65.925266 7862.057186 -65.925266 0.001548
416 4160.000000 4.581209 -70.686750 -66.105541 7534.539044 -66.105541 0.001549
417 4170.000000 4.519161 -70.640523 -66.121362 7432.490207 -66.121362 0.001558
418 4180.000000 4.537279 -70.579206 -66.041927 7462.288699 -66.041927 0.001568
419 4190.000000 4.586604 -70.534148 -65.947544 7543.411540 -65.947544 0.001568
420 4200.000000 4.704462 -70.514657 -65.810196 7737.247551 -65.810196 0.001563
421 4210.000000 4.858893 -70.518389 -65.659496 7991.234355 -65.659496 0.001546
422 4220.000000 4.941589 -70.520660 -65.579071 8127.241254 -65.579071 0.001524
423 4230.000000 4.898200 -70.511622 -65.613423 8055.881081 -65.613423 0.001510
424 4240.000000 4.949961 -70.500091 -65.550130 8141.010095 -65.550130 0.001505
425 4250.000000 4.789180 -70.486432 -65.697252 7876.580944 -65.697252 0.001498
426 4260.000000 4.706908 -70.477040 -65.770132 7741.270818 -65.770132 0.001493
427 4270.000000 4.674285 -70.467953 -65.793668 7687.616173 -65.793668 0.001481
428 4280.000000 4.902515 -70.471014 -65.568499 8062.978629 -65.568499 0.001476
429 4290.000000 5.084830 -70.472814 -65.387984 8362.824707 -65.387984 0.001473
430 4300.000000 4.840893 -70.495110 -65.654217 7961.630828 -65.654217 0.001470
431 4310.000000 5.078262 -70.512615 -65.434353 8352.022060 -65.434353 0.001468
432 4320.000000 5.133648 -70.522964 -65.389316 8443.113789 -65.389316 0.001474
433 4330.000000 4.998572 -70.510015 -65.511443 8220.959690 -65.511443 0.001483
434 4340.000000 4.994523 -70.501704 -65.507181 8214.300742 -65.507181 0.001487
435 4350.000000 4.774781 -70.495316 -65.720535 7852.899407 -65.720535 0.001493
436 4360.000000 4.883631 -70.490914 -65.607283 8031.920376 -65.607283 0.001501
437 4370.000000 4.813234 -70.487723 -65.674489 7916.141438 -65.674489 0.001508
438 4380.000000 4.892147 -70.488118 -65.595971 8045.926642 -65.595971 0.001516
439 4390.000000 4.831173 -70.486428 -65.655255 7945.645109 -65.655255 0.001525
440 4400.000000 4.763586 -70.480589 -65.717004 7834.486578 -65.717004 0.001530
441 4410.000000 4.782778 -70.475811 -65.693033 7866.051280 -65.693033 0.001540
442 4420.000000 4.701202 -70.455771 -65.754569 7731.885757 -65.754569 0.001554
443 4430.000000 4.780576 -70.422062 -65.641486 7862.429466 -65.641486 0.001573
444 4440.000000 4.959724 -70.384842 -65.425118 8157.067553 -65.425118 0.001589
445 4450.000000 5.090759 -70.374910 -65.284151 8372.575630 -65.284151 0.001600
446 4460.000000 5.057592 -70.376846 -65.319253 8318.027983 -65.319253 0.001607
447 4470.000000 5.013012 -70.406399 -65.393387 8244.709019 -65.393387 0.001599
448 4480.000000 5.206967 -70.452944 -65.245976 8563.699105 -65.245976 0.001582
449 4490.000000 5.173136 -70.490637 -65.317501 8508.058629 -65.317501 0.001569
450 4500.000000 5.131853 -70.507166 -65.375313 8440.160710 -65.375313 0.001563
451 4510.000000 5.230147 -70.496501 -65.266354 8601.821782 -65.266354 0.001565
452 4520.000000 5.136424 -70.462950 -65.326526 8447.679447 -65.326526 0.001573
453 4530.000000 5.149662 -70.437960 -65.288298 8469.450782 -65.288298 0.001586
454 4540.000000 5.123757 -70.424620 -65.300863 8426.846816 -65.300863 0.001600
455 4550.000000 5.152982 -70.421661 -65.268679 8474.912058 -65.268679 0.001611
456 4560.000000 5.147522 -70.436241 -65.288719 8465.930885 -65.288719 0.001621
457 4570.000000 5.111607 -70.454993 -65.343385 8406.864329 -65.343385 0.001630
458 4580.000000 5.078225 -70.469823 -65.391598 8351.961866 -65.391598 0.001641
459 4590.000000 5.110900 -70.478151 -65.367251 8405.701698 -65.367251 0.001662
460 4600.000000 5.450470 -70.481356 -65.030886 8964.178597 -65.030886 0.001683
461 4610.000000 5.487399 -70.477400 -64.990001 9024.914624 -64.990001 0.001711
462 4620.000000 5.372946 -70.473521 -65.100576 8836.677433 -65.100576 0.001742
463 4630.000000 5.392145 -70.459917 -65.067772 8868.253885 -65.067772 0.001766
464 4640.000000 5.530543 -70.458686 -64.928142 9095.872435 -64.928142 0.001784
465 4650.000000 5.375100 -70.466743 -65.091643 8840.220927 -65.091643 0.001784
466 4660.000000 5.404661 -70.464585 -65.059924 8888.838853 -65.059924 0.001780
467 4670.000000 5.427257 -70.443933 -65.016677 8926.000778 -65.016677 0.001778
468 4680.000000 5.144717 -70.404675 -65.259958 8461.318653 -65.259958 0.001778
469 4690.000000 5.279744 -70.357760 -65.078016 8683.392703 -65.078016 0.001768
470 4700.000000 5.172370 -70.327741 -65.155371 8506.798575 -65.155371 0.001747
471 4710.000000 5.405602 -70.352527 -64.946925 8890.385514 -64.946925 0.001708
472 4720.000000 5.389896 -70.422433 -65.032537 8864.555347 -65.032537 0.001663
473 4730.000000 5.575965 -70.496703 -64.920739 9170.574919 -64.920739 0.001614
474 4740.000000 5.654545 -70.555827 -64.901282 9299.813064 -64.901282 0.001567
475 4750.000000 5.751407 -70.583787 -64.832380 9459.117850 -64.832380 0.001532
476 4760.000000 5.713563 -70.579897 -64.866334 9396.877602 -64.866334 0.001514
477 4770.000000 5.722433 -70.537585 -64.815152 9411.465224 -64.815152 0.001513
478 4780.000000 5.650867 -70.466471 -64.815604 9293.763248 -64.815604 0.001524
479 4790.000000 5.333199 -70.363608 -65.030409 8771.307639 -65.030409 0.001549
480 4800.000000 5.226770 -70.266132 -65.039362 8596.267259 -65.039362 0.001577
481 4810.000000 5.055709 -70.173624 -65.117916 8314.929661 -65.117916 0.001604
482 4820.000000 5.213820 -70.131409 -64.917589 8574.969312 -64.917589 0.001616
483 4830.000000 5.516876 -70.145688 -64.628812 9073.393798 -64.628812 0.001609
484 4840.000000 5.375484 -70.181174 -64.805690 8840.852775 -64.805690 0.001597
485 4850.000000 5.367260 -70.178859 -64.811599 8827.326672 -64.811599 0.001598
486 4860.000000 5.461144 -70.141730 -64.680586 8981.733559 -64.680586 0.001601
487 4870.000000 5.236490 -70.093307 -64.856817 8612.253442 -64.856817 0.001612
488 4880.000000 5.115843 -70.061907 -64.946063 8413.830519 -64.946063 0.001625
489 4890.000000 4.907973 -70.041944 -65.133971 8071.954631 -65.133971 0.001635
490 4900.000000 4.780711 -70.060301 -65.279591 7862.651178 -65.279591 0.001638
491 4910.000000 4.833216 -70.100354 -65.267138 7949.005034 -65.267138 0.001637
492 4920.000000 4.996175 -70.178184 -65.182009 8217.017171 -65.182009 0.001627
493 4930.000000 5.026792 -70.284418 -65.257625 8267.372294 -65.257625 0.001612
494 4940.000000 5.155525 -70.395597 -65.240071 8479.094324 -65.240071 0.001592
495 4950.000000 5.115684 -70.486540 -65.370857 8413.568536 -65.370857 0.001576
496 4960.000000 5.109380 -70.536413 -65.427033 8403.201659 -65.427033 0.001570
497 4970.000000 5.191581 -70.550015 -65.358434 8538.394459 -65.358434 0.001582
498 4980.000000 5.304420 -70.527864 -65.223444 8723.975900 -65.223444 0.001607
499 4990.000000 5.218527 -70.473972 -65.255445 8582.711176 -65.255445 0.001637
500 5000.000000 5.068786 -70.391332 -65.322546 8336.436897 -65.322546 0.001671
501 5010.000000 5.149721 -70.309681 -65.159959 8469.548789 -65.159959 0.001701
502 5020.000000 5.106348 -70.256444 -65.150095 8398.215018 -65.150095 0.001719
503 5030.000000 4.989971 -70.234716 -65.244745 8206.813700 -65.244745 0.001727
504 5040.000000 5.091715 -70.250850 -65.159134 8374.148334 -65.159134 0.001720
505 5050.000000 5.237852 -70.264203 -65.026351 8614.494448 -65.026351 0.001708
506 5060.000000 5.106437 -70.269131 -65.162695 8398.360485 -65.162695 0.001697
507 5070.000000 5.171062 -70.270527 -65.099465 8504.647079 -65.099465 0.001688
508 5080.000000 5.267495 -70.275264 -65.007770 8663.246020 -65.007770 0.001671
509 5090.000000 5.340636 -70.290074 -64.949438 8783.538977 -64.949438 0.001650
510 5100.000000 5.127897 -70.294271 -65.166375 8433.654650 -65.166375 0.001635
511 5110.000000 5.094275 -70.264630 -65.170355 8378.358754 -65.170355 0.001626
512 5120.000000 5.031384 -70.236112 -65.204728 8274.923753 -65.204728 0.001617
513 5130.000000 4.926134 -70.235857 -65.309723 8101.823022 -65.309723 0.001598
514 5140.000000 4.886442 -70.269221 -65.382779 8036.543297 -65.382779 0.001573
515 5150.000000 4.918468 -70.326594 -65.408126 8089.215432 -65.408126 0.001542
516 5160.000000 5.108100 -70.379328 -65.271228 8401.096024 -65.271228 0.001509
517 5170.000000 5.262985 -70.416323 -65.153338 8655.829694 -65.153338 0.001478
518 5180.000000 5.050208 -70.420313 -65.370105 8305.883801 -65.370105 0.001458
519 5190.000000 4.961582 -70.392028 -65.430446 8160.123628 -65.430446 0.001443
520 5200.000000 4.968183 -70.338233 -65.370050 8170.980543 -65.370050 0.001436
521 5210.000000 4.741675 -70.301391 -65.559716 7798.451208 -65.559716 0.001424
522 5220.000000 4.721742 -70.297367 -65.575625 7765.668356 -65.575625 0.001412
523 5230.000000 4.820201 -70.309579 -65.489378 7927.598761 -65.489378 0.001405
524 5240.000000 4.983723 -70.328563 -65.344840 8196.537506 -65.344840 0.001400
525 5250.000000 4.911474 -70.351651 -65.440177 8077.712235 -65.440177 0.001398
526 5260.000000 4.823471 -70.372887 -65.549417 7932.976852 -65.549417 0.001398
527 5270.000000 4.912446 -70.397221 -65.484775 8079.310692 -65.484775 0.001397
528 5280.000000 4.934961 -70.425222 -65.490261 8116.340639 -65.490261 0.001395
529 5290.000000 4.803043 -70.447181 -65.644138 7899.380219 -65.644138 0.001392
530 5300.000000 4.843345 -70.466846 -65.623501 7965.663312 -65.623501 0.001394
531 5310.000000 4.879176 -70.489156 -65.609979 8024.593781 -65.609979 0.001398
532 5320.000000 4.803752 -70.502680 -65.698927 7900.546897 -65.698927 0.001402
533 5330.000000 4.705925 -70.508004 -65.802079 7739.653953 -65.802079 0.001417
534 5340.000000 4.888449 -70.502615 -65.614166 8039.844363 -65.614166 0.001431
535 5350.000000 4.877304 -70.479256 -65.601952 8021.514657 -65.601952 0.001443
536 5360.000000 4.749485 -70.469455 -65.719970 7811.296312 -65.719970 0.001452
537 5370.000000 4.547150 -70.479612 -65.932462 7478.523392 -65.932462 0.001457
538 5380.000000 4.593637 -70.490873 -65.897236 7554.978216 -65.897236 0.001455
539 5390.000000 4.719357 -70.506868 -65.787511 7761.745073 -65.787511 0.001451
540 5400.000000 4.677807 -70.513891 -65.836083 7693.409845 -65.836083 0.001454
541 5410.000000 4.602746 -70.521698 -65.918952 7569.959315 -65.918952 0.001459
542 5420.000000 4.573146 -70.526266 -65.953120 7521.277198 -65.953120 0.001460
543 5430.000000 4.666560 -70.520404 -65.853844 7674.912065 -65.853844 0.001459
544 5440.000000 4.469874 -70.510010 -66.040136 7351.429578 -66.040136 0.001452
545 5450.000000 4.432313 -70.504812 -66.072499 7289.655006 -66.072499 0.001447
546 5460.000000 4.291311 -70.504909 -66.213597 7057.755061 -66.213597 0.001448
547 5470.000000 4.375256 -70.514877 -66.139620 7195.816194 -66.139620 0.001450
548 5480.000000 4.245367 -70.520749 -66.275382 6982.191636 -66.275382 0.001457
549 5490.000000 4.291358 -70.525367 -66.234009 7057.831785 -66.234009 0.001462
550 5500.000000 4.362081 -70.522492 -66.160411 7174.147260 -66.160411 0.001466
551 5510.000000 4.184162 -70.521600 -66.337438 6881.530896 -66.337438 0.001474
552 5520.000000 4.250117 -70.505857 -66.255740 6990.003674 -66.255740 0.001489
553 5530.000000 4.024573 -70.477740 -66.453167 6619.060446 -66.453167 0.001508
554 5540.000000 4.259686 -70.453725 -66.194038 7005.742199 -66.194038 0.001536
555 5550.000000 4.127309 -70.432286 -66.304977 6788.027327 -66.304977 0.001566
556 5560.000000 4.298020 -70.427586 -66.129565 7068.788967 -66.129565 0.001585
557 5570.000000 4.172223 -70.435792 -66.263569 6861.894684 -66.263569 0.001597
558 5580.000000 4.309056 -70.472561 -66.163505 7086.938064 -66.163505 0.001603
559 5590.000000 4.308230 -70.516962 -66.208732 7085.580782 -66.208732 0.001602
560 5600.000000 4.430879 -70.581533 -66.150654 7287.296864 -66.150654 0.001596
561 5610.000000 4.687130 -70.650450 -65.963320 7708.742408 -65.963320 0.001583
562 5620.000000 4.652996 -70.704418 -66.051421 7652.604501 -66.051421 0.001574
563 5630.000000 4.599753 -70.734786 -66.135033 7565.037005 -66.135033 0.001570
564 5640.000000 4.623304 -70.730395 -66.107091 7603.770491 -66.107091 0.001572
565 5650.000000 4.747225 -70.706216 -65.958991 7807.578670 -65.958991 0.001577
566 5660.000000 4.722859 -70.682436 -65.959577 7767.505371 -65.959577 0.001582
567 5670.000000 4.798727 -70.662922 -65.864195 7892.281519 -65.864195 0.001590
568 5680.000000 4.710820 -70.632446 -65.921626 7747.705357 -65.921626 0.001591
569 5690.000000 4.739878 -70.602912 -65.863035 7795.494618 -65.863035 0.001589
570 5700.000000 4.652727 -70.583548 -65.930821 7652.161324 -65.930821 0.001589
571 5710.000000 4.694719 -70.566241 -65.871523 7721.223476 -65.871523 0.001586
572 5720.000000 4.626895 -70.548388 -65.921493 7609.675815 -65.921493 0.001581
573 5730.000000 4.671464 -70.517942 -65.846478 7682.976610 -65.846478 0.001573
574 5740.000000 4.756789 -70.482426 -65.725637 7823.308078 -65.725637 0.001567
575 5750.000000 4.579468 -70.433794 -65.854326 7531.675899 -65.854326 0.001560
576 5760.000000 4.590750 -70.406430 -65.815680 7550.230629 -65.815680 0.001553
577 5770.000000 4.602862 -70.415828 -65.812966 7570.149929 -65.812966 0.001541
578 5780.000000 4.647981 -70.444338 -65.796357 7644.355533 -65.796357 0.001531
579 5790.000000 4.781332 -70.470300 -65.688968 7863.673153 -65.688968 0.001519
580 5800.000000 4.655944 -70.467801 -65.811857 7657.452522 -65.811857 0.001505
581 5810.000000 4.674147 -70.462441 -65.788294 7687.390533 -65.788294 0.001490
582 5820.000000 4.985838 -70.437622 -65.451783 8200.016966 -65.451783 0.001480
583 5830.000000 4.973415 -70.422464 -65.449050 8179.583945 -65.449050 0.001466
584 5840.000000 5.047455 -70.432792 -65.385337 8301.354870 -65.385337 0.001444
585 5850.000000 4.963361 -70.445097 -65.481736 8163.049069 -65.481736 0.001425
586 5860.000000 5.200554 -70.453173 -65.252619 8553.151948 -65.252619 0.001409
587 5870.000000 5.166952 -70.449780 -65.282828 8497.887235 -65.282828 0.001400
588 5880.000000 5.190086 -70.434419 -65.244333 8535.935252 -65.244333 0.001396
589 5890.000000 5.146059 -70.407888 -65.261829 8463.525930 -65.261829 0.001404
590 5900.000000 5.113634 -70.391836 -65.278201 8410.197785 -65.278201 0.001408
591 5910.000000 4.941193 -70.383199 -65.442007 8126.589918 -65.442007 0.001422
592 5920.000000 4.931775 -70.373238 -65.441463 8111.100507 -65.441463 0.001442
593 5930.000000 4.867766 -70.365435 -65.497669 8005.827588 -65.497669 0.001465
594 5940.000000 4.924724 -70.375158 -65.450434 8099.504803 -65.450434 0.001480
595 5950.000000 4.615999 -70.403719 -65.787720 7591.755505 -65.787720 0.001494
596 5960.000000 4.651885 -70.431954 -65.780069 7650.776877 -65.780069 0.001498
597 5970.000000 4.779726 -70.468732 -65.689005 7861.032438 -65.689005 0.001500
598 5980.000000 4.864468 -70.496712 -65.632245 8000.402850 -65.632245 0.001504
599 5990.000000 4.815593 -70.521802 -65.706209 7920.021517 -65.706209 0.001510
600 6000.000000 4.728862 -70.556802 -65.827940 7777.377275 -65.827940 0.001516
601 6010.000000 4.758454 -70.591246 -65.832792 7826.045930 -65.832792 0.001526
602 6020.000000 4.632789 -70.617454 -65.984665 7619.370080 -65.984665 0.001538
603 6030.000000 4.673420 -70.618751 -65.945331 7686.194287 -65.945331 0.001569
604 6040.000000 4.621485 -70.588692 -65.967206 7600.779340 -65.967206 0.001605
605 6050.000000 4.565353 -70.538012 -65.972659 7508.460684 -65.972659 0.001646
606 6060.000000 4.680956 -70.481811 -65.800855 7698.588555 -65.800855 0.001677
607 6070.000000 4.799629 -70.437191 -65.637562 7893.765522 -65.637562 0.001687
608 6080.000000 4.914771 -70.427037 -65.512266 8083.135666 -65.512266 0.001680
609 6090.000000 4.854670 -70.457478 -65.602808 7984.288962 -65.602808 0.001657
610 6100.000000 4.830823 -70.512826 -65.682003 7945.069824 -65.682003 0.001627
611 6110.000000 4.914429 -70.550843 -65.636414 8082.571962 -65.636414 0.001591
612 6120.000000 4.847029 -70.548717 -65.701688 7971.722753 -65.701688 0.001559
613 6130.000000 4.859475 -70.521651 -65.662177 7992.191718 -65.662177 0.001537
614 6140.000000 4.806275 -70.493299 -65.687024 7904.696469 -65.687024 0.001523
615 6150.000000 5.028381 -70.466779 -65.438398 8269.985392 -65.438398 0.001518
616 6160.000000 4.979493 -70.434048 -65.454554 8189.581151 -65.454554 0.001516
617 6170.000000 4.876415 -70.411972 -65.535557 8020.051627 -65.535557 0.001512
618 6180.000000 5.035546 -70.407588 -65.372041 8281.769888 -65.372041 0.001510
619 6190.000000 4.841184 -70.419193 -65.578009 7962.109897 -65.578009 0.001510
620 6200.000000 4.696515 -70.443868 -65.747353 7724.178104 -65.747353 0.001504
621 6210.000000 4.907160 -70.481681 -65.574521 8070.617653 -65.574521 0.001492
622 6220.000000 4.863248 -70.513867 -65.650620 7998.396527 -65.650620 0.001487
623 6230.000000 4.692052 -70.528650 -65.836598 7716.838158 -65.836598 0.001491
624 6240.000000 4.800145 -70.531986 -65.731841 7894.614243 -65.731841 0.001495
625 6250.000000 4.750249 -70.534758 -65.784510 7812.551356 -65.784510 0.001495
626 6260.000000 5.141907 -70.528423 -65.386515 8456.697707 -65.386515 0.001504
627 6270.000000 5.019845 -70.510371 -65.490526 8255.946759 -65.490526 0.001514
628 6280.000000 4.815921 -70.498700 -65.682779 7920.560379 -65.682779 0.001528
629 6290.000000 4.709111 -70.494524 -65.785413 7744.894509 -65.785413 0.001544
630 6300.000000 4.603913 -70.490281 -65.886368 7571.878304 -65.886368 0.001555
631 6310.000000 4.721585 -70.497397 -65.775812 7765.408738 -65.775812 0.001570
632 6320.000000 4.521344 -70.502530 -65.981185 7436.081558 -65.981185 0.001585
633 6330.000000 4.679941 -70.492437 -65.812496 7696.919285 -65.812496 0.001597
634 6340.000000 4.811401 -70.474265 -65.662864 7913.126492 -65.662864 0.001608
635 6350.000000 4.639932 -70.476452 -65.836520 7631.118257 -65.836520 0.001621
636 6360.000000 4.654402 -70.480328 -65.825926 7654.915505 -65.825926 0.001633
637 6370.000000 4.445135 -70.510992 -66.065857 7310.742426 -66.065857 0.001639
638 6380.000000 4.513533 -70.561447 -66.047914 7423.234220 -66.047914 0.001636
639 6390.000000 4.565249 -70.608529 -66.043281 7508.289357 -66.043281 0.001632
640 6400.000000 4.619302 -70.632300 -66.012998 7597.188389 -66.012998 0.001627
641 6410.000000 4.424732 -70.636990 -66.212259 7277.186166 -66.212259 0.001625
642 6420.000000 4.482904 -70.628053 -66.145149 7372.859384 -66.145149 0.001624
643 6430.000000 4.612591 -70.632777 -66.020185 7586.151800 -66.020185 0.001614
644 6440.000000 4.707170 -70.624142 -65.916972 7741.702192 -65.916972 0.001600
645 6450.000000 4.600087 -70.608142 -66.008055 7565.587085 -66.008055 0.001583
646 6460.000000 4.648134 -70.607062 -65.958928 7644.607082 -65.958928 0.001567
647 6470.000000 4.661020 -70.616435 -65.955415 7665.801108 -65.955415 0.001548
648 6480.000000 4.757309 -70.637821 -65.880512 7824.163429 -65.880512 0.001531
649 6490.000000 4.762534 -70.643476 -65.880941 7832.757253 -65.880941 0.001520
650 6500.000000 4.795733 -70.639321 -65.843589 7887.357694 -65.843589 0.001513
651 6510.000000 5.191538 -70.635433 -65.443895 8538.322930 -65.443895 0.001516
652 6520.000000 5.355764 -70.634747 -65.278983 8808.419208 -65.278983 0.001525
653 6530.000000 5.134597 -70.632235 -65.497638 8444.675003 -65.497638 0.001534
654 6540.000000 5.038102 -70.625814 -65.587712 8285.973044 -65.587712 0.001547
655 6550.000000 5.161836 -70.624706 -65.462870 8489.473456 -65.462870 0.001559
656 6560.000000 5.305455 -70.628348 -65.322894 8725.677291 -65.322894 0.001568
657 6570.000000 5.503201 -70.642775 -65.139574 9050.903443 -65.139574 0.001567
658 6580.000000 5.702740 -70.665283 -64.962543 9379.077586 -64.962543 0.001571
659 6590.000000 5.587038 -70.690112 -65.103074 9188.786060 -65.103074 0.001573
660 6600.000000 5.351534 -70.696923 -65.345389 8801.462171 -65.345389 0.001578
661 6610.000000 5.400785 -70.683196 -65.282411 8882.464324 -65.282411 0.001581
662 6620.000000 5.402902 -70.659222 -65.256320 8885.945056 -65.256320 0.001579
663 6630.000000 5.299711 -70.619199 -65.319487 8716.231658 -65.319487 0.001574
664 6640.000000 4.987206 -70.582141 -65.594935 8202.266815 -65.594935 0.001565
665 6650.000000 4.919870 -70.562231 -65.642361 8091.521839 -65.642361 0.001547
666 6660.000000 4.924864 -70.551660 -65.626795 8099.735411 -65.626795 0.001531
667 6670.000000 4.940194 -70.549409 -65.609215 8124.947694 -65.609215 0.001513
668 6680.000000 4.823397 -70.548415 -65.725019 7932.855598 -65.725019 0.001500
669 6690.000000 4.871334 -70.540168 -65.668833 8011.696452 -65.668833 0.001481
670 6700.000000 4.840676 -70.530279 -65.689603 7961.274576 -65.689603 0.001465
671 6710.000000 4.904050 -70.521852 -65.617801 8065.503021 -65.617801 0.001445
672 6720.000000 4.813833 -70.510801 -65.696968 7917.125951 -65.696968 0.001430
673 6730.000000 4.833247 -70.508757 -65.675510 7949.055142 -65.675510 0.001418
674 6740.000000 4.736008 -70.504092 -65.768084 7789.130129 -65.768084 0.001410
675 6750.000000 4.507199 -70.498649 -65.991451 7412.816756 -65.991451 0.001401
676 6760.000000 4.488022 -70.493610 -66.005588 7381.277430 -66.005588 0.001393
677 6770.000000 4.599896 -70.487802 -65.887905 7565.272845 -65.887905 0.001388
678 6780.000000 4.527065 -70.488702 -65.961638 7445.489502 -65.961638 0.001387
679 6790.000000 4.607821 -70.505492 -65.897671 7578.306252 -65.897671 0.001384
680 6800.000000 4.666699 -70.537324 -65.870624 7675.140840 -65.870624 0.001380
681 6810.000000 4.982973 -70.573411 -65.590438 8195.304789 -65.590438 0.001381
682 6820.000000 4.996532 -70.600281 -65.603749 8217.604941 -65.603749 0.001385
683 6830.000000 5.170079 -70.616027 -65.445948 8503.030495 -65.445948 0.001398
684 6840.000000 5.073266 -70.617118 -65.543852 8343.805427 -65.543852 0.001417
685 6850.000000 4.945508 -70.613880 -65.668372 8133.687685 -65.668372 0.001434
686 6860.000000 4.820708 -70.604820 -65.784112 7928.433586 -65.784112 0.001456
687 6870.000000 4.985551 -70.608047 -65.622496 8199.544485 -65.622496 0.001479
688 6880.000000 4.755692 -70.626732 -65.871039 7821.504535 -65.871039 0.001486
689 6890.000000 4.901936 -70.645658 -65.743721 8062.026246 -65.743721 0.001489
690 6900.000000 4.903529 -70.665280 -65.761751 8064.645008 -65.761751 0.001487
691 6910.000000 5.099110 -70.673076 -65.573965 8386.311024 -65.573965 0.001487
692 6920.000000 5.304841 -70.677303 -65.372462 8724.668438 -65.372462 0.001500
693 6930.000000 5.030234 -70.667174 -65.636941 8273.032236 -65.636941 0.001515
694 6940.000000 5.007948 -70.629907 -65.621958 8236.380283 -65.621958 0.001530
695 6950.000000 5.038490 -70.578926 -65.540436 8286.611348 -65.540436 0.001551
696 6960.000000 4.949827 -70.521177 -65.571350 8140.790260 -65.571350 0.001569
697 6970.000000 4.685772 -70.463173 -65.777401 7706.509489 -65.777401 0.001578
698 6980.000000 4.691787 -70.456641 -65.764853 7716.402627 -65.764853 0.001567
699 6990.000000 4.781439 -70.497476 -65.716037 7863.849191 -65.716037 0.001542
700 7000.000000 4.572560 -70.540475 -65.967915 7520.314305 -65.967915 0.001511
701 7010.000000 4.540836 -70.567583 -66.026746 7468.139239 -66.026746 0.001477
702 7020.000000 4.819217 -70.586872 -65.767655 7925.981034 -65.767655 0.001440
703 7030.000000 4.888971 -70.593896 -65.704925 8040.703165 -65.704925 0.001409
704 7040.000000 5.061770 -70.590935 -65.529165 8324.898661 -65.529165 0.001386
705 7050.000000 4.965408 -70.579274 -65.613866 8166.416488 -65.613866 0.001373
706 7060.000000 4.868993 -70.565970 -65.696976 8007.846484 -65.696976 0.001365
707 7070.000000 4.800797 -70.558268 -65.757471 7895.687016 -65.757471 0.001358
708 7080.000000 4.622157 -70.544257 -65.922100 7601.883717 -65.922100 0.001348
709 7090.000000 4.648044 -70.526204 -65.878160 7644.459733 -65.878160 0.001343
710 7100.000000 4.605396 -70.504004 -65.898609 7574.317518 -65.898609 0.001340
711 7110.000000 4.542381 -70.467791 -65.925410 7470.678874 -65.925410 0.001341
712 7120.000000 4.528994 -70.425837 -65.896843 7448.662154 -65.896843 0.001345
713 7130.000000 4.549135 -70.408930 -65.859795 7481.787246 -65.859795 0.001354
714 7140.000000 4.630438 -70.395342 -65.764904 7615.503615 -65.764904 0.001363
715 7150.000000 4.733781 -70.372346 -65.638565 7785.467295 -65.638565 0.001378
716 7160.000000 4.889058 -70.344315 -65.455257 8040.845186 -65.455257 0.001399
717 7170.000000 4.879665 -70.296013 -65.416348 8025.397613 -65.416348 0.001423
718 7180.000000 4.652856 -70.264178 -65.611322 7652.372929 -65.611322 0.001446
719 7190.000000 4.753776 -70.247911 -65.494135 7818.352409 -65.494135 0.001464
720 7200.000000 4.785282 -70.259848 -65.474566 7870.168736 -65.474566 0.001473
721 7210.000000 4.964973 -70.289443 -65.324471 8165.699811 -65.324471 0.001475
722 7220.000000 5.141177 -70.321846 -65.180669 8455.496819 -65.180669 0.001473
723 7230.000000 5.141665 -70.335710 -65.194044 8456.299309 -65.194044 0.001476
724 7240.000000 5.110256 -70.324477 -65.214221 8404.642274 -65.214221 0.001475
725 7250.000000 5.201612 -70.290947 -65.089335 8554.891329 -65.089335 0.001476
726 7260.000000 5.217776 -70.247653 -65.029878 8581.475414 -65.029878 0.001484
727 7270.000000 5.226959 -70.214528 -64.987569 8596.579263 -64.987569 0.001488
728 7280.000000 5.309244 -70.200519 -64.891275 8731.909391 -64.891275 0.001489
729 7290.000000 5.083705 -70.184563 -65.100857 8360.974893 -65.100857 0.001486
730 7300.000000 4.840221 -70.170537 -65.330316 7960.525859 -65.330316 0.001486
731 7310.000000 4.922384 -70.156553 -65.234169 8095.655364 -65.234169 0.001482
732 7320.000000 4.914646 -70.130960 -65.216314 8082.929597 -65.216314 0.001476
733 7330.000000 4.878163 -70.100847 -65.222684 8022.927862 -65.222684 0.001473
734 7340.000000 4.850211 -70.069124 -65.218913 7976.955836 -65.218913 0.001475
735 7350.000000 4.963151 -70.039353 -65.076202 8162.703779 -65.076202 0.001475
736 7360.000000 5.113479 -70.024630 -64.911151 8409.942486 -64.911151 0.001474
