# istep , time , K , V , E , T , H_eff, P
1 10.000000 5.024233 -70.135892 -65.111660 8263.162253 -65.111660 0.002114
2 20.000000 5.133688 -70.213736 -65.080048 8443.178764 -65.080048 0.002088
3 30.000000 5.062613 -70.284343 -65.221730 8326.284646 -65.221730 0.002070
4 40.000000 5.149927 -70.330712 -65.180785 8469.887038 -65.180785 0.002064
5 50.000000 5.140465 -70.343582 -65.203116 8454.326107 -65.203116 0.002060
6 60.000000 5.082361 -70.325074 -65.242713 8358.763563 -65.242713 0.002064
7 70.000000 5.003976 -70.271618 -65.267642 8229.846530 -65.267642 0.002076
8 80.000000 4.899346 -70.197495 -65.298149 8057.766243 -65.298149 0.002084
9 90.000000 5.151988 -70.140693 -64.988705 8473.277487 -64.988705 0.002088
10 100.000000 5.285513 -70.115817 -64.830305 8692.879538 -64.830305 0.002083
11 110.000000 5.243760 -70.116005 -64.872244 8624.211267 -64.872244 0.002068
12 120.000000 5.186678 -70.114259 -64.927581 8530.330790 -64.927581 0.002053
13 130.000000 5.309818 -70.090753 -64.780935 8732.853960 -64.780935 0.002038
14 140.000000 5.309036 -70.060468 -64.751432 8731.567672 -64.751432 0.002028
15 150.000000 5.288981 -70.032951 -64.743969 8698.584629 -64.743969 0.002014
16 160.000000 5.399419 -70.019933 -64.620514 8880.216816 -64.620514 0.002007
17 170.000000 5.693999 -70.013567 -64.319568 9364.701293 -64.319568 0.002004
18 180.000000 5.442784 -70.030217 -64.587433 8951.537789 -64.587433 0.001998
19 190.000000 5.428858 -70.058523 -64.629666 8928.633700 -64.629666 0.001987
20 200.000000 5.263947 -70.089353 -64.825406 8657.412022 -64.825406 0.001971
21 210.000000 5.149986 -70.112508 -64.962523 8469.983691 -64.962523 0.001960
22 220.000000 5.301259 -70.122444 -64.821185 8718.777476 -64.821185 0.001948
23 230.000000 5.593660 -70.128408 -64.534748 9199.677894 -64.534748 0.001945
24 240.000000 5.576760 -70.124179 -64.547420 9171.882134 -64.547420 0.001950
25 250.000000 5.628716 -70.104023 -64.475307 9257.332683 -64.475307 0.001962
26 260.000000 5.520233 -70.083658 -64.563425 9078.914966 -64.563425 0.001977
27 270.000000 5.350575 -70.064431 -64.713856 8799.885642 -64.713856 0.001993
28 280.000000 5.277523 -70.051843 -64.774319 8679.739934 -64.774319 0.002004
29 290.000000 5.282848 -70.041171 -64.758323 8688.496918 -64.758323 0.002012
30 300.000000 5.100902 -70.023689 -64.922787 8389.258232 -64.922787 0.002021
31 310.000000 5.041225 -70.010848 -64.969623 8291.109534 -64.969623 0.002028
32 320.000000 5.245926 -70.008415 -64.762489 8627.772640 -64.762489 0.002026
33 330.000000 5.330038 -70.014213 -64.684174 8766.109494 -64.684174 0.002022
34 340.000000 5.199227 -70.009130 -64.809903 8550.968602 -64.809903 0.002019
35 350.000000 5.124380 -69.998549 -64.874169 8427.871233 -64.874169 0.002013
36 360.000000 4.999792 -69.970407 -64.970614 8222.966594 -64.970614 0.002015
37 370.000000 4.982580 -69.926393 -64.943813 8194.657694 -64.943813 0.002025
38 380.000000 4.987675 -69.878816 -64.891140 8203.037922 -64.891140 0.002036
39 390.000000 4.817370 -69.853170 -65.035799 7922.944213 -65.035799 0.002034
40 400.000000 4.986331 -69.870253 -64.883921 8200.827755 -64.883921 0.002015
41 410.000000 4.916201 -69.922384 -65.006182 8085.487634 -65.006182 0.001987
42 420.000000 5.075982 -69.984447 -64.908465 8348.272824 -64.908465 0.001953
43 430.000000 5.215871 -70.014058 -64.798187 8578.342685 -64.798187 0.001930
44 440.000000 5.346373 -70.012137 -64.665763 8792.974714 -64.665763 0.001918
45 450.000000 5.325594 -69.971173 -64.645579 8758.799377 -64.645579 0.001905
46 460.000000 5.139407 -69.907488 -64.768080 8452.585996 -64.768080 0.001901
47 470.000000 4.935006 -69.842467 -64.907461 8116.414844 -64.907461 0.001892
48 480.000000 4.894052 -69.786344 -64.892292 8049.058847 -64.892292 0.001877
49 490.000000 4.970126 -69.778298 -64.808172 8174.175816 -64.808172 0.001844
50 500.000000 4.978488 -69.792893 -64.814405 8187.927435 -64.814405 0.001808
51 510.000000 5.021781 -69.815110 -64.793329 8259.129996 -64.793329 0.001775
52 520.000000 4.886851 -69.823512 -64.936661 8037.216167 -64.936661 0.001753
53 530.000000 4.976477 -69.818823 -64.842346 8184.621241 -64.842346 0.001734
54 540.000000 5.068671 -69.805946 -64.737274 8336.249161 -64.737274 0.001719
55 550.000000 5.168034 -69.791581 -64.623547 8499.667300 -64.623547 0.001708
56 560.000000 5.029716 -69.779604 -64.749888 8272.180670 -64.749888 0.001706
57 570.000000 5.217459 -69.761487 -64.544028 8580.955104 -64.544028 0.001711
58 580.000000 5.185108 -69.745090 -64.559982 8527.747731 -64.559982 0.001722
59 590.000000 5.453455 -69.730223 -64.276768 8969.088515 -64.276768 0.001741
60 600.000000 5.470086 -69.720078 -64.249992 8996.440230 -64.249992 0.001766
61 610.000000 5.603931 -69.751877 -64.147946 9216.570560 -64.147946 0.001781
62 620.000000 5.487058 -69.807425 -64.320367 9024.353665 -64.320367 0.001797
63 630.000000 5.542728 -69.892885 -64.350157 9115.912524 -64.350157 0.001813
64 640.000000 5.499935 -69.968846 -64.468911 9045.532095 -64.468911 0.001827
65 650.000000 5.600463 -70.029244 -64.428781 9210.866028 -64.428781 0.001852
66 660.000000 5.657227 -70.062380 -64.405153 9304.223612 -64.405153 0.001889
67 670.000000 5.489194 -70.073812 -64.584619 9027.865747 -64.584619 0.001933
68 680.000000 5.254818 -70.058542 -64.803724 8642.396764 -64.803724 0.001982
69 690.000000 5.283004 -70.046254 -64.763250 8688.754106 -64.763250 0.002024
70 700.000000 5.134618 -70.038913 -64.904294 8444.709585 -64.904294 0.002066
71 710.000000 5.076658 -70.056900 -64.980242 8349.384346 -64.980242 0.002096
72 720.000000 4.985398 -70.083858 -65.098459 8199.293380 -65.098459 0.002108
73 730.000000 5.047292 -70.138315 -65.091023 8301.087259 -65.091023 0.002107
74 740.000000 5.100176 -70.199694 -65.099518 8388.063691 -65.099518 0.002096
75 750.000000 5.186162 -70.266003 -65.079840 8529.481992 -65.079840 0.002079
76 760.000000 5.306677 -70.321708 -65.015031 8727.688300 -65.015031 0.002057
77 770.000000 5.498064 -70.360163 -64.862099 9042.454725 -64.862099 0.002037
78 780.000000 5.687051 -70.375591 -64.688540 9353.275077 -64.688540 0.002026
79 790.000000 5.680708 -70.375549 -64.694841 9342.842014 -64.694841 0.002023
80 800.000000 5.600306 -70.351557 -64.751251 9210.608132 -64.751251 0.002032
81 810.000000 5.324099 -70.331458 -65.007359 8756.341763 -65.007359 0.002042
82 820.000000 5.204450 -70.319540 -65.115090 8559.558640 -65.115090 0.002045
83 830.000000 5.224004 -70.317330 -65.093326 8591.718222 -65.093326 0.002042
84 840.000000 5.273254 -70.310966 -65.037711 8672.718750 -65.037711 0.002041
85 850.000000 5.380113 -70.302758 -64.922645 8848.464382 -64.922645 0.002044
86 860.000000 5.465021 -70.287949 -64.822928 8988.109748 -64.822928 0.002034
87 870.000000 5.178951 -70.273454 -65.094503 8517.621657 -65.094503 0.002026
88 880.000000 5.375015 -70.258136 -64.883121 8840.081348 -64.883121 0.002024
89 890.000000 5.591079 -70.234369 -64.643291 9195.432310 -64.643291 0.002017
90 900.000000 5.402270 -70.188888 -64.786618 8884.905395 -64.786618 0.002012
91 910.000000 5.384252 -70.135358 -64.751106 8855.273244 -64.751106 0.002000
92 920.000000 5.337737 -70.096900 -64.759163 8778.770409 -64.759163 0.001983
93 930.000000 5.243255 -70.098185 -64.854930 8623.379531 -64.854930 0.001955
94 940.000000 5.278902 -70.118060 -64.839158 8682.007140 -64.839158 0.001931
95 950.000000 5.283675 -70.123023 -64.839348 8689.857499 -64.839348 0.001899
96 960.000000 5.186841 -70.111883 -64.925042 8530.598890 -64.925042 0.001876
97 970.000000 5.022821 -70.075534 -65.052713 8260.840945 -65.052713 0.001866
98 980.000000 5.310031 -70.019308 -64.709277 8733.203840 -64.709277 0.001867
99 990.000000 5.200347 -69.949248 -64.748902 8552.810238 -64.748902 0.001872
100 1000.000000 5.273347 -69.867673 -64.594326 8672.870682 -64.594326 0.001885
101 1010.000000 5.088787 -69.805278 -64.716491 8369.332883 -64.716491 0.001893
102 1020.000000 5.000995 -69.763536 -64.762541 8224.944389 -64.762541 0.001899
103 1030.000000 5.016824 -69.751696 -64.734872 8250.978132 -64.734872 0.001892
104 1040.000000 5.018830 -69.760729 -64.741900 8254.276321 -64.741900 0.001879
105 1050.000000 5.154281 -69.783380 -64.629100 8477.047476 -64.629100 0.001858
106 1060.000000 5.125646 -69.824617 -64.698971 8429.953508 -64.698971 0.001832
107 1070.000000 5.066389 -69.870164 -64.803776 8332.495276 -64.803776 0.001813
108 1080.000000 5.142906 -69.909253 -64.766347 8458.340572 -64.766347 0.001796
109 1090.000000 5.330852 -69.921204 -64.590352 8767.446835 -64.590352 0.001791
110 1100.000000 5.239117 -69.909867 -64.670750 8616.574279 -64.670750 0.001799
111 1110.000000 5.117804 -69.875987 -64.758183 8417.055074 -64.758183 0.001808
112 1120.000000 5.223958 -69.826513 -64.602556 8591.642792 -64.602556 0.001817
113 1130.000000 5.025582 -69.793402 -64.767820 8265.382166 -64.767820 0.001824
114 1140.000000 4.989475 -69.795882 -64.806407 8205.997754 -64.806407 0.001824
115 1150.000000 4.995723 -69.820139 -64.824416 8216.274309 -64.824416 0.001821
116 1160.000000 5.271216 -69.845608 -64.574392 8669.367207 -64.574392 0.001811
117 1170.000000 5.079516 -69.850653 -64.771137 8354.084899 -64.771137 0.001810
118 1180.000000 5.292453 -69.842764 -64.550311 8704.294197 -64.550311 0.001814
119 1190.000000 5.309184 -69.838155 -64.528971 8731.810541 -64.528971 0.001820
120 1200.000000 5.083681 -69.832429 -64.748749 8360.934449 -64.748749 0.001836
121 1210.000000 4.825128 -69.830927 -65.005799 7935.702401 -65.005799 0.001849
122 1220.000000 4.712507 -69.854840 -65.142332 7750.479616 -65.142332 0.001858
123 1230.000000 4.623177 -69.899574 -65.276397 7603.561863 -65.276397 0.001863
124 1240.000000 4.781454 -69.947716 -65.166262 7863.873139 -65.166262 0.001861
125 1250.000000 4.807158 -69.999086 -65.191927 7906.148623 -65.191927 0.001857
126 1260.000000 4.794095 -70.029255 -65.235160 7884.664058 -65.235160 0.001861
127 1270.000000 4.785727 -70.046508 -65.260781 7870.900745 -65.260781 0.001869
128 1280.000000 4.858976 -70.046807 -65.187832 7991.370693 -65.187832 0.001887
129 1290.000000 4.818461 -70.036952 -65.218491 7924.737350 -65.218491 0.001913
130 1300.000000 4.848368 -70.032734 -65.184366 7973.924956 -65.184366 0.001943
131 1310.000000 4.695667 -70.037026 -65.341359 7722.783346 -65.341359 0.001970
132 1320.000000 4.854166 -70.053971 -65.199805 7983.459624 -65.199805 0.001996
133 1330.000000 5.014295 -70.078127 -65.063832 8246.817585 -65.063832 0.002024
134 1340.000000 5.272581 -70.110308 -64.837728 8671.611031 -64.837728 0.002048
135 1350.000000 5.377071 -70.140116 -64.763045 8843.462686 -64.763045 0.002069
136 1360.000000 5.413483 -70.160887 -64.747404 8903.348106 -64.747404 0.002084
137 1370.000000 5.305472 -70.172124 -64.866651 8725.706644 -64.866651 0.002097
138 1380.000000 5.147539 -70.185021 -65.037481 8465.960314 -65.037481 0.002111
139 1390.000000 5.234054 -70.166559 -64.932505 8608.247923 -64.932505 0.002126
140 1400.000000 5.045698 -70.156806 -65.111109 8298.465044 -65.111109 0.002132
141 1410.000000 4.906683 -70.152018 -65.245335 8069.832777 -65.245335 0.002131
142 1420.000000 4.879278 -70.160746 -65.281468 8024.760810 -65.281468 0.002121
143 1430.000000 5.007675 -70.156972 -65.149297 8235.930633 -65.149297 0.002107
144 1440.000000 5.055240 -70.147376 -65.092136 8314.159057 -65.092136 0.002095
145 1450.000000 5.182623 -70.147220 -64.964597 8523.661230 -64.964597 0.002074
146 1460.000000 5.212761 -70.143281 -64.930520 8573.228200 -64.930520 0.002054
147 1470.000000 5.100187 -70.121878 -65.021691 8388.081961 -65.021691 0.002046
148 1480.000000 5.050024 -70.078629 -65.028605 8305.580299 -65.028605 0.002052
149 1490.000000 5.050433 -70.037011 -64.986578 8306.253075 -64.986578 0.002063
150 1500.000000 5.002016 -69.994457 -64.992441 8226.622789 -64.992441 0.002074
151 1510.000000 5.043553 -69.974715 -64.931162 8294.937473 -64.931162 0.002084
152 1520.000000 4.944138 -69.982677 -65.038539 8131.433311 -65.038539 0.002088
153 1530.000000 4.878916 -69.989810 -65.110894 8024.165793 -65.110894 0.002087
154 1540.000000 4.830813 -69.988254 -65.157441 7945.051989 -65.157441 0.002095
155 1550.000000 4.773994 -69.962949 -65.188955 7851.604579 -65.188955 0.002107
156 1560.000000 4.670297 -69.933115 -65.262818 7681.058688 -65.262818 0.002121
157 1570.000000 4.611934 -69.908187 -65.296253 7585.071080 -65.296253 0.002133
158 1580.000000 4.577426 -69.907080 -65.329654 7528.317073 -65.329654 0.002133
159 1590.000000 4.450395 -69.933050 -65.482656 7319.393380 -65.482656 0.002126
160 1600.000000 4.677848 -69.972478 -65.294630 7693.477295 -65.294630 0.002112
161 1610.000000 4.537626 -70.021017 -65.483391 7462.859947 -65.483391 0.002095
162 1620.000000 4.497480 -70.063218 -65.565739 7396.831978 -65.565739 0.002082
163 1630.000000 4.569084 -70.091102 -65.522018 7514.597297 -65.522018 0.002077
164 1640.000000 4.647985 -70.108621 -65.460637 7644.362228 -65.460637 0.002077
165 1650.000000 4.683652 -70.115987 -65.432335 7703.022096 -65.432335 0.002079
166 1660.000000 4.721124 -70.129398 -65.408274 7764.652074 -65.408274 0.002078
167 1670.000000 4.880287 -70.133354 -65.253067 8026.420949 -65.253067 0.002076
168 1680.000000 4.852570 -70.139736 -65.287167 7980.834806 -65.287167 0.002068
169 1690.000000 4.602115 -70.162892 -65.560777 7568.921615 -65.560777 0.002053
170 1700.000000 4.579148 -70.181521 -65.602373 7531.149026 -65.602373 0.002044
171 1710.000000 4.740919 -70.211269 -65.470350 7797.207412 -65.470350 0.002031
172 1720.000000 4.545967 -70.240961 -65.694993 7476.577714 -65.694993 0.002018
173 1730.000000 4.570691 -70.269256 -65.698566 7517.239582 -65.698566 0.002006
174 1740.000000 4.571086 -70.294273 -65.723187 7517.889593 -65.723187 0.001994
175 1750.000000 4.583800 -70.315855 -65.732055 7538.799733 -65.732055 0.001981
176 1760.000000 4.852166 -70.327568 -65.475403 7980.170420 -65.475403 0.001969
177 1770.000000 5.070600 -70.317554 -65.246954 8339.421467 -65.246954 0.001966
178 1780.000000 5.003595 -70.302927 -65.299332 8229.220919 -65.299332 0.001963
179 1790.000000 5.131785 -70.288839 -65.157053 8440.049871 -65.157053 0.001959
180 1800.000000 5.145906 -70.277278 -65.131372 8463.274076 -65.131372 0.001951
181 1810.000000 5.138415 -70.261129 -65.122714 8450.953448 -65.122714 0.001951
182 1820.000000 5.080401 -70.243315 -65.162914 8355.540489 -65.162914 0.001952
183 1830.000000 5.021461 -70.216682 -65.195221 8258.604023 -65.195221 0.001958
184 1840.000000 5.036573 -70.189604 -65.153031 8283.458676 -65.153031 0.001966
185 1850.000000 4.946506 -70.155446 -65.208940 8135.327710 -65.208940 0.001977
186 1860.000000 4.720940 -70.104125 -65.383185 7764.348687 -65.383185 0.001999
187 1870.000000 4.814401 -70.046177 -65.231776 7918.060062 -65.231776 0.002025
188 1880.000000 4.718239 -69.987931 -65.269692 7759.906508 -65.269692 0.002042
189 1890.000000 4.379967 -69.920336 -65.540369 7203.563901 -65.540369 0.002064
190 1900.000000 4.241653 -69.875508 -65.633856 6976.083022 -65.633856 0.002066
191 1910.000000 4.332237 -69.857154 -65.524917 7125.063253 -65.524917 0.002056
192 1920.000000 4.434785 -69.854094 -65.419309 7293.721327 -65.419309 0.002042
193 1930.000000 4.468694 -69.854761 -65.386066 7349.490077 -65.386066 0.002025
194 1940.000000 4.424116 -69.834107 -65.409991 7276.174305 -65.409991 0.002015
195 1950.000000 4.440444 -69.822095 -65.381651 7303.027597 -65.381651 0.002004
196 1960.000000 4.367497 -69.820311 -65.452815 7183.054131 -65.452815 0.001986
197 1970.000000 4.286386 -69.837813 -65.551427 7049.654865 -65.551427 0.001959
198 1980.000000 4.447342 -69.856164 -65.408821 7314.372958 -65.408821 0.001938
199 1990.000000 4.794131 -69.877077 -65.082946 7884.723743 -65.082946 0.001924
200 2000.000000 4.695308 -69.898727 -65.203419 7722.193085 -65.203419 0.001924
201 2010.000000 4.543227 -69.917460 -65.374233 7472.070956 -65.374233 0.001933
202 2020.000000 4.674629 -69.916084 -65.241454 7688.183075 -65.241454 0.001958
203 2030.000000 4.535797 -69.900471 -65.364673 7459.851396 -65.364673 0.001989
204 2040.000000 4.489882 -69.876651 -65.386769 7384.336870 -65.386769 0.002023
205 2050.000000 4.615475 -69.865978 -65.250504 7590.893634 -65.250504 0.002055
206 2060.000000 4.664933 -69.883122 -65.218189 7672.236415 -65.218189 0.002083
207 2070.000000 4.741125 -69.937811 -65.196686 7797.545535 -65.196686 0.002089
208 2080.000000 4.475815 -70.010682 -65.534866 7361.201406 -65.534866 0.002082
209 2090.000000 4.511590 -70.086698 -65.575109 7420.038051 -65.575109 0.002065
210 2100.000000 4.440692 -70.154677 -65.713984 7303.436184 -65.713984 0.002044
211 2110.000000 4.485974 -70.204140 -65.718167 7377.908376 -65.718167 0.002027
212 2120.000000 4.460697 -70.241946 -65.781249 7336.336795 -65.781249 0.002007
213 2130.000000 4.590871 -70.265669 -65.674798 7550.429510 -65.674798 0.001991
214 2140.000000 4.610206 -70.264718 -65.654513 7582.227940 -65.654513 0.001978
215 2150.000000 4.753055 -70.262408 -65.509353 7817.166241 -65.509353 0.001968
216 2160.000000 4.631787 -70.259592 -65.627806 7617.721599 -65.627806 0.001950
217 2170.000000 4.521904 -70.269989 -65.748085 7437.001854 -65.748085 0.001924
218 2180.000000 4.313712 -70.285402 -65.971690 7094.596513 -65.971690 0.001900
219 2190.000000 4.306059 -70.294430 -65.988370 7082.010618 -65.988370 0.001885
220 2200.000000 4.358297 -70.291002 -65.932705 7167.923870 -65.932705 0.001875
221 2210.000000 4.269073 -70.275043 -66.005970 7021.180609 -66.005970 0.001871
222 2220.000000 4.277892 -70.252388 -65.974496 7035.684223 -65.974496 0.001871
223 2230.000000 4.168345 -70.231220 -66.062875 6855.517317 -66.062875 0.001878
224 2240.000000 4.068033 -70.208860 -66.140827 6690.537338 -66.140827 0.001893
225 2250.000000 4.106795 -70.190892 -66.084097 6754.287217 -66.084097 0.001905
226 2260.000000 3.891578 -70.185336 -66.293759 6400.328817 -66.293759 0.001919
227 2270.000000 3.816899 -70.195484 -66.378586 6277.507114 -66.378586 0.001929
228 2280.000000 3.895089 -70.212181 -66.317092 6406.102709 -66.317092 0.001930
229 2290.000000 3.997972 -70.234582 -66.236610 6575.310201 -66.236610 0.001928
230 2300.000000 4.146617 -70.241770 -66.095153 6819.782094 -66.095153 0.001931
231 2310.000000 4.293379 -70.232969 -65.939590 7061.154877 -65.939590 0.001934
232 2320.000000 4.212155 -70.210280 -65.998125 6927.570312 -65.998125 0.001938
233 2330.000000 4.311234 -70.187486 -65.876252 7090.521216 -65.876252 0.001938
234 2340.000000 4.620329 -70.166052 -65.545723 7598.877200 -65.545723 0.001939
235 2350.000000 4.752390 -70.132740 -65.380349 7816.073610 -65.380349 0.001946
236 2360.000000 5.001685 -70.101161 -65.099476 8226.079400 -65.099476 0.001959
237 2370.000000 4.969782 -70.084064 -65.114282 8173.609824 -65.114282 0.001967
238 2380.000000 5.139619 -70.107963 -64.968344 8452.934359 -64.968344 0.001968
239 2390.000000 4.959126 -70.143375 -65.184249 8156.084802 -65.184249 0.001965
240 2400.000000 4.884855 -70.180602 -65.295747 8033.933710 -65.295747 0.001963
241 2410.000000 4.874619 -70.202924 -65.328305 8017.098311 -65.328305 0.001965
242 2420.000000 4.674043 -70.224503 -65.550459 7687.219162 -65.550459 0.001962
243 2430.000000 4.678454 -70.255422 -65.576969 7694.472882 -65.576969 0.001955
244 2440.000000 4.604056 -70.300400 -65.696344 7572.113598 -65.696344 0.001943
245 2450.000000 4.671616 -70.353068 -65.681453 7683.227205 -65.681453 0.001937
246 2460.000000 4.773372 -70.389592 -65.616219 7850.582103 -65.616219 0.001933
247 2470.000000 4.752372 -70.398919 -65.646547 7816.043846 -65.646547 0.001940
248 2480.000000 4.736960 -70.376543 -65.639583 7790.695848 -65.639583 0.001957
249 2490.000000 4.723498 -70.338446 -65.614948 7768.555475 -65.614948 0.001973
250 2500.000000 4.613897 -70.279902 -65.666005 7588.298759 -65.666005 0.001997
251 2510.000000 4.609077 -70.212958 -65.603882 7580.371243 -65.603882 0.002023
252 2520.000000 4.716183 -70.158613 -65.442431 7756.524410 -65.442431 0.002033
253 2530.000000 4.899096 -70.141254 -65.242157 8057.355383 -65.242157 0.002026
254 2540.000000 4.794985 -70.157119 -65.362134 7886.127292 -65.362134 0.002002
255 2550.000000 4.863593 -70.196023 -65.332430 7998.964715 -65.332430 0.001965
256 2560.000000 4.651922 -70.225133 -65.573210 7650.837581 -65.573210 0.001928
257 2570.000000 4.713885 -70.231240 -65.517355 7752.745309 -65.517355 0.001893
258 2580.000000 4.782957 -70.224837 -65.441880 7866.344970 -65.441880 0.001867
259 2590.000000 4.845448 -70.208203 -65.362755 7969.122142 -65.362755 0.001847
260 2600.000000 4.970566 -70.193932 -65.223366 8174.899171 -65.223366 0.001830
261 2610.000000 4.873862 -70.186199 -65.312337 8015.853700 -65.312337 0.001817
262 2620.000000 4.976027 -70.185774 -65.209748 8183.880145 -65.209748 0.001802
263 2630.000000 4.837484 -70.195017 -65.357532 7956.024616 -65.357532 0.001790
264 2640.000000 4.856165 -70.221688 -65.365524 7986.747252 -65.365524 0.001790
265 2650.000000 5.060303 -70.242521 -65.182218 8322.485568 -65.182218 0.001798
266 2660.000000 4.969623 -70.265791 -65.296168 8173.347973 -65.296168 0.001815
267 2670.000000 5.068116 -70.284464 -65.216348 8335.335674 -65.216348 0.001840
268 2680.000000 4.932699 -70.306204 -65.373505 8112.620712 -65.373505 0.001868
269 2690.000000 4.974499 -70.337343 -65.362844 8181.367409 -65.362844 0.001898
270 2700.000000 5.003394 -70.363264 -65.359869 8228.890336 -65.359869 0.001931
271 2710.000000 4.837379 -70.380995 -65.543616 7955.851578 -65.543616 0.001963
272 2720.000000 4.748965 -70.406932 -65.657967 7810.440585 -65.657967 0.001993
273 2730.000000 4.643229 -70.423855 -65.780626 7636.540639 -65.780626 0.002020
274 2740.000000 4.747845 -70.419197 -65.671352 7808.599047 -65.671352 0.002047
275 2750.000000 4.774375 -70.411398 -65.637023 7852.230359 -65.637023 0.002076
276 2760.000000 4.734075 -70.416592 -65.682517 7785.950662 -65.682517 0.002105
277 2770.000000 4.777303 -70.435563 -65.658260 7857.046822 -65.658260 0.002124
278 2780.000000 4.615401 -70.449034 -65.833633 7590.773072 -65.833633 0.002140
279 2790.000000 4.655998 -70.453400 -65.797402 7657.541775 -65.797402 0.002161
280 2800.000000 4.557449 -70.461251 -65.903802 7495.461634 -65.903802 0.002178
281 2810.000000 4.573821 -70.474376 -65.900555 7522.387807 -65.900555 0.002187
282 2820.000000 4.752425 -70.490197 -65.737772 7816.130235 -65.737772 0.002195
283 2830.000000 4.828397 -70.494783 -65.666386 7941.079876 -65.666386 0.002201
284 2840.000000 4.954162 -70.485551 -65.531389 8147.919401 -65.531389 0.002197
285 2850.000000 4.940412 -70.457817 -65.517404 8125.306256 -65.517404 0.002184
286 2860.000000 4.855716 -70.422391 -65.566674 7986.010207 -65.566674 0.002166
287 2870.000000 5.094719 -70.393148 -65.298429 8379.088619 -65.298429 0.002138
288 2880.000000 4.866211 -70.364221 -65.498010 8003.271097 -65.498010 0.002101
289 2890.000000 4.924288 -70.321525 -65.397237 8098.787540 -65.397237 0.002060
290 2900.000000 4.853205 -70.278839 -65.425634 7981.879250 -65.425634 0.002015
291 2910.000000 4.704966 -70.231536 -65.526571 7738.076391 -65.526571 0.001980
292 2920.000000 4.836287 -70.185421 -65.349133 7954.056220 -65.349133 0.001946
293 2930.000000 4.950693 -70.136309 -65.185616 8142.213831 -65.185616 0.001917
294 2940.000000 4.718024 -70.103585 -65.385561 7759.552912 -65.385561 0.001891
295 2950.000000 4.778716 -70.079764 -65.301047 7859.371299 -65.301047 0.001866
296 2960.000000 4.893471 -70.068807 -65.175336 8048.103492 -65.175336 0.001840
297 2970.000000 4.843787 -70.063150 -65.219363 7966.390159 -65.219363 0.001817
298 2980.000000 4.600049 -70.039078 -65.439029 7565.523479 -65.439029 0.001799
299 2990.000000 4.657283 -70.009862 -65.352579 7659.655111 -65.352579 0.001783
300 3000.000000 4.634359 -69.970787 -65.336428 7621.952444 -65.336428 0.001778
301 3010.000000 4.792035 -69.935637 -65.143601 7881.276394 -65.143601 0.001774
302 3020.000000 4.740951 -69.904620 -65.163669 7797.259343 -65.163669 0.001779
303 3030.000000 4.664745 -69.875053 -65.210308 7671.926643 -65.210308 0.001787
304 3040.000000 4.471488 -69.856178 -65.384689 7354.085331 -65.384689 0.001791
305 3050.000000 4.641955 -69.860730 -65.218775 7634.445123 -65.218775 0.001787
306 3060.000000 4.760622 -69.879843 -65.119221 7829.612530 -65.119221 0.001776
307 3070.000000 4.806595 -69.903498 -65.096904 7905.221850 -65.096904 0.001761
308 3080.000000 4.842011 -69.930358 -65.088348 7963.469016 -65.088348 0.001752
309 3090.000000 4.920384 -69.957622 -65.037238 8092.366384 -65.037238 0.001746
310 3100.000000 4.897489 -69.984817 -65.087328 8054.712783 -65.087328 0.001742
311 3110.000000 4.903925 -70.001392 -65.097467 8065.297538 -65.097467 0.001751
312 3120.000000 4.873173 -70.005858 -65.132685 8014.721033 -65.132685 0.001771
313 3130.000000 5.049450 -70.003816 -64.954367 8304.636186 -64.954367 0.001800
314 3140.000000 4.896209 -69.997777 -65.101568 8052.606474 -65.101568 0.001826
315 3150.000000 4.811533 -69.993457 -65.181924 7913.343468 -65.181924 0.001847
316 3160.000000 4.849351 -69.988826 -65.139475 7975.541216 -65.139475 0.001869
317 3170.000000 4.919193 -69.965227 -65.046034 8090.407309 -65.046034 0.001897
318 3180.000000 4.932022 -69.916137 -64.984115 8111.506811 -64.984115 0.001925
319 3190.000000 4.966766 -69.820262 -64.853496 8168.649508 -64.853496 0.001961
320 3200.000000 4.928310 -69.734444 -64.806134 8105.401342 -64.806134 0.001987
321 3210.000000 4.917752 -69.746917 -64.829165 8088.038229 -64.829165 0.001987
322 3220.000000 5.014923 -69.799395 -64.784472 8247.850908 -64.784472 0.001970
323 3230.000000 4.936806 -69.870741 -64.933935 8119.374607 -64.933935 0.001946
324 3240.000000 4.888252 -69.923416 -65.035165 8039.519695 -65.035165 0.001922
325 3250.000000 4.861104 -69.947466 -65.086362 7994.870358 -65.086362 0.001904
326 3260.000000 4.663594 -69.961064 -65.297470 7670.034699 -65.297470 0.001888
327 3270.000000 4.658437 -69.983980 -65.325542 7661.552791 -65.325542 0.001873
328 3280.000000 4.913269 -70.009475 -65.096206 8080.664978 -65.096206 0.001857
329 3290.000000 4.958943 -70.027948 -65.069005 8155.783136 -65.069005 0.001848
330 3300.000000 5.034058 -70.034603 -65.000545 8279.321343 -65.000545 0.001841
331 3310.000000 4.900766 -70.016985 -65.116219 8060.101388 -65.116219 0.001844
332 3320.000000 4.798530 -69.975178 -65.176648 7891.958476 -65.176648 0.001861
333 3330.000000 4.834003 -69.924175 -65.090172 7950.299427 -65.090172 0.001885
334 3340.000000 4.783853 -69.870633 -65.086780 7867.819067 -65.086780 0.001911
335 3350.000000 4.770457 -69.825984 -65.055527 7845.786602 -65.055527 0.001929
336 3360.000000 4.692706 -69.810846 -65.118140 7717.913497 -65.118140 0.001941
337 3370.000000 4.708216 -69.833744 -65.125529 7743.421450 -65.125529 0.001940
338 3380.000000 4.793326 -69.860980 -65.067654 7883.399780 -65.067654 0.001935
339 3390.000000 4.992799 -69.897218 -64.904418 8211.465084 -64.904418 0.001928
340 3400.000000 5.178421 -69.925718 -64.747297 8516.749281 -64.747297 0.001915
341 3410.000000 5.083630 -69.950699 -64.867069 8360.851054 -64.867069 0.001901
342 3420.000000 4.949307 -69.969036 -65.019729 8139.934484 -65.019729 0.001890
343 3430.000000 4.801944 -69.976316 -65.174373 7897.572663 -65.174373 0.001894
344 3440.000000 4.612651 -69.978417 -65.365767 7586.249732 -65.365767 0.001907
345 3450.000000 4.539131 -69.975703 -65.436572 7465.334426 -65.436572 0.001927
346 3460.000000 4.581107 -69.959237 -65.378130 7534.370881 -65.378130 0.001949
347 3470.000000 4.723741 -69.941823 -65.218082 7768.955862 -65.218082 0.001979
348 3480.000000 4.882375 -69.919780 -65.037405 8029.854358 -65.037405 0.002016
349 3490.000000 4.768616 -69.895834 -65.127218 7842.759212 -65.127218 0.002053
350 3500.000000 4.923469 -69.883948 -64.960479 8097.441081 -64.960479 0.002086
351 3510.000000 4.998410 -69.907297 -64.908887 8220.693482 -64.908887 0.002103
352 3520.000000 4.852868 -69.943654 -65.090786 7981.325339 -65.090786 0.002114
353 3530.000000 4.891271 -69.984315 -65.093044 8044.485746 -65.093044 0.002124
354 3540.000000 4.977325 -70.025993 -65.048668 8186.015668 -65.048668 0.002128
355 3550.000000 4.885671 -70.054643 -65.168972 8035.275299 -65.168972 0.002138
356 3560.000000 5.145263 -70.081689 -64.936426 8462.216261 -64.936426 0.002153
357 3570.000000 5.345875 -70.102964 -64.757089 8792.155155 -64.757089 0.002171
358 3580.000000 5.281989 -70.114971 -64.832982 8687.084960 -64.832982 0.002194
359 3590.000000 5.308654 -70.113895 -64.805241 8730.939676 -64.805241 0.002220
360 3600.000000 5.407326 -70.098699 -64.691373 8893.220841 -64.691373 0.002245
361 3610.000000 5.362486 -70.085611 -64.723126 8819.474444 -64.723126 0.002265
362 3620.000000 5.487729 -70.072272 -64.584543 9025.457112 -64.584543 0.002274
363 3630.000000 5.383221 -70.059556 -64.676335 8853.576854 -64.676335 0.002278
364 3640.000000 5.491218 -70.057009 -64.565792 9031.194949 -64.565792 0.002264
365 3650.000000 5.489827 -70.062186 -64.572359 9028.907819 -64.572359 0.002239
366 3660.000000 5.577436 -70.081722 -64.504286 9172.995133 -64.504286 0.002210
367 3670.000000 5.448584 -70.124223 -64.675639 8961.077537 -64.675639 0.002178
368 3680.000000 5.308230 -70.155864 -64.847634 8730.242495 -64.847634 0.002160
369 3690.000000 5.335397 -70.168148 -64.832751 8774.921802 -64.832751 0.002151
370 3700.000000 5.136808 -70.176600 -65.039792 8448.310997 -65.039792 0.002140
371 3710.000000 5.215205 -70.181029 -64.965824 8577.247570 -64.965824 0.002132
372 3720.000000 5.318467 -70.183429 -64.864961 8747.078787 -64.864961 0.002124
373 3730.000000 5.229810 -70.193089 -64.963279 8601.268151 -64.963279 0.002115
374 3740.000000 5.139252 -70.206424 -65.067172 8452.330245 -65.067172 0.002102
375 3750.000000 5.286118 -70.220637 -64.934519 8693.875138 -64.934519 0.002102
376 3760.000000 5.378664 -70.232273 -64.853609 8846.081893 -64.853609 0.002106
377 3770.000000 5.174028 -70.243248 -65.069220 8509.525567 -65.069220 0.002113
378 3780.000000 5.084275 -70.242035 -65.157759 8361.912586 -65.157759 0.002124
379 3790.000000 4.907619 -70.223202 -65.315583 8071.372757 -65.315583 0.002136
380 3800.000000 5.143810 -70.172148 -65.028338 8459.827237 -65.028338 0.002150
381 3810.000000 5.060796 -70.114914 -65.054118 8323.297277 -65.054118 0.002161
382 3820.000000 5.024973 -70.053907 -65.028933 8264.380835 -65.028933 0.002167
383 3830.000000 4.946468 -70.014554 -65.068086 8135.265919 -65.068086 0.002160
384 3840.000000 5.027870 -69.991616 -64.963746 8269.145468 -64.963746 0.002137
385 3850.000000 5.163388 -69.973819 -64.810431 8492.026277 -64.810431 0.002109
386 3860.000000 5.260019 -69.954545 -64.694526 8650.950963 -64.694526 0.002078
387 3870.000000 5.268995 -69.942417 -64.673422 8665.713505 -64.673422 0.002043
388 3880.000000 5.365314 -69.957430 -64.592116 8824.125853 -64.592116 0.002002
389 3890.000000 5.409266 -69.984947 -64.575682 8896.411289 -64.575682 0.001969
390 3900.000000 5.519328 -70.012521 -64.493193 9077.426044 -64.493193 0.001942
391 3910.000000 5.818813 -70.042505 -64.223693 9569.977464 -64.223693 0.001920
392 3920.000000 5.891105 -70.063248 -64.172143 9688.873406 -64.172143 0.001910
393 3930.000000 5.995546 -70.082190 -64.086644 9860.643583 -64.086644 0.001907
394 3940.000000 5.824769 -70.100315 -64.275546 9579.774266 -64.275546 0.001922
395 3950.000000 5.902621 -70.093608 -64.190987 9707.813793 -64.190987 0.001946
396 3960.000000 5.975560 -70.053590 -64.078029 9827.774468 -64.078029 0.001979
397 3970.000000 6.015303 -69.966292 -63.950989 9893.137077 -63.950989 0.002024
398 3980.000000 5.750215 -69.879318 -64.129103 9457.157876 -64.129103 0.002059
399 3990.000000 5.648056 -69.860521 -64.212465 9289.140480 -64.212465 0.002075
400 4000.000000 5.716475 -69.919408 -64.202933 9401.666579 -64.202933 0.002070
401 4010.000000 5.809903 -70.009682 -64.199779 9555.323762 -64.199779 0.002045
402 4020.000000 5.799860 -70.071979 -64.272119 9538.806608 -64.272119 0.002021
403 4030.000000 5.457064 -70.107032 -64.649969 8975.022926 -64.649969 0.001996
404 4040.000000 5.367630 -70.112851 -64.745221 8827.934709 -64.745221 0.001977
405 4050.000000 5.152041 -70.091520 -64.939479 8473.363411 -64.939479 0.001963
406 4060.000000 5.081225 -70.046063 -64.964838 8356.896058 -64.964838 0.001956
407 4070.000000 4.878799 -70.000144 -65.121345 8023.973580 -65.121345 0.001946
408 4080.000000 4.816258 -69.947331 -65.131072 7921.114911 -65.131072 0.001945
409 4090.000000 4.906060 -69.897227 -64.991167 8068.809246 -64.991167 0.001941
410 4100.000000 5.040379 -69.868656 -64.828276 8289.718454 -64.828276 0.001928
411 4110.000000 5.346476 -69.839277 -64.492801 8793.144139 -64.492801 0.001911
412 4120.000000 5.325478 -69.823901 -64.498423 8758.608808 -64.498423 0.001882
413 4130.000000 5.291836 -69.829450 -64.537614 8703.279026 -64.537614 0.001840
414 4140.000000 5.375365 -69.848382 -64.473017 8840.655602 -64.473017 0.001798
415 4150.000000 5.456373 -69.864125 -64.407751 8973.887704 -64.407751 0.001754
416 4160.000000 5.408558 -69.865508 -64.456950 8895.247989 -64.456950 0.001715
417 4170.000000 5.525570 -69.857484 -64.331914 9087.693376 -64.331914 0.001684
418 4180.000000 5.387198 -69.848238 -64.461040 8860.117892 -64.461040 0.001665
419 4190.000000 5.443243 -69.837767 -64.394523 8952.293463 -64.394523 0.001655
420 4200.000000 5.498976 -69.844488 -64.345512 9043.954181 -64.345512 0.001654
421 4210.000000 5.797778 -69.867355 -64.069578 9535.382049 -64.069578 0.001656
422 4220.000000 5.806189 -69.904202 -64.098013 9549.215544 -64.098013 0.001656
423 4230.000000 5.622661 -69.936427 -64.313766 9247.375082 -64.313766 0.001665
424 4240.000000 5.622493 -69.964815 -64.342322 9247.098032 -64.342322 0.001679
425 4250.000000 5.586030 -69.986540 -64.400510 9187.129659 -64.400510 0.001698
426 4260.000000 5.386178 -69.995364 -64.609186 8858.440450 -64.609186 0.001723
427 4270.000000 5.448634 -69.989912 -64.541278 8961.159530 -64.541278 0.001748
428 4280.000000 5.478890 -69.977745 -64.498855 9010.919484 -64.498855 0.001778
429 4290.000000 5.303818 -69.958720 -64.654902 8722.985657 -64.654902 0.001809
430 4300.000000 5.445489 -69.965851 -64.520362 8955.986820 -64.520362 0.001834
431 4310.000000 5.470775 -69.997150 -64.526376 8997.572819 -64.526376 0.001848
432 4320.000000 5.381628 -70.037299 -64.655672 8850.956061 -64.655672 0.001856
433 4330.000000 5.357808 -70.061543 -64.703736 8811.780379 -64.703736 0.001862
434 4340.000000 5.400196 -70.053128 -64.652931 8881.495596 -64.652931 0.001879
435 4350.000000 5.452105 -70.036388 -64.584283 8966.867805 -64.584283 0.001892
436 4360.000000 5.296819 -70.021046 -64.724226 8711.475467 -64.724226 0.001902
437 4370.000000 5.296846 -70.004681 -64.707835 8711.519343 -64.707835 0.001913
438 4380.000000 5.181805 -69.993832 -64.812027 8522.315098 -64.812027 0.001915
439 4390.000000 4.903802 -69.968739 -65.064937 8065.094657 -65.064937 0.001920
440 4400.000000 4.940280 -69.935343 -64.995063 8125.089324 -64.995063 0.001931
441 4410.000000 4.924352 -69.897689 -64.973337 8098.893013 -64.973337 0.001939
442 4420.000000 4.754633 -69.854547 -65.099914 7819.762328 -65.099914 0.001947
443 4430.000000 4.747720 -69.819074 -65.071354 7808.392207 -65.071354 0.001955
444 4440.000000 4.693171 -69.784052 -65.090881 7718.677735 -65.090881 0.001963
445 4450.000000 4.794418 -69.760623 -64.966204 7885.195784 -64.966204 0.001971
446 4460.000000 4.772339 -69.759080 -64.986741 7848.882392 -64.986741 0.001967
447 4470.000000 4.750083 -69.777207 -65.027124 7812.279731 -65.027124 0.001955
448 4480.000000 4.872111 -69.814031 -64.941920 8012.973699 -64.941920 0.001932
449 4490.000000 4.800366 -69.845511 -65.045144 7894.978109 -65.045144 0.001910
450 4500.000000 4.913605 -69.872716 -64.959111 8081.216883 -64.959111 0.001888
451 4510.000000 5.049328 -69.899717 -64.850390 8304.435649 -64.850390 0.001864
452 4520.000000 5.148038 -69.919907 -64.771868 8466.780971 -64.771868 0.001836
453 4530.000000 5.132576 -69.947438 -64.814863 8441.349776 -64.814863 0.001808
454 4540.000000 5.066026 -69.965639 -64.899613 8331.898202 -64.899613 0.001783
455 4550.000000 5.067307 -69.979529 -64.912222 8334.005198 -64.912222 0.001762
456 4560.000000 5.146904 -69.989602 -64.842698 8464.915298 -64.842698 0.001748
457 4570.000000 5.123999 -69.993841 -64.869842 8427.243769 -64.869842 0.001737
458 4580.000000 5.121097 -70.001600 -64.880503 8422.471561 -64.880503 0.001736
459 4590.000000 5.247486 -70.022176 -64.774690 8630.339216 -64.774690 0.001733
460 4600.000000 5.118659 -70.049186 -64.930527 8418.461688 -64.930527 0.001727
461 4610.000000 4.924606 -70.088748 -65.164143 8099.309697 -65.164143 0.001721
462 4620.000000 4.898990 -70.133021 -65.234030 8057.181295 -65.234030 0.001724
463 4630.000000 4.916355 -70.165376 -65.249021 8085.740223 -65.249021 0.001733
464 4640.000000 5.119887 -70.188823 -65.068936 8420.480766 -65.068936 0.001754
465 4650.000000 5.274690 -70.203451 -64.928762 8675.079558 -64.928762 0.001779
466 4660.000000 5.262175 -70.218578 -64.956402 8654.497597 -64.956402 0.001799
467 4670.000000 5.246976 -70.252100 -65.005125 8629.499155 -65.005125 0.001809
468 4680.000000 5.317343 -70.282401 -64.965058 8745.229929 -64.965058 0.001821
469 4690.000000 5.339217 -70.308571 -64.969354 8781.204290 -64.969354 0.001824
470 4700.000000 5.245772 -70.322088 -65.076315 8627.520435 -65.076315 0.001826
471 4710.000000 5.086397 -70.329496 -65.243100 8365.401182 -65.243100 0.001824
472 4720.000000 4.938903 -70.334397 -65.395494 8122.824506 -65.395494 0.001824
473 4730.000000 5.121930 -70.335042 -65.213112 8423.841470 -65.213112 0.001816
474 4740.000000 5.007716 -70.327466 -65.319749 8235.998854 -65.319749 0.001811
475 4750.000000 4.956195 -70.320039 -65.363844 8151.263527 -65.363844 0.001815
476 4760.000000 4.824737 -70.323216 -65.498479 7935.060423 -65.498479 0.001819
477 4770.000000 4.738916 -70.339358 -65.600442 7793.913616 -65.600442 0.001826
478 4780.000000 4.585358 -70.363452 -65.778094 7541.362124 -65.778094 0.001830
479 4790.000000 4.759708 -70.384288 -65.624580 7828.109371 -65.624580 0.001841
480 4800.000000 4.787895 -70.401034 -65.613139 7874.466826 -65.613139 0.001851
481 4810.000000 4.885340 -70.408226 -65.522886 8034.731578 -65.522886 0.001856
482 4820.000000 4.840820 -70.399087 -65.558267 7961.510925 -65.558267 0.001874
483 4830.000000 4.757458 -70.372618 -65.615160 7824.408598 -65.615160 0.001898
484 4840.000000 4.471383 -70.326035 -65.854651 7353.912457 -65.854651 0.001932
485 4850.000000 4.563270 -70.278323 -65.715053 7505.034714 -65.715053 0.001968
486 4860.000000 4.449318 -70.235574 -65.786256 7317.622635 -65.786256 0.001997
487 4870.000000 4.566029 -70.196037 -65.630008 7509.572326 -65.630008 0.002021
488 4880.000000 4.822290 -70.202733 -65.380443 7931.035224 -65.380443 0.002024
489 4890.000000 4.823843 -70.242648 -65.418805 7933.588748 -65.418805 0.002020
490 4900.000000 4.932931 -70.290543 -65.357612 8113.002165 -65.357612 0.002007
491 4910.000000 4.835102 -70.373601 -65.538500 7952.105785 -65.538500 0.001980
492 4920.000000 4.772616 -70.434592 -65.661976 7849.338323 -65.661976 0.001964
493 4930.000000 4.801115 -70.470163 -65.669048 7896.208810 -65.669048 0.001951
494 4940.000000 4.769341 -70.470039 -65.700699 7843.951296 -65.700699 0.001945
495 4950.000000 4.761450 -70.449546 -65.688097 7830.973212 -65.688097 0.001945
496 4960.000000 4.721124 -70.420832 -65.699708 7764.651122 -65.699708 0.001940
497 4970.000000 4.593192 -70.399583 -65.806391 7554.246547 -65.806391 0.001933
498 4980.000000 4.816718 -70.380347 -65.563629 7921.870503 -65.563629 0.001925
499 4990.000000 4.637056 -70.377747 -65.740691 7626.387460 -65.740691 0.001912
500 5000.000000 4.653220 -70.385091 -65.731872 7652.971502 -65.731872 0.001896
501 5010.000000 4.565276 -70.376842 -65.811565 7508.334374 -65.811565 0.001885
502 5020.000000 4.515468 -70.363094 -65.847626 7426.417113 -65.847626 0.001875
503 5030.000000 4.396281 -70.335912 -65.939631 7230.393792 -65.939631 0.001873
504 5040.000000 4.207554 -70.296691 -66.089136 6920.003046 -66.089136 0.001874
505 5050.000000 4.139829 -70.244210 -66.104381 6808.617308 -66.104381 0.001876
506 5060.000000 3.994905 -70.191396 -66.196492 6570.266604 -66.196492 0.001882
507 5070.000000 4.043600 -70.145784 -66.102184 6650.353680 -66.102184 0.001887
508 5080.000000 4.106193 -70.120536 -66.014343 6753.298030 -66.014343 0.001892
509 5090.000000 4.306600 -70.151126 -65.844525 7082.900011 -65.844525 0.001888
510 5100.000000 4.268955 -70.207871 -65.938916 7020.986046 -65.938916 0.001878
511 5110.000000 4.335918 -70.268012 -65.932094 7131.117820 -65.932094 0.001868
512 5120.000000 4.165178 -70.317361 -66.152182 6850.308676 -66.152182 0.001857
513 5130.000000 4.297109 -70.355316 -66.058207 7067.290527 -66.058207 0.001850
514 5140.000000 4.374397 -70.382622 -66.008225 7194.403094 -66.008225 0.001850
515 5150.000000 4.438034 -70.390284 -65.952250 7299.063639 -65.952250 0.001853
516 5160.000000 4.292493 -70.381477 -66.088984 7059.698527 -66.088984 0.001852
517 5170.000000 4.315904 -70.384739 -66.068835 7098.200858 -66.068835 0.001850
518 5180.000000 4.371759 -70.401399 -66.029640 7190.064909 -66.029640 0.001857
519 5190.000000 4.466546 -70.463486 -65.996940 7345.956691 -65.996940 0.001858
520 5200.000000 4.574858 -70.538677 -65.963819 7524.092520 -65.963819 0.001859
521 5210.000000 4.593857 -70.593938 -66.000081 7555.339821 -66.000081 0.001867
522 5220.000000 4.811597 -70.614915 -65.803318 7913.448947 -65.803318 0.001882
523 5230.000000 4.522095 -70.596853 -66.074758 7437.315787 -66.074758 0.001902
524 5240.000000 4.381354 -70.559168 -66.177814 7205.845045 -66.177814 0.001928
525 5250.000000 4.233085 -70.558741 -66.325656 6961.991559 -66.325656 0.001946
526 5260.000000 4.223105 -70.605719 -66.382613 6945.579315 -66.382613 0.001943
527 5270.000000 4.429232 -70.668704 -66.239472 7284.588188 -66.239472 0.001932
528 5280.000000 4.673935 -70.712881 -66.038946 7687.041219 -66.038946 0.001925
529 5290.000000 4.442167 -70.730655 -66.288488 7305.861225 -66.288488 0.001917
530 5300.000000 4.452505 -70.720020 -66.267514 7322.864596 -66.267514 0.001910
531 5310.000000 4.469018 -70.699323 -66.230304 7350.022758 -66.230304 0.001900
532 5320.000000 4.743940 -70.682327 -65.938387 7802.176659 -65.938387 0.001888
533 5330.000000 4.757352 -70.665448 -65.908096 7824.233376 -65.908096 0.001868
534 5340.000000 4.650198 -70.644155 -65.993956 7648.002607 -65.993956 0.001845
535 5350.000000 4.535867 -70.628460 -66.092593 7459.965888 -66.092593 0.001825
536 5360.000000 4.454296 -70.620853 -66.166557 7325.809699 -66.166557 0.001813
537 5370.000000 4.590843 -70.628287 -66.037444 7550.383124 -66.037444 0.001808
538 5380.000000 4.578343 -70.643134 -66.064791 7529.825308 -66.064791 0.001814
539 5390.000000 4.596926 -70.643677 -66.046751 7560.387974 -66.046751 0.001829
540 5400.000000 4.529844 -70.624069 -66.094224 7450.061092 -66.094224 0.001852
541 5410.000000 4.430608 -70.591614 -66.161007 7286.850304 -66.161007 0.001884
542 5420.000000 4.453077 -70.545907 -66.092830 7323.804355 -66.092830 0.001921
543 5430.000000 4.532327 -70.480158 -65.947831 7454.144937 -65.947831 0.001965
544 5440.000000 4.321659 -70.414162 -66.092503 7107.666361 -66.092503 0.002008
545 5450.000000 4.410785 -70.363522 -65.952736 7254.249008 -65.952736 0.002042
546 5460.000000 4.514007 -70.325928 -65.811921 7424.013280 -65.811921 0.002069
547 5470.000000 4.703956 -70.286698 -65.582742 7736.415668 -65.582742 0.002098
548 5480.000000 4.630020 -70.267544 -65.637524 7614.816127 -65.637524 0.002113
549 5490.000000 4.727440 -70.285357 -65.557917 7775.038885 -65.557917 0.002112
550 5500.000000 4.945204 -70.312035 -65.366831 8133.186508 -65.366831 0.002099
551 5510.000000 4.898798 -70.318592 -65.419793 8056.865597 -65.419793 0.002074
552 5520.000000 4.884382 -70.300623 -65.416241 8033.154855 -65.416241 0.002046
553 5530.000000 4.816707 -70.257161 -65.440454 7921.853006 -65.440454 0.002020
554 5540.000000 4.933809 -70.204635 -65.270826 8114.445855 -65.270826 0.002005
555 5550.000000 4.912783 -70.146973 -65.234190 8079.865618 -65.234190 0.001992
556 5560.000000 4.966906 -70.094115 -65.127210 8168.879137 -65.127210 0.001984
557 5570.000000 4.800314 -70.044971 -65.244657 7894.892429 -65.244657 0.001984
558 5580.000000 4.874036 -70.026429 -65.152393 8016.140133 -65.152393 0.001978
559 5590.000000 4.744938 -70.025142 -65.280203 7803.817515 -65.280203 0.001976
560 5600.000000 4.690600 -70.026508 -65.335908 7714.449287 -65.335908 0.001971
561 5610.000000 4.500817 -70.017979 -65.517162 7402.320487 -65.517162 0.001972
562 5620.000000 4.392514 -70.037301 -65.644787 7224.199564 -65.644787 0.001960
563 5630.000000 4.454659 -70.082184 -65.627525 7326.407136 -65.627525 0.001936
564 5640.000000 4.624037 -70.133863 -65.509826 7604.976246 -65.509826 0.001921
565 5650.000000 4.711061 -70.197381 -65.486320 7748.101438 -65.486320 0.001909
566 5660.000000 4.798281 -70.236391 -65.438111 7891.547657 -65.438111 0.001906
567 5670.000000 4.883821 -70.253307 -65.369486 8032.232443 -65.369486 0.001914
568 5680.000000 4.977397 -70.262289 -65.284891 8186.134090 -65.284891 0.001924
569 5690.000000 5.102597 -70.241548 -65.138951 8392.045586 -65.138951 0.001943
570 5700.000000 5.043947 -70.209134 -65.165188 8295.585286 -65.165188 0.001971
571 5710.000000 5.143885 -70.161940 -65.018055 8459.950432 -65.018055 0.001996
572 5720.000000 5.171013 -70.111003 -64.939990 8504.566160 -64.939990 0.002018
573 5730.000000 5.008424 -70.077297 -65.068874 8237.161852 -65.068874 0.002029
574 5740.000000 5.176254 -70.060855 -64.884601 8513.186038 -64.884601 0.002023
575 5750.000000 5.007529 -70.057726 -65.050197 8235.690388 -65.050197 0.002003
576 5760.000000 4.955956 -70.047664 -65.091708 8150.870614 -65.091708 0.001984
577 5770.000000 5.183965 -70.026590 -64.842625 8525.868784 -64.842625 0.001959
578 5780.000000 5.104451 -70.006981 -64.902530 8395.095242 -64.902530 0.001935
579 5790.000000 5.047382 -70.008021 -64.960640 8301.235135 -64.960640 0.001904
580 5800.000000 5.117099 -70.030423 -64.913324 8415.896259 -64.913324 0.001875
581 5810.000000 5.208843 -70.045699 -64.836856 8566.784283 -64.836856 0.001851
582 5820.000000 5.115778 -70.043261 -64.927483 8413.723374 -64.927483 0.001837
583 5830.000000 5.228465 -70.036749 -64.808284 8599.055713 -64.808284 0.001827
584 5840.000000 5.392605 -70.012879 -64.620274 8869.010388 -64.620274 0.001822
585 5850.000000 5.490542 -69.997341 -64.506799 9030.083655 -64.506799 0.001814
586 5860.000000 5.376924 -69.974916 -64.597992 8843.220060 -64.597992 0.001811
587 5870.000000 5.421852 -69.929349 -64.507496 8917.112132 -64.507496 0.001808
588 5880.000000 5.148155 -69.869312 -64.721157 8466.972741 -64.721157 0.001802
589 5890.000000 5.062691 -69.807549 -64.744858 8326.413452 -64.744858 0.001800
590 5900.000000 4.892799 -69.727913 -64.835115 8046.998099 -64.835115 0.001806
591 5910.000000 4.796700 -69.659261 -64.862561 7888.948387 -64.862561 0.001811
592 5920.000000 4.532311 -69.635426 -65.103115 7454.117575 -65.103115 0.001801
593 5930.000000 4.468989 -69.633744 -65.164755 7349.974579 -65.164755 0.001790
594 5940.000000 4.450313 -69.646917 -65.196604 7319.259083 -65.196604 0.001775
595 5950.000000 4.263409 -69.651673 -65.388264 7011.864905 -65.388264 0.001771
596 5960.000000 4.193314 -69.652459 -65.459145 6896.582443 -65.459145 0.001769
597 5970.000000 3.998430 -69.655536 -65.657106 6576.063724 -65.657106 0.001770
598 5980.000000 4.065797 -69.658397 -65.592600 6686.859653 -65.592600 0.001775
599 5990.000000 4.032223 -69.667953 -65.635729 6631.643079 -65.635729 0.001779
600 6000.000000 4.020411 -69.684269 -65.663858 6612.215063 -65.663858 0.001785
601 6010.000000 4.184260 -69.711120 -65.526860 6881.691932 -65.526860 0.001786
602 6020.000000 4.411339 -69.757599 -65.346260 7255.159799 -65.346260 0.001784
603 6030.000000 4.349466 -69.823926 -65.474461 7153.399202 -65.474461 0.001785
604 6040.000000 4.653746 -69.900168 -65.246423 7653.836701 -65.246423 0.001789
605 6050.000000 4.867117 -69.971775 -65.104658 8004.760298 -65.104658 0.001807
606 6060.000000 5.048486 -70.015450 -64.966965 8303.050819 -64.966965 0.001835
607 6070.000000 4.998439 -70.028413 -65.029974 8220.741194 -65.029974 0.001878
608 6080.000000 4.921355 -70.024908 -65.103553 8093.963825 -65.103553 0.001934
609 6090.000000 4.789807 -70.011622 -65.221815 7877.611629 -65.221815 0.001986
610 6100.000000 4.792550 -69.987641 -65.195091 7882.123153 -65.195091 0.002041
611 6110.000000 4.674830 -69.974820 -65.299990 7688.513743 -65.299990 0.002080
612 6120.000000 4.727204 -69.993815 -65.266611 7774.651260 -65.266611 0.002096
613 6130.000000 4.810455 -70.053538 -65.243083 7911.570064 -65.243083 0.002091
614 6140.000000 4.896234 -70.125348 -65.229114 8052.647643 -65.229114 0.002083
615 6150.000000 5.014477 -70.199479 -65.185002 8247.117433 -65.185002 0.002067
616 6160.000000 4.913679 -70.284138 -65.370459 8081.339890 -65.370459 0.002050
617 6170.000000 5.011422 -70.346793 -65.335371 8242.092545 -65.335371 0.002039
618 6180.000000 5.193281 -70.389046 -65.195765 8541.189877 -65.195765 0.002036
619 6190.000000 5.160952 -70.417823 -65.256871 8488.019535 -65.256871 0.002045
620 6200.000000 5.198186 -70.437440 -65.239254 8549.256502 -65.239254 0.002058
621 6210.000000 5.201394 -70.457405 -65.256011 8554.532375 -65.256011 0.002072
622 6220.000000 5.435627 -70.474855 -65.039228 8939.767664 -65.039228 0.002081
623 6230.000000 5.488727 -70.489571 -65.000844 9027.097977 -65.000844 0.002076
624 6240.000000 5.454164 -70.491548 -65.037384 8970.253650 -65.037384 0.002069
625 6250.000000 5.275302 -70.488765 -65.213463 8676.086140 -65.213463 0.002060
626 6260.000000 5.066968 -70.491613 -65.424644 8333.448108 -65.424644 0.002041
627 6270.000000 5.106119 -70.479989 -65.373870 8397.837974 -65.373870 0.002026
628 6280.000000 5.057795 -70.459989 -65.402195 8318.361015 -65.402195 0.002012
629 6290.000000 4.963526 -70.435427 -65.471901 8163.320029 -65.471901 0.002008
630 6300.000000 4.748024 -70.414493 -65.666469 7808.892311 -65.666469 0.001999
631 6310.000000 4.937952 -70.390302 -65.452350 8121.260140 -65.452350 0.001988
632 6320.000000 4.838237 -70.358784 -65.520547 7957.262307 -65.520547 0.001978
633 6330.000000 4.737068 -70.321181 -65.584113 7790.874132 -65.584113 0.001972
634 6340.000000 4.709739 -70.275370 -65.565630 7745.927362 -65.565630 0.001963
635 6350.000000 4.953600 -70.240427 -65.286827 8146.995321 -65.286827 0.001957
636 6360.000000 4.831059 -70.216855 -65.385797 7945.456421 -65.385797 0.001945
637 6370.000000 4.898140 -70.214191 -65.316051 8055.782090 -65.316051 0.001931
638 6380.000000 4.908750 -70.225716 -65.316966 8073.232850 -65.316966 0.001910
639 6390.000000 4.995304 -70.240745 -65.245440 8215.585294 -65.245440 0.001896
640 6400.000000 5.038503 -70.245928 -65.207425 8286.632521 -65.207425 0.001888
641 6410.000000 4.843887 -70.246195 -65.402308 7966.554221 -65.402308 0.001879
642 6420.000000 4.883526 -70.227688 -65.344163 8031.746909 -65.344163 0.001874
643 6430.000000 4.915500 -70.192217 -65.276716 8084.334832 -65.276716 0.001878
644 6440.000000 4.798151 -70.144809 -65.346658 7891.334740 -65.346658 0.001886
645 6450.000000 4.689349 -70.102748 -65.413399 7712.392005 -65.413399 0.001895
646 6460.000000 4.706114 -70.063341 -65.357227 7739.965439 -65.357227 0.001906
647 6470.000000 4.621665 -70.034784 -65.413119 7601.074973 -65.413119 0.001910
648 6480.000000 4.616350 -70.015763 -65.399413 7592.333626 -65.399413 0.001909
649 6490.000000 4.825216 -70.008578 -65.183362 7935.847437 -65.183362 0.001905
650 6500.000000 4.641794 -69.999247 -65.357454 7634.179779 -65.357454 0.001903
651 6510.000000 4.349373 -69.979254 -65.629881 7153.246273 -65.629881 0.001913
652 6520.000000 4.187035 -69.965906 -65.778871 6886.255803 -65.778871 0.001919
653 6530.000000 4.266106 -69.943553 -65.677446 7016.301423 -65.677446 0.001930
654 6540.000000 4.222341 -69.927713 -65.705372 6944.321583 -65.705372 0.001940
655 6550.000000 4.217895 -69.901019 -65.683123 6937.010550 -65.683123 0.001946
656 6560.000000 4.193825 -69.880426 -65.686600 6897.423199 -65.686600 0.001952
657 6570.000000 4.251151 -69.867503 -65.616352 6991.704726 -65.616352 0.001955
658 6580.000000 4.394172 -69.872695 -65.478523 7226.926067 -65.478523 0.001955
659 6590.000000 4.262076 -69.877984 -65.615908 7009.671935 -65.615908 0.001952
660 6600.000000 4.234353 -69.910389 -65.676036 6964.078045 -65.676036 0.001941
661 6610.000000 4.257046 -69.958155 -65.701109 7001.400380 -65.701109 0.001930
662 6620.000000 4.425901 -70.004286 -65.578386 7279.108598 -65.578386 0.001915
663 6630.000000 4.540778 -70.023865 -65.483087 7468.043113 -65.483087 0.001912
664 6640.000000 4.604261 -70.039144 -65.434883 7572.451299 -65.434883 0.001910
665 6650.000000 4.478904 -70.048179 -65.569275 7366.281530 -65.569275 0.001914
666 6660.000000 4.460712 -70.056822 -65.596110 7336.361728 -65.596110 0.001925
667 6670.000000 4.548471 -70.072894 -65.524424 7480.694844 -65.524424 0.001934
668 6680.000000 4.483047 -70.076752 -65.593705 7373.094522 -65.593705 0.001945
669 6690.000000 4.762466 -70.077935 -65.315468 7832.645398 -65.315468 0.001955
670 6700.000000 4.739509 -70.080917 -65.341408 7794.888362 -65.341408 0.001965
671 6710.000000 4.770981 -70.087175 -65.316193 7846.649666 -65.316193 0.001972
672 6720.000000 4.583428 -70.099230 -65.515802 7538.188598 -65.515802 0.001976
673 6730.000000 4.574416 -70.120570 -65.546154 7523.365749 -65.546154 0.001983
674 6740.000000 4.684310 -70.156459 -65.472149 7704.104968 -65.472149 0.001981
675 6750.000000 4.800923 -70.191381 -65.390458 7895.893366 -65.390458 0.001977
676 6760.000000 4.756411 -70.217191 -65.460780 7822.685684 -65.460780 0.001974
677 6770.000000 4.959094 -70.224245 -65.265152 8156.030761 -65.265152 0.001975
678 6780.000000 5.069689 -70.207190 -65.137500 8337.923419 -65.137500 0.001984
679 6790.000000 4.809630 -70.167583 -65.357954 7910.213213 -65.357954 0.002000
680 6800.000000 4.706337 -70.115530 -65.409193 7740.332210 -65.409193 0.002011
681 6810.000000 4.563458 -70.066981 -65.503523 7505.344748 -65.503523 0.002025
682 6820.000000 4.526961 -70.049218 -65.522257 7445.319263 -65.522257 0.002031
683 6830.000000 4.634952 -70.053821 -65.418869 7622.927405 -65.418869 0.002022
684 6840.000000 4.690268 -70.086586 -65.396318 7713.904217 -65.396318 0.002006
685 6850.000000 4.626045 -70.114471 -65.488427 7608.278162 -65.488427 0.001997
686 6860.000000 4.547376 -70.129837 -65.582460 7478.894876 -65.582460 0.001989
687 6870.000000 4.653457 -70.142242 -65.488786 7653.361448 -65.488786 0.001979
688 6880.000000 4.643820 -70.148245 -65.504426 7637.511698 -65.504426 0.001966
689 6890.000000 4.733758 -70.151382 -65.417624 7785.430055 -65.417624 0.001952
690 6900.000000 4.730842 -70.149990 -65.419148 7780.634784 -65.419148 0.001934
691 6910.000000 4.765332 -70.142314 -65.376982 7837.358157 -65.376982 0.001913
692 6920.000000 5.040132 -70.134709 -65.094578 8289.310739 -65.094578 0.001893
693 6930.000000 5.030374 -70.127824 -65.097451 8273.262334 -65.097451 0.001877
694 6940.000000 5.015766 -70.114607 -65.098841 8249.237483 -65.098841 0.001859
695 6950.000000 4.980129 -70.090249 -65.110120 8190.627618 -65.110120 0.001841
696 6960.000000 5.047923 -70.064141 -65.016218 8302.124882 -65.016218 0.001828
697 6970.000000 4.971854 -70.034379 -65.062524 8177.018068 -65.062524 0.001823
698 6980.000000 4.983375 -69.999720 -65.016344 8195.965894 -65.016344 0.001816
699 6990.000000 4.798015 -69.971125 -65.173111 7891.110152 -65.173111 0.001806
700 7000.000000 4.738771 -69.962215 -65.223443 7793.675206 -65.223443 0.001791
701 7010.000000 4.865036 -69.965652 -65.100616 8001.337854 -65.100616 0.001772
